0
1
2
3
4
5
6
7
8
9
10
11
12
13
14
15
16
17
18
19
20
21
22
23
24
25
26
27
28
29
30
31
32
33
34
35
36
37
38
39
40
41
42
43
44
45
46
47
48
49
50
51
52
53
54
55
56
57
58
59
60
61
62
63
64
65
66
67
68
69
70
71
72
73
74
75
76
77
78
79
80
81
82
83
84
85
86
87
88
89
90
91
92
93
94
95
96
97
98
99
0,5626860833034781	422,2646589577183	2559,7412107613422
0,3142095493464432	376,61114341775	2400,164583469853
0,2170759485576488	325,29972587754077	2209,681647246306
0,14522084793543055	284,4730800865844	2060,0798995456285
0,1176483254109565	240,31309280999093	1939,2983578194323
0,10314580425314356	205,00456311949688	1819,0054770086035
0,0888463222746046	170,5332100744801	1666,25524345064
0,06767574070334628	141,18576617081706	1501,7036391452107
0,05975956914698727	116,1371934170936	1367,437308555313
0,05537871995282601	97,0390471809687	1245,53740217474
0,051577222881359894	81,48398730999352	1141,8036764375652
0,047515936701659385	68,92490786749234	1029,933334059227
0,044017490490013494	58,86104246813042	937,4912152762244
0,041399007351222344	50,40808092500031	835,7153999368871
0,03821428067616408	42,85105806096501	759,0003706168304
0,0372607130582389	37,35047465297312	715,629123030454
0,0362987132201592	31,79945300458709	633,3596678649211
0,03487092550952081	27,62701251359491	576,4363680189072
0,030191314320350847	24,43633467352832	543,8048515371273
0,028396510508138326	21,711249423484094	507,86643402126634
0,027341499194868706	19,79606665365748	483,1456282440283
0,024678833985779434	17,571226204162336	442,68386766607057
0,023460838643520318	15,634670840766221	402,9748263752084
0,02209388216507377	14,205257221870541	383,095614676323
0,019916679987048276	13,07332812709691	363,9078785511028
0,018479278629704676	12,213624852775643	351,8167644427702
0,01691888563065371	11,312641552319457	330,8772760420324
0,016484076704070535	10,440784923686119	315,3370675708648
0,014216962070981474	9,817023182853566	304,1300635069903
0,013602633687292243	9,04476473487963	282,1034577960191
0,013039581902722213	8,49089266994564	271,4562716662672
0,012117697274832194	7,767549850792722	250,88564278279534
0,010438187933402026	7,385489735728742	241,12964400056572
0,010083169523224345	6,892802216451206	225,81417297288667
0,00956590576103579	6,437419957171174	210,03114817373174
0,00918576383475285	6,1019071035004435	200,44235889774387
0,008327524481138835	5,779690635587632	192,58479515109076
0,008017163299151782	5,523287726184383	186,83250383591346
0,007320017831151061	5,241037575792969	178,94947266670803
0,007135612270786482	5,002124004412479	173,3095847446254
0,005740284063957811	4,802072008461796	167,7815534925368
0,005608800289378871	4,566125196810189	159,15483964820453
0,005178026608916999	4,3961110800036565	153,4095331814556
0,004825768009113934	4,274857730251686	149,69237851458283
0,0044879490344389835	3,7718757569716423	127,75695798356281
0,00409586622652241	3,6427757091350905	124,46198238349797
0,003923276715994801	3,4682701261077016	117,87529014948926
0,0037064380322317085	3,347367089371513	113,56205719306203
0,003596597909929371	3,232875635350016	110,97853434863524
0,0034027514053528696	3,1223763649973164	107,68415026874177
0,0033330532930808633	2,9696982297015975	102,64832623555083
0,0033207672855467777	2,8719640554321106	99,71254742475219
0,0032145941781978223	2,7801709739770506	96,687848753071
0,002953735946644675	2,6771716922389492	92,30774758858247
0,002838726410956249	2,6139064429082945	90,21420153986635
0,002756293220900218	2,5511288229104854	87,79565215712955
0,002666095516337238	2,41260247461446	82,16549138424438
0,0026545174902354867	2,366617623204407	80,60172126416502
0,002520293684263501	2,3113868911887727	78,87133818115508
0,002468783181762233	2,262548022883154	77,55270588034846
0,002459506633189495	2,2232654312516082	76,5379156579211
0,0023862597443079924	2,1821421611214253	75,11068306393884
0,002357343808928343	2,1272668256189835	73,28933016738218
0,0022558163089552263	2,095766510036191	72,61488402168754
0,002210995907695226	2,04117622735699	70,41704160059123
0,002133708216422126	2,013628883795282	69,60953068185587
0,002018250590416733	1,9713965139042933	68,04039192170875
0,001933213735497896	1,9218636430506626	66,1447185545158
0,001822240932093078	1,8775553042686193	64,68376709849451
0,001794202592595619	1,8401778899359107	63,232480271954955
0,0017108711231958672	1,7837760506199793	60,7944906799609
0,0016459136751529632	1,7547913992830544	59,74285968917138
0,0016127731798636752	1,7240810818430157	58,466874769304965
0,0013719038153917618	1,7022081446895367	57,70447731659192
0,0012911106128108514	1,6780366445009849	56,8950826806986
0,0012839581613564674	1,6512019357134446	56,00550090858437
0,0012402298420888503	1,6178977056873272	54,842470067944795
0,001216739790885796	1,6009407176185315	54,23510500650293
0,0012152201911087956	1,576305992189622	53,18454943171823
0,0011993122397683017	1,5562834767221139	52,44689958610719
0,0011658445438644375	1,5297653263737612	51,34888148010009
0,001162722128031888	1,5181117081067725	51,10914407345987
0,0011564482054659535	1,5028131712667252	50,65274889533393
0,0011453250375881574	1,4886992768717935	50,24929168447968
0,0011110658779112255	1,4729747124982342	49,96980403802825
0,0011003288529868364	1,461688710656286	49,59265430948544
0,0010826009167397654	1,4487884696311495	49,27075280853989
0,0010742514391683068	1,4351966905506015	48,934930652432776
0,0010672120121787477	1,4227425145083883	48,61369427741333
0,001066562865009043	1,4092307411997111	48,176479068682674
0,0010304038225905775	1,3881337345312545	47,33559335868331
0,0010212966716823763	1,3709048236732786	46,69459511814047
0,001018978565633458	1,3575515787586017	46,26922461585551
9,680396002767081E-4	1,3308104292696499	45,170027141783606
9,635212182420879E-4	1,3194014737129676	44,87629697576297
9,571861007996458E-4	1,3110726656851133	44,77534902028385
9,562663425011937E-4	1,3011530178409185	44,56169072176467
9,562663425011937E-4	1,2927784846001027	44,29230679137292
9,545526555503144E-4	1,2827952763115755	43,96774084871266
9,541186095081855E-4	1,2669323780267319	43,360646051746514
9,505863844263006E-4	1,250140092631071	42,8395208244593
8,704906022762939E-4	1,2378227181597814	42,51327044563674
8,631560724036175E-4	1,226360975798387	42,228105093428006
8,63109191461349E-4	1,2140404033049847	41,813601206575164
8,616210263872862E-4	1,1893078311639103	40,758875976382726
8,598285600904889E-4	1,1767234864220621	40,26565520505255
8,518930577605392E-4	1,1690890260586315	40,049691385438976
8,449182128042856E-4	1,1591767788935696	39,72936993580026
8,446044842283667E-4	1,1545841111315065	39,677238234132076
8,104609221914833E-4	1,1413829707269736	39,187176926050505
7,843039771435492E-4	1,1357431313872286	39,07438210158639
7,834184904090756E-4	1,1224151177892596	38,64921559215664
7,828842267330495E-4	1,110906382917738	38,202959100703495
7,159862308088901E-4	1,09998257125247	37,805659867191615
7,159862308088901E-4	1,0931251463093847	37,64493472471939
7,133991284071836E-4	1,0869748567984845	37,54146715487435
7,105178760560812E-4	1,081583635980679	37,39522508416871
6,957622351938851E-4	1,0686093885496148	36,98196514564429
6,767415258041418E-4	1,059629240127267	36,709300705816275
6,699022589282547E-4	1,048871001340267	36,42928397823982
6,686461422135055E-4	1,0379889048600222	36,105807970575206
6,518660986273127E-4	1,0289575605914583	35,909994560498845
6,514604497339231E-4	1,0199697719577017	35,70835572348073
6,494419445911758E-4	1,0099506089595485	35,332837789678976
6,30185904165412E-4	1,0037521814864108	35,128869311860264
6,197589031479444E-4	0,9950783014914774	34,854348634037315
6,087109102083382E-4	0,9804137112893972	34,3023597414927
5,632142226546209E-4	0,9698224966589065	33,88451461844921
5,625543948093085E-4	0,9637702185087257	33,71742258658656
5,624329677580444E-4	0,9570182769613984	33,52314296924628
5,621903902748494E-4	0,9505878763940355	33,3667481355754
5,599839137695193E-4	0,9413772473993184	33,050611003304496
5,559098590969286E-4	0,9284208952999041	32,623786908081556
5,555813242081331E-4	0,9195581493839164	32,25665264747332
5,551746206447956E-4	0,9097857560656082	31,86632279862285
5,458744891061394E-4	0,8988277768467958	31,458016583045463
5,454036899719563E-4	0,8879075401448516	31,043151939036733
5,451045041150025E-4	0,8848546299261092	30,976560905423028
5,404181810866311E-4	0,8772732426837979	30,716674275465483
5,104886081893856E-4	0,8719687939752032	30,55020874772575
5,093055640639587E-4	0,8676773638153439	30,40042349530777
5,027276162128486E-4	0,8614726079326296	30,190002881691644
5,027276162128486E-4	0,8569241135553551	30,054396962120634
5,024901555410261E-4	0,8490861732612476	29,728097143941472
4,952895936874414E-4	0,8317962101166946	28,94625478810451
4,89497630688245E-4	0,8245203844042875	28,694476472761277
4,892104952043202E-4	0,8191479041353034	28,496780470440136
4,8623149161316554E-4	0,8157477876853502	28,418037407942297
4,8623149161316554E-4	0,8122282287981796	28,33613019439571
4,757304931888067E-4	0,8065493385725102	28,14044318984587
4,7466943753525303E-4	0,8009054028179644	27,972135849702248
4,743952924581438E-4	0,7939395160956387	27,705581453877993
4,743952924581438E-4	0,7907069053419297	27,622681503506058
4,7405093875327103E-4	0,7857246435175371	27,480007719537138
4,7157890304280406E-4	0,780211195134955	27,268997226634387
4,7157890304280406E-4	0,7724255731511782	26,936549890417364
4,415611051112808E-4	0,7636532915727464	26,602188016522373
4,415611051112808E-4	0,7577779146494836	26,401550394214155
4,415315382100443E-4	0,749439486731225	26,050685743286763
4,275904835719508E-4	0,7357068567477394	25,44818597175411
4,0618960225180886E-4	0,7206983749846693	24,770675945236693
4,0519190168499886E-4	0,7129861370751119	24,45795187708898
3,730077766019923E-4	0,7075361937732901	24,310121630993944
3,730077766019923E-4	0,7031148420333762	24,13384668942004
3,71902972019241E-4	0,6975379908938844	23,91898225987109
3,71902972019241E-4	0,6904860485258424	23,6462659141471
3,7174142871883244E-4	0,6847245767949718	23,41916002562474
3,704491495563749E-4	0,681852510795888	23,331345574534506
3,699248829347188E-4	0,6771877493492775	23,16505806836166
3,6991091740818765E-4	0,6724330505632298	23,003594142329902
3,6991091740818765E-4	0,6679008876652268	22,807548786893644
3,692953473307358E-4	0,6573187972742518	22,33268271404214
3,692953473307358E-4	0,649775019636294	21,99911003684602
3,692365217365109E-4	0,6446185177695459	21,802068877987733
3,6324444911096015E-4	0,6406201146440607	21,662551515116355
3,6324444911096015E-4	0,6370132351105164	21,521413571758444
3,6241586020766036E-4	0,6339379183110979	21,42500161005021
3,619544148832277E-4	0,6259374249359007	21,097946427221864
3,6188544642280237E-4	0,6211621703275307	20,91953445600636
3,6188544642280237E-4	0,6174371007770173	20,7774027189031
3,5151129288438763E-4	0,5788155235235092	18,886878142867886
3,5151129288438763E-4	0,5754759981922435	18,76708170993022
3,494347476257584E-4	0,5705247276676234	18,562958147051823
3,431581686667285E-4	0,5690971091621965	18,544100942368427
3,431581686667285E-4	0,5673727370825805	18,509941489213062
3,43153761247731E-4	0,5628558901474107	18,311143794156354
3,367343278381266E-4	0,55759397689329	18,089062087684372
3,365958019130809E-4	0,5544746579917438	17,9669626751145
3,2640565618848494E-4	0,5489736276740235	17,73065130873144
3,2640565618848494E-4	0,5467795378693997	17,65348459299048
3,2640565618848494E-4	0,5423343078818814	17,463097592073137
3,256049812340592E-4	0,5388672408386841	17,327166896637266
3,256049812340592E-4	0,5357273366843733	17,20042745568319
3,251436859619978E-4	0,5280961153789694	16,86277936155629
3,0040838526308115E-4	0,5243617704830762	16,71976923230726
2,988973975063462E-4	0,5214143016511167	16,601257561916178
2,9282600908671005E-4	0,5189468844147629	16,526796574752503
2,9280736709502865E-4	0,5150829956960484	16,3742715096028
2,9269208715019694E-4	0,5110639636944291	16,20475978634941
2,923775924721894E-4	0,506469634266061	16,00870616118438
2,818876491245486E-4	0,5044337767539945	15,952969943498568
2,818876491245486E-4	0,4988354739278438	15,80880355412171
2,818486986281102E-4	0,49532600261665316	15,67096174324419
2,8125082007088645E-4	0,49405814270199294	15,64862313756714
2,8045059614709383E-4	0,49048754359943136	15,502261769871474
2,751057058823739E-4	0,48894330883899817	15,458252487037418
2,6839518700761647E-4	0,48646970655467753	15,368758703162996
2,6839518700761647E-4	0,48427834118620955	15,311652309783023
2,6699972798546756E-4	0,48188042880946474	15,215719339300371
2,642296812758488E-4	0,481181758765743	15,204069131280765
2,642296812758488E-4	0,4782394142582163	15,1016128741563
2,642296812758488E-4	0,47543800195470143	14,986977310913819
2,642296812758488E-4	0,47319822063297123	14,91628398679615
2,639980848332044E-4	0,4723233746909131	14,894801023425064
2,639980848332044E-4	0,47000875323826896	14,827856287718262
2,6320639735097156E-4	0,4652612175652046	14,648765639068989
2,6248916311591013E-4	0,4627296722262115	14,555703918383896
2,623913390698441E-4	0,4598120392805734	14,452856447863173
2,45360077968419E-4	0,45685773082783504	14,35171328180855
2,452717812240364E-4	0,4535932259226415	14,207887085070258
2,452717812240364E-4	0,44930065793561336	14,027345614349885
2,3033767366893845E-4	0,4473839827046535	13,963327245584829
2,2773238208207292E-4	0,4449337798357398	13,874657755955877
2,186739477259514E-4	0,4424187099427187	13,77161940693715
2,1866898505358242E-4	0,4401294288664683	13,679931251160218
2,1836413441511248E-4	0,43703943262175265	13,588300415539154
2,1836413441511248E-4	0,4338357087447838	13,4711764600822
2,1834413942595966E-4	0,432982372994041	13,454444456435091
2,1686811104696283E-4	0,43025722493106555	13,337375789940113
2,1684307307821106E-4	0,42830175398802467	13,260705074584603
2,1683654427246798E-4	0,4246533919478616	13,19006543362482
2,157848699141835E-4	0,4197140369604922	13,012670707767713
2,1474907850854174E-4	0,41828221794012355	12,989773909807568
2,1474907850854174E-4	0,4168586690351146	12,951152826166835
2,1474907850854174E-4	0,41277239475380545	12,873489631343375
2,1466996097661893E-4	0,4110116506214559	12,824205453334395
2,142292463114305E-4	0,4076861452026048	12,675934039675564
2,1358559208756498E-4	0,4059462407112607	12,6167584903562
2,1358559208756498E-4	0,4033086987909269	12,551453431731773
2,1337786759166079E-4	0,40022684585039153	12,425356529326947
2,1337786759166079E-4	0,3970649141014313	12,326294506407498
2,1337786759166079E-4	0,3955679214293803	12,29141174398638
2,0850818230281276E-4	0,3937236814311009	12,253952580693399
2,0850818230281276E-4	0,3910741250672936	12,145568956353923
2,0850818230281276E-4	0,38899011716145787	12,068331412355025
2,0816043385341488E-4	0,3873657809451864	12,02872514083243
2,0696068142435765E-4	0,3854887945809867	11,995366596050216
2,0334685019835695E-4	0,3840530513664877	11,946905865483323
2,0334685019835695E-4	0,3811020365669508	11,854001577925738
2,0334685019835695E-4	0,3795487519891955	11,795319560245435
2,033094973251546E-4	0,3784697634109947	11,776718683548124
2,033094973251546E-4	0,37720280263191364	11,73334933965263
2,0039152006612513E-4	0,37401617785187485	11,636443408561593
2,0023924173999164E-4	0,372544113536356	11,580235372388309
2,0023924173999164E-4	0,3713530421833127	11,532985840368845
1,8683563615099714E-4	0,369283419625704	11,458660366129786
1,8683563615099714E-4	0,3680979799047222	11,422236127332269
1,835161841924722E-4	0,3674213731357087	11,409503104759102
1,835161841924722E-4	0,36586032202805063	11,35131443999867
1,8318834324687389E-4	0,3646772241474836	11,3196019546588
1,8314962214040434E-4	0,3627262349141359	11,259548792214472
1,8314962214040434E-4	0,36002682226257116	11,13979017379564
1,8314962214040434E-4	0,3556833165955461	10,946151232369461
1,652371757167563E-4	0,3543765023625959	10,90381109440117
1,652371757167563E-4	0,35332298139528295	10,868405370692187
1,652371757167563E-4	0,3519795479420788	10,813416786116338
1,542642627180393E-4	0,35030646240764673	10,749140674004636
1,5378366388038155E-4	0,34179158920582237	10,33487152452827
1,5378366388038155E-4	0,3406239321311157	10,292849338651651
1,5296150680091202E-4	0,33840314309442476	10,197564983958493
1,524216434764251E-4	0,3294729546591644	9,786001702453897
1,524216434764251E-4	0,3050314419419461	8,576462154871594
1,5236768456633752E-4	0,30381757630749784	8,543012327454528
1,5236768456633752E-4	0,30322891938815655	8,538035123194792
1,5230557203074657E-4	0,3013326013434902	8,465245649373895
1,5230557203074657E-4	0,30061216360100423	8,438648019442066
1,52294504459812E-4	0,29960735590535426	8,402276948342983
1,522772581770309E-4	0,29825019670425	8,350575627569889
1,5227342104990607E-4	0,29737361820745334	8,32720430686176
1,5226712910997617E-4	0,29605518054326124	8,27410945023994
1,5194142012447397E-4	0,29552411637486314	8,266881115741363
1,5193871957913842E-4	0,29477695420177286	8,250167502629047
1,519156356293602E-4	0,2921225014119769	8,129831502102693
1,5191445473375224E-4	0,2913171512391837	8,107582338460261
1,5191445473375224E-4	0,29063024792825987	8,091645160069964
1,5190962609596778E-4	0,2901175385642026	8,078368220091056
1,5188772355663284E-4	0,2894970318938195	8,063566089093335
1,5188772355663284E-4	0,2883066321842582	8,023882137380124
1,517910734177071E-4	0,2867082239062564	7,955630758554497
1,517910734177071E-4	0,2861450073431796	7,936371346453256
1,5178145258164762E-4	0,2845996165458516	7,877297765490433
1,5178145258164762E-4	0,28363276884579025	7,842942835263187
1,5170668933256937E-4	0,283184420450607	7,833507531317763
1,5170668933256937E-4	0,28247175082441056	7,812023440137705
1,5170668933256937E-4	0,2815057819401492	7,7802335652854495
1,5170668933256937E-4	0,28103997067398373	7,768798362480749
1,4640430468804152E-4	0,2803944183833727	7,745101927239591
1,4640430468804152E-4	0,27978115324461095	7,724942621084746
1,446453468487271E-4	0,2786879233661731	7,690174042646381
1,446453468487271E-4	0,2779434848157715	7,663967981433352
1,446453468487271E-4	0,27660645211230117	7,607203085225055
1,446453468487271E-4	0,2744522789298972	7,514059832314531
1,446453468487271E-4	0,2738266908620532	7,490264448490916
1,446453468487271E-4	0,2728943928920868	7,457300789946985
1,446453468487271E-4	0,27185081656522125	7,419896903627379
1,446453468487271E-4	0,2715340286319407	7,418339009818645
1,446453468487271E-4	0,2709899948691971	7,403980337402348
1,446453468487271E-4	0,27043766806833797	7,3938499373773094
1,4464245862570819E-4	0,2697620634439143	7,383712824774364
1,4118109894048654E-4	0,2688076387352792	7,355790575241157
1,4118109894048654E-4	0,2681281736067471	7,334589298742726
1,41146944148985E-4	0,2665276759080641	7,2655041542087835
1,41146944148985E-4	0,2662117370840914	7,256148860535348
1,41146944148985E-4	0,26575654659015174	7,241569839719215
1,2429420450294135E-4	0,26545822586050266	7,237885210096966
1,2429420450294135E-4	0,26477041846997773	7,215718160911224
1,2429420450294135E-4	0,2637976290948519	7,179279917234002
1,2429420450294135E-4	0,26273183668273226	7,133509189163313
1,2429420450294135E-4	0,26167436939625993	7,090997679825868
1,1871855521804404E-4	0,2612969342993093	7,084753778427917
1,1871855521804404E-4	0,26081884298740704	7,074822017454992
1,1832464170503586E-4	0,25920691480695823	7,002580732150909
1,1832464170503586E-4	0,25824035449801075	6,962607718870327
1,129937434594592E-4	0,257427045131999	6,936653244306122
1,129937434594592E-4	0,25612812818009556	6,878697800812611
1,129937434594592E-4	0,25526689921557305	6,845043136397248
1,1295067965883257E-4	0,2540527105354789	6,791001347566143
1,1293856364102018E-4	0,2532159629732572	6,760792689648854
1,1293856364102018E-4	0,2519404356223523	6,704830974991987
1,1293856364102018E-4	0,2516463079505788	6,70026567954184
1,1293856364102018E-4	0,25113804068071877	6,6818075522110165
1,1288969633736171E-4	0,2503797733108158	6,6548254021194415
1,1287843270179793E-4	0,24980502597571239	6,639212658200202
1,1287843270179793E-4	0,2492981880567895	6,62427190572242
1,1273019740881977E-4	0,24885198340275586	6,612510093621748
1,1271774305384161E-4	0,24827002527265404	6,590157610645204
1,1267694042549483E-4	0,24650351064685072	6,517355992333067
1,123936609428326E-4	0,24619498433352663	6,514378764441997
1,123936609428326E-4	0,24563665229656378	6,495197906445486
1,123936609428326E-4	0,24474859646177727	6,457399106159854
1,1239224347789188E-4	0,243386366195268	6,4018283148951545
1,1239224347789188E-4	0,24270964704795847	6,373769519786622
1,1204797032734281E-4	0,24201195403847348	6,345607800482577
1,0894930330062953E-4	0,24148882077283582	6,332056465714138
1,0893387843657841E-4	0,2409811959682614	6,31378763787636
1,0893387843657841E-4	0,23923992877205816	6,233779323213114
1,0893180466580735E-4	0,2385150943432009	6,2117719128316615
1,0893180466580735E-4	0,23798818178256093	6,194181975234226
1,0893180466580735E-4	0,23777185572088666	6,1923950639381085
1,0838911464416534E-4	0,2373800837606586	6,181457949952966
1,0838911464416534E-4	0,23688936350993578	6,161841310346314
1,0838911464416534E-4	0,2362949996031926	6,141002017716403
1,0838911464416534E-4	0,23363439104266198	6,015902677174243
1,0838911464416534E-4	0,23314230983605186	5,996905463417826
1,0838911464416534E-4	0,232726983835967	5,984846308656411
1,0832372764713027E-4	0,23202151918569616	5,95683416585565
1,0693308319002866E-4	0,23158012354981225	5,940788014184385
1,0693308319002866E-4	0,2310956637179279	5,921926299295392
1,0693308319002866E-4	0,23049461780661418	5,898347685156908
1,0693308319002866E-4	0,23024179330758482	5,890678060801085
1,0692885251799262E-4	0,22980815898796625	5,874191552203135
1,0606154437616256E-4	0,22939006461910247	5,8578298340515245
1,0606154437616256E-4	0,22870684337279432	5,832269294355277
1,0606154437616256E-4	0,22838202701896862	5,825718198920574
1,0606154437616256E-4	0,226472607337945	5,737018024700518
1,0604255145772814E-4	0,22512151923775195	5,6778459020266405
1,0602910247393464E-4	0,2237963979499649	5,625202854132699
1,0602910247393464E-4	0,22317925174965184	5,602251869002753
1,0602910247393464E-4	0,2227424418985663	5,594502685564224
1,0599637184101458E-4	0,22168710773149633	5,548479053215383
9,600221305621844E-5	0,22099738041586833	5,521240868895267
9,600221305621844E-5	0,22078669463813952	5,51721863487318
9,559315250919195E-5	0,21909870815836222	5,437807289231888
9,145094003690689E-5	0,21872002334943383	5,429809930742413
9,145094003690689E-5	0,2179608266127295	5,397554463967266
9,145094003690689E-5	0,2172959255859152	5,373237852103503
9,144896593052076E-5	0,216288434412158	5,332204529044735
9,141046552783605E-5	0,21540317463021993	5,296650672475073
9,141046552783605E-5	0,21359642926649575	5,210698234207838
9,141046552783605E-5	0,2133412379188594	5,2026703129463145
9,141046552783605E-5	0,21266428764634857	5,179040759752423
9,141046552783605E-5	0,2121323634192473	5,1566338096444815
9,141046552783605E-5	0,21141645476428078	5,124446736472249
9,141046552783605E-5	0,21113739047608235	5,113720257477294
9,141046552783605E-5	0,21081187454751849	5,101985698396524
9,090752733400313E-5	0,21055500446408346	5,094810375558751
9,090752733400313E-5	0,20993916777533767	5,075665471211263
9,090752733400313E-5	0,20922087582882273	5,046993953845944
9,090752733400313E-5	0,20846226519462271	5,0141094530573245
9,090752733400313E-5	0,20816870267187876	5,004762706043424
9,090752733400313E-5	0,20797452503145095	4,999009911130801
9,090752733400313E-5	0,20754124308004662	4,980589974401073
9,090752733400313E-5	0,20703213487457006	4,959899514390037
9,090752733400313E-5	0,2059686000354419	4,9111080655716925
8,882734485788359E-5	0,20561314357301952	4,901331055582575
8,882734485788359E-5	0,2049938719292597	4,875672153259695
8,882734485788359E-5	0,2044428483549869	4,857336798858555
8,859507383875056E-5	0,203958412523316	4,839909191480592
8,696954040092385E-5	0,20292754668848775	4,792973717998563
8,696954040092385E-5	0,20245114206536688	4,772800208725259
8,696954040092385E-5	0,20202888775493533	4,755089147262366
8,696954040092385E-5	0,19646868225964037	4,482680283260297
8,696954040092385E-5	0,19583669286725766	4,457421812344132
8,696954040092385E-5	0,195766735269711	4,4573665399849105
8,696954040092385E-5	0,19532230720369576	4,442288753970417
8,696954040092385E-5	0,19437810486353008	4,400778616516434
8,696300469704585E-5	0,19055646491968342	4,21267806310311
8,322846134613459E-5	0,19000040811478988	4,18938886442096
8,322846134613459E-5	0,18945135323319012	4,167575747956479
8,320181663350289E-5	0,18914072656939354	4,160561298267384
8,320181663350289E-5	0,18883002131109566	4,148600138585343
8,266997856732779E-5	0,18812526745089833	4,117800680425024
8,266997856732779E-5	0,18644245807378618	4,037290503330203
8,266953902171582E-5	0,18542214860150744	3,9908745842245583
8,266953902171582E-5	0,18515516562367054	3,9814144623543215
8,266953902171582E-5	0,18387649020952423	3,9206533758381847
8,266953902171582E-5	0,1835267349933229	3,9083180080013484
8,263293688770142E-5	0,18275475350334758	3,8766608124744026
8,263293688770142E-5	0,1824892597649506	3,8681150623349896
8,263293688770142E-5	0,18150549919531908	3,824368067427474
8,136195134173936E-5	0,17959471050618225	3,73330114206884
7,875098142090295E-5	0,17938111535171597	3,7265854543094616
7,875098142090295E-5	0,17855045307061743	3,688196466021746
7,875098142090295E-5	0,17829952326653667	3,679166358901186
7,873624197265808E-5	0,17815627905529666	3,676783688454373
7,873346223358217E-5	0,17785973016285703	3,6664171586168894
7,873346223358217E-5	0,17731336422541769	3,648596383898449
7,441961558201385E-5	0,17711781832006732	3,641554780440141
7,287957872253905E-5	0,17607573249060135	3,593961582922251
7,287957872253905E-5	0,17592575058843138	3,5908207637404996
7,287957872253905E-5	0,17569928817279412	3,5821637533361974
7,287957872253905E-5	0,17477439645418155	3,5391383853445233
7,287957872253905E-5	0,17426222402867506	3,521268253902678
7,287957872253905E-5	0,17409315170799453	3,51622336726058
7,287957872253905E-5	0,17371735055370474	3,5025884648274617
7,287957872253905E-5	0,1729859721766331	3,469627853375611
7,287957872253905E-5	0,17207441381617045	3,428623090625108
7,28702169129518E-5	0,1708518352266952	3,3713970126647137
7,28702169129518E-5	0,1705477628823442	3,359909055106231
7,286905231557202E-5	0,1703840974891131	3,35591648374042
7,286905231557202E-5	0,17017967047303434	3,3483524007498846
7,246589691530764E-5	0,16912817060216717	3,297988495343568
7,046036119449772E-5	0,16839994378729906	3,264897861708549
7,04536614357393E-5	0,1682963495988723	3,2636533584439
7,043477676413774E-5	0,16797419475594588	3,249697473638159
7,043477676413774E-5	0,1678728928284962	3,24767080416861
7,043477676413774E-5	0,16715480937558047	3,218097340088538
7,043477676413774E-5	0,16708212709829925	3,217146388220237
7,043477676413774E-5	0,16656541358428897	3,1987747610135373
7,043477676413774E-5	0,16519217792311816	3,1324148667214633
7,039537208633038E-5	0,1640520445004932	3,077697100061491
7,018864394702473E-5	0,16385238886568662	3,070829647127764
7,018419815416032E-5	0,16350371177901932	3,0575181084068355
6,998584636587093E-5	0,16339387186529347	3,055735343068282
6,998584636587093E-5	0,1632796864380738	3,054615008376842
6,998584636587093E-5	0,1629479268767225	3,0413571552868834
6,99103835478365E-5	0,16285513651652106	3,038568679906494
6,99103835478365E-5	0,16266820823165482	3,031643744421445
6,99103835478365E-5	0,1624110262681198	3,0213319119276427
6,99103835478365E-5	0,1622569733819364	3,0153208803404334
6,99103835478365E-5	0,1619465399533242	3,0022882726392894
6,99103835478365E-5	0,16163082580174895	2,9889558512409224
6,99103835478365E-5	0,16107485730590837	2,963246252874639
6,99103835478365E-5	0,16080330469116394	2,9534533361620525
6,96393558533568E-5	0,1605705749726825	2,9448425046704303
6,96393558533568E-5	0,16044857358498776	2,942370629217287
6,96393558533568E-5	0,16019353082548793	2,935545059163583
6,96393558533568E-5	0,1599963406074264	2,9300422134674937
6,963633427688167E-5	0,15974797467585283	2,9248095031855734
6,963633427688167E-5	0,1592045582348983	2,9018950253983165
6,963633427688167E-5	0,15875719825143406	2,884029654687921
6,963633427688167E-5	0,15842558778024948	2,874171489976545
6,963633427688167E-5	0,158342634385968	2,8720543107632257
6,963633427688167E-5	0,15826748143395725	2,8708647182641442
6,963633427688167E-5	0,15771789487155932	2,8478116484126503
6,963633427688167E-5	0,1576030591239331	2,8451340706412847
6,963633427688167E-5	0,15719163009461665	2,8277302285378427
6,963633427688167E-5	0,15712100350632038	2,8272821127142964
6,963633427688167E-5	0,15677761104974683	2,812497240993417
6,963633427688167E-5	0,1564490703236112	2,7994355911449555
6,963633427688167E-5	0,15608339521278938	2,7837723662612945
6,963616472169189E-5	0,15533250475861635	2,749196478134669
6,963616472169189E-5	0,1550809366617637	2,738532633947132
6,959121768947737E-5	0,15452095350668235	2,7168873416941524
6,959121768947737E-5	0,15406436725178435	2,6982830076750717
6,959121768947737E-5	0,15392342996219158	2,696234952186907
6,959121768947737E-5	0,15374088443703962	2,689391978814223
6,959121768947737E-5	0,15358229641646606	2,6852344492662126
6,959121768947737E-5	0,1532035104693055	2,67249747129549
6,739953080176698E-5	0,1528021983863581	2,6562791283191416
6,739953080176698E-5	0,15236106129873436	2,6383483748432424
6,71900683572322E-5	0,1521717512799178	2,632705898888117
6,301675312735338E-5	0,15205154713883215	2,6313147340515726
6,301675312735338E-5	0,15164373915962656	2,6131020299337435
6,301675312735338E-5	0,1511937289929529	2,5932203896985846
6,301675312735338E-5	0,15100134419876446	2,585671948190873
6,301675312735338E-5	0,15078683669158963	2,5789642774624855
6,301675312735338E-5	0,15027691682879524	2,5558638544146133
6,301675312735338E-5	0,1500081700618321	2,548855794642823
6,30119891582034E-5	0,14981525390022726	2,5426762837786296
6,30119891582034E-5	0,1493659630329327	2,5222560401481324
6,30119891582034E-5	0,14924828604293455	2,5211650547116364
6,30119891582034E-5	0,14887536616445807	2,5062365737347188
6,30119891582034E-5	0,14857287432930874	2,493098612796513
6,30119891582034E-5	0,14837559949051146	2,4872495591420387
6,30119891582034E-5	0,14819662314325874	2,4803608309296443
6,285677974228767E-5	0,14796079218581104	2,4712163733730304
6,285677974228767E-5	0,1477062189615106	2,460139739652099
6,285677974228767E-5	0,14731554918977582	2,443259108423947
6,285677974228767E-5	0,14720368356992902	2,44002646850813
6,285677974228767E-5	0,1468590858289249	2,4259874054836748
6,285677974228767E-5	0,14675326775695796	2,4225760228262447
6,285677974228767E-5	0,14628694641916531	2,404036372899835
6,285677974228767E-5	0,1459257946776157	2,388412312233305
6,285677974228767E-5	0,14523308954386416	2,357316929035818
6,285677974228767E-5	0,14520391183816084	2,357316929035818
6,285677974228767E-5	0,1450040463593728	2,3499832716002977
6,285677974228767E-5	0,14494199882425302	2,348465081523804
6,285677974228767E-5	0,14474500916502187	2,3408551176052255
6,285677974228767E-5	0,14457369793786776	2,3340729890841385
6,285677974228767E-5	0,14448897407343783	2,3319984631160664
6,285677974228767E-5	0,14424710806993948	2,3223289141380103
6,2856119369262E-5	0,14409355584625738	2,3191687052161503
6,2856119369262E-5	0,14386549607074225	2,3096662388967526
6,2856119369262E-5	0,14371299307307667	2,3066585722050945
6,2856119369262E-5	0,1422825909855058	2,2389555664836935
6,2856119369262E-5	0,14218216934329972	2,23730455251256
6,2856119369262E-5	0,14203948389755236	2,233492719451492
6,2856119369262E-5	0,14182805263176954	2,2291677935260976
6,285597584078294E-5	0,14175139204884377	2,2277088928215476
6,284415917842457E-5	0,14156485475269168	2,2224112578434223
6,284415917842457E-5	0,1411839072297757	2,206090617630557
6,284415917842457E-5	0,14108086768349287	2,2027620890881585
6,284415917842457E-5	0,14061430017766063	2,1826417522187165
6,284415917842457E-5	0,14044670780376659	2,177523661076336
6,264019219516103E-5	0,14039813863026082	2,1771585944600162
6,264019219516103E-5	0,14011692307943346	2,166419865955547
6,264019219516103E-5	0,1399515597411379	2,1599854539203296
6,264019219516103E-5	0,13987223432001655	2,1580856511190065
6,264019219516103E-5	0,13967473032095132	2,1504974571876265
6,264019219516103E-5	0,1395762717997797	2,147218126880854
6,264019219516103E-5	0,13933393721639	2,136744653392764
6,214470319060304E-5	0,13924561794536167	2,1362696296158794
6,214470319060304E-5	0,13909466232269863	2,13327401861542
6,214470319060304E-5	0,13893020577428103	2,1263480267909367
6,214470319060304E-5	0,13884852297308245	2,123417727146266
6,214470319060304E-5	0,13872938471600435	2,119484604728778
6,212447988185329E-5	0,13860253891658733	2,1151473578989655
6,212447988185329E-5	0,138393047056536	2,1058745308374323
6,145955074607542E-5	0,13805625441869865	2,091274771468331
6,145955074607542E-5	0,1374673783579988	2,0638982680636637
6,143803431421666E-5	0,13731672176380927	2,058201529166389
6,143803431421666E-5	0,13720961361616163	2,0549881897977733
6,143803431421666E-5	0,13708709523842352	2,050296509101968
6,143803431421666E-5	0,1370215284870615	2,0497111196056563
6,143607570269125E-5	0,13633452220702172	2,0165870904311136
6,143607570269125E-5	0,13629769206003195	2,016208630969951
6,143607570269125E-5	0,13622749902548534	2,015757408169163
6,143607570269125E-5	0,13569207345678477	1,9914993488026413
6,143607570269125E-5	0,1355534384812689	1,9862316917740086
6,143607570269125E-5	0,13539115209795777	1,9817418381317677
6,143607570269125E-5	0,13530820490276377	1,9789158361859196
6,143607570269125E-5	0,1350958901577149	1,9694615586204762
6,122566539556239E-5	0,13493344482355843	1,9621935113753834
5,9787820807309696E-5	0,1347064736905974	1,9539983592453998
5,978375371045963E-5	0,13463214177214927	1,9521183577705055
5,978375371045963E-5	0,13455837125754763	1,9500349914961597
5,978375371045963E-5	0,1344936333241217	1,9478081942979324
5,978375371045963E-5	0,1343402975371607	1,9423624603076468
5,978375371045963E-5	0,1342575126602659	1,940205008481537
5,976578875804707E-5	0,13404997006732364	1,9319203155500784
5,944288128110928E-5	0,1340325949463984	1,9319187895756564
5,944288128110928E-5	0,13384166663578922	1,925311824214451
5,944288128110928E-5	0,13379607695342577	1,924419021783284
5,94426068477922E-5	0,13375015556284647	1,9238694208345695
5,936018316764225E-5	0,1336334423175727	1,9201025859918244
5,936018316764225E-5	0,1334982396378811	1,9173978472950752
5,935957001051238E-5	0,1328269347474624	1,8883227559858922
5,935957001051238E-5	0,1327330861166971	1,885996203553093
5,935957001051238E-5	0,13225407867260958	1,8646520826985868
5,935957001051238E-5	0,13220845211792506	1,863377666182605
5,9358610814365995E-5	0,1321837972707222	1,8628798553222896
5,824700197754392E-5	0,13215964653534562	1,8628681108364549
5,824700197754392E-5	0,13211994984579165	1,8626679466509761
5,824700197754392E-5	0,13209447062391982	1,8624820225861805
5,823934779117242E-5	0,1320373238264032	1,8616584238103573
5,823256125057479E-5	0,13197224286151765	1,860646032251411
5,823256125057479E-5	0,13175768242071573	1,852115679288637
5,823179004625929E-5	0,13166021757777283	1,8493100767952881
5,823179004625929E-5	0,13159360284199192	1,8487461562034355
5,823179004625929E-5	0,13153846062039798	1,847376651756731
5,823179004625929E-5	0,1314203096042033	1,8467299916682343
5,630704381851252E-5	0,13135319378575452	1,845070242215783
5,630704381851252E-5	0,1311918124671151	1,8399556120773395
5,630704381851252E-5	0,1311415624875735	1,8391520220796675
5,629822086767118E-5	0,1309826320229805	1,8328246363424532
5,629822086767118E-5	0,1309186189535973	1,8326210143986483
5,629822086767118E-5	0,13076117291635733	1,826649102226951
5,629822086767118E-5	0,13073578660777135	1,8266184743747564
5,629822086767118E-5	0,13069531400898118	1,8262775763363917
5,629822086767118E-5	0,13054587681005633	1,822771012965727
5,629822086767118E-5	0,1304515273301542	1,8190300823544512
5,629350354379351E-5	0,13038141622030314	1,8170994107037783
5,473174739735678E-5	0,13029207209250596	1,8165598962952072
5,473174739735678E-5	0,13024741066385878	1,8165192827616607
5,473174739735678E-5	0,13015421375702213	1,816119696166004
5,47162060671258E-5	0,1301073822826566	1,8149825187318074
5,4713516326254554E-5	0,12963490657371193	1,7938400731062436
5,4713516326254554E-5	0,12944075413853767	1,788238599294195
5,4544524795356204E-5	0,12938438570334643	1,7877738302277704
5,4544524795356204E-5	0,1292986572558608	1,7849440886299348
5,4542749405388216E-5	0,12921405726562246	1,7837098840564365
5,454208224815091E-5	0,1291467780682031	1,7835563472795704
5,454208224815091E-5	0,12909662225357724	1,7825782194793305
5,446941608195055E-5	0,12903377735801144	1,782101033280389
5,446941608195055E-5	0,12895003963732743	1,781605373848914
5,446941608195055E-5	0,12882509960277055	1,7797260453827792
5,446941608195055E-5	0,12878172594524823	1,7795200797512478
5,446893333134046E-5	0,12864459251191757	1,7736215630264718
5,446893333134046E-5	0,12853541527640755	1,7696554739327608
5,4464097168224014E-5	0,12850237443490134	1,7693045602501505
5,405017584218043E-5	0,12846220252395832	1,7692776068874883
5,405017584218043E-5	0,12838224500679415	1,7688301650359812
5,405017584218043E-5	0,12827709981332838	1,7682364493593783
5,405017584218043E-5	0,1282137886197499	1,7681816896853468
5,405017584218043E-5	0,12806872477994624	1,7637233787290132
5,404950589128667E-5	0,12798478639130498	1,7634972985867057
5,404950589128667E-5	0,12788332692546234	1,7605838048761198
5,404950589128667E-5	0,1278523646562551	1,7605796458261087
5,404637447062461E-5	0,12779876564006443	1,7603602897526753
5,404637447062461E-5	0,1276271246581829	1,7562445184021072
5,404637447062461E-5	0,12758954360156965	1,75612905491911
5,404213371462782E-5	0,12754955143166627	1,7550321680081626
5,404002825216374E-5	0,12751295990350292	1,7544813857391843
5,404002825216374E-5	0,12746847820814122	1,7534321438581615
5,404002825216374E-5	0,12737669811373356	1,7531413123399326
5,404002825216374E-5	0,12736204989038666	1,7531280190910803
5,404002825216374E-5	0,12727971353093778	1,7527881109397057
5,404002825216374E-5	0,12719222660629323	1,7495310440590484
5,404002825216374E-5	0,12712094400209073	1,7481553047143816
5,404002825216374E-5	0,1270847224262212	1,7481484556415054
5,404002825216374E-5	0,12705741968647494	1,7481484556415054
5,404002825216374E-5	0,12702604738653928	1,7480929770109623
5,404002825216374E-5	0,12700030300751522	1,7478703534387305
5,403816013200931E-5	0,12682718535580492	1,74265758456284
5,403816013200931E-5	0,12680478441763587	1,7425875027358986
5,401774785126449E-5	0,12675291175235265	1,742059201968029
5,401774785126449E-5	0,12671516041991157	1,7419550573859652
5,401774785126449E-5	0,1266677976194297	1,7419041529320756
5,401774785126449E-5	0,12654262786125978	1,7366513939685226
5,375102411367508E-5	0,12647731008815355	1,7364761733556957
5,375102411367508E-5	0,1264019684326394	1,7349700007408386
5,375102411367508E-5	0,12630813875644498	1,734667861486634
5,375102411367508E-5	0,1262408859278796	1,7346242671364438
5,375102411367508E-5	0,12620687888057414	1,7343582214826392
5,375050233828145E-5	0,12589636183035338	1,7211805168851708
5,375050233828145E-5	0,12579944899140202	1,7211457128297614
5,375006012046692E-5	0,1257628601785075	1,7208105188577363
5,351813595379987E-5	0,12256978879437007	1,5638740821991437
5,351813595379987E-5	0,12246849266805683	1,5637953695075433
5,351813595379987E-5	0,12244086326370483	1,5635475969227457
5,3479874250679826E-5	0,12239908019491372	1,5633719408420015
5,3479874250679826E-5	0,12235581863079786	1,5629670459480718
5,3479874250679826E-5	0,12233557754793872	1,5628737256228726
5,3479874250679826E-5	0,12230493111422018	1,5628728624741564
5,3479874250679826E-5	0,1222857823103142	1,5627748564815545
5,3479874250679826E-5	0,12226198836244993	1,5626596508996804
5,247764300450031E-5	0,12222307824228547	1,561652450430619
5,2475852966366864E-5	0,12219714829933367	1,5616441564507944
5,2475852966366864E-5	0,12214967543954718	1,5611501143534874
5,2475852966366864E-5	0,12208084195790049	1,5584911700372106
4,9441131771417294E-5	0,1220026413970979	1,556318463064864
4,9441131771417294E-5	0,12197900700614073	1,556300594198193
4,9441131771417294E-5	0,12196088412354618	1,5561536839303438
4,9440795409660454E-5	0,12190860474242536	1,5561536839303438
4,9440795409660454E-5	0,12188016424977724	1,5560834034994757
4,9440795409660454E-5	0,12179600052071697	1,5549737754461919
4,9440795409660454E-5	0,12177307796009204	1,5548705220884909
4,9440795409660454E-5	0,12174384768556319	1,5547956210347977
4,9440795409660454E-5	0,12169885221094168	1,553776362244205
4,9440795409660454E-5	0,12165342600681221	1,5536892156368716
4,9440795409660454E-5	0,12155260836311495	1,553673420831757
4,9440795409660454E-5	0,12152474380481453	1,5536159643924197
4,9440795409660454E-5	0,12137708539313559	1,552918798273775
4,9440795409660454E-5	0,12132261499091339	1,5525202423748263
4,9440795409660454E-5	0,12128942116170836	1,5524173605834202
4,9377218720502645E-5	0,12127154637193513	1,552352665590665
4,877042655032926E-5	0,12122851412374475	1,5513960442118653
4,877042655032926E-5	0,12119245605036784	1,551295034930219
4,876913430160518E-5	0,12112785461488718	1,5512835690987898
4,876913430160518E-5	0,12110047113151501	1,551238994982568
4,876913430160518E-5	0,12107673400137196	1,5511331551411878
4,876913430160518E-5	0,12103668567646633	1,5510667939623075
4,876913430160518E-5	0,12097248050330496	1,5500935438472074
4,876913430160518E-5	0,1209640390219577	1,5500652416523233
4,876913430160518E-5	0,12086348082723317	1,5466223384131355
4,8755847035843026E-5	0,12084553117585156	1,54649680918143
4,872162285665037E-5	0,12075318408176741	1,5443477351024688
4,872162285665037E-5	0,12072337124582982	1,5443477351024688
4,872162285665037E-5	0,12069552782741677	1,5443388457362013
4,862643677136005E-5	0,12066442809997875	1,5439182179334474
4,853769272139311E-5	0,1206234284899527	1,5439182179334474
4,853769272139311E-5	0,12060783402396229	1,5439182179334474
4,853769272139311E-5	0,12059060489939048	1,5439040363279073
4,853769272139311E-5	0,12052561348509837	1,5431077857543394
4,853769272139311E-5	0,12049290110056395	1,5430616466146914
4,853769272139311E-5	0,12046390662686891	1,5428131582987257
4,853769272139311E-5	0,12040074997663598	1,5413631694415582
4,853769272139311E-5	0,12033567852691367	1,538757094890999
4,853769272139311E-5	0,12031177530216715	1,5385898353039311
4,853708808608828E-5	0,12024098800565905	1,5366126975813694
4,852583536641957E-5	0,12019599416579103	1,5365738670993594
4,852583536641957E-5	0,12004198042697638	1,5316385839927562
4,852583536641957E-5	0,12000833171318494	1,5315354920128703
4,852583536641957E-5	0,11998496242500767	1,5315276512949954
4,852583536641957E-5	0,11996536749796903	1,5313155220839727
4,852583536641957E-5	0,11994662897858106	1,531298005806644
4,852583536641957E-5	0,11992888922725131	1,5312936099871934
4,852583536641957E-5	0,1199126083299364	1,5312096243550526
4,852117422815042E-5	0,11987971978776839	1,5311291852079034
4,852117422815042E-5	0,11984149285742449	1,5306553248153205
4,852117422815042E-5	0,11981373830672251	1,5304607597094888
4,852117422815042E-5	0,11977034029991256	1,5300172964549328
4,852117422815042E-5	0,11973033537179523	1,5298010836917144
4,852117422815042E-5	0,11969907053422599	1,5296746875350442
4,852117422815042E-5	0,11965850448582946	1,5296498806090053
4,852117422815042E-5	0,11962467324896212	1,5296315480088203
4,852117422815042E-5	0,11958243484604894	1,5295847953028456
4,8519785805520115E-5	0,11957399975527906	1,5295178989792066
4,8517654782554596E-5	0,11950682655984236	1,5293965399299339
4,8517654782554596E-5	0,11946666557200951	1,529373269596234
4,8515449965980057E-5	0,11944676602166801	1,529373269596234
4,8515449965980057E-5	0,11940539368967226	1,529373269596234
4,8515449965980057E-5	0,11916231498865834	1,5244835172490518
4,8514385876904835E-5	0,11913695753379461	1,5240024035849482
4,8514385876904835E-5	0,11911007496065615	1,5239544496284854
4,8514385876904835E-5	0,11908817267001207	1,5239169893240403
4,8512436421278855E-5	0,11906630731247021	1,5239169893240403
4,8512436421278855E-5	0,11903614695708964	1,523120447760411
4,8512436421278855E-5	0,118994900812895	1,5230794523837603
4,8512436421278855E-5	0,11895520746433191	1,5225368789218074
4,8512436421278855E-5	0,11891820105010638	1,522422687004749
4,8512436421278855E-5	0,1188695559457392	1,522415623788723
4,8512436421278855E-5	0,11885307225417183	1,5223561802682468
4,8512436421278855E-5	0,11880438103881186	1,5215966367097604
4,8512436421278855E-5	0,11871944356127191	1,5213637173336536
4,8512436421278855E-5	0,11868977000623278	1,5212304094433609
4,8512436421278855E-5	0,11865373389182989	1,5212304094433609
4,760046282223571E-5	0,11863440066429565	1,521080654669189
4,760046282223571E-5	0,11860484680500068	1,5210577436273076
4,7600346759587886E-5	0,11858788663838168	1,5210577436273076
4,7600346759587886E-5	0,1185534710992068	1,520829159649529
4,7600346759587886E-5	0,11851523789694969	1,5208280918654737
4,523713097059603E-5	0,11850015532468064	1,520794784687792
4,523713097059603E-5	0,11847998470335719	1,5205684197255334
4,523713097059603E-5	0,1184459333321946	1,52055649068642
4,523713097059603E-5	0,11837165747559221	1,5204420037870632
4,523697258672676E-5	0,11833595356293002	1,5202604817360887
4,523697258672676E-5	0,11829378794032042	1,5201823220066002
4,3509866813668775E-5	0,11826410496257093	1,5201583012695088
4,3509866813668775E-5	0,1182503675904835	1,5201583012695088
4,3509866813668775E-5	0,11823253922167715	1,52012475449392
4,3509866813668775E-5	0,1182081260240645	1,5201110609400408
4,3509866813668775E-5	0,11818203764590525	1,5200548458410588
4,3469470371358366E-5	0,11815686087274525	1,520033575201131
4,3469470371358366E-5	0,11805352250560947	1,520029496411253
4,3469470371358366E-5	0,118017083419779	1,5199014742755974
4,3469470371358366E-5	0,11798889953817764	1,5198935213017464
4,3469470371358366E-5	0,1179243468966594	1,5197949968144349
4,3469470371358366E-5	0,11790427117175332	1,5197834345718957
4,3469470371358366E-5	0,11788755498365946	1,5197517744202846
4,3469470371358366E-5	0,11786096830078764	1,5195921313562737
4,3469470371358366E-5	0,11784413118311626	1,5194643971446176
4,3469470371358366E-5	0,1178234261929648	1,519414415193555
4,3469470371358366E-5	0,11779568338727117	1,5193611159789358
4,3469470371358366E-5	0,11777017651001018	1,5193589824208422
4,345830686688635E-5	0,11774837556804472	1,51933003404051
4,345830686688635E-5	0,11766076789262342	1,518781399846276
4,215899694856997E-5	0,11760331142090574	1,5183372468814034
4,215899694856997E-5	0,11754579022023187	1,518321821018919
4,215899694856997E-5	0,11752230227317696	1,518259676786472
4,215899694856997E-5	0,11751066805447645	1,5182107764624428
4,215899694856997E-5	0,1174984689808765	1,5180625569149748
4,215899694856997E-5	0,11748459340295697	1,5179602538605266
4,215819768600389E-5	0,11746658217968337	1,5177671074607044
4,215819768600389E-5	0,11745051881879752	1,517725805245177
4,215819768600389E-5	0,1174220104283452	1,517654959991538
4,215819768600389E-5	0,11740595759289091	1,51765404041187
4,215819768600389E-5	0,1173762726930467	1,5176216756823857
4,215819768600389E-5	0,11735279982707736	1,5175047093967071
4,215819768600389E-5	0,11730018504504869	1,516404124155857
4,215819768600389E-5	0,11725858616844455	1,5163793887857946
4,215819768600389E-5	0,11722535195083178	1,5162091368138235
4,215819768600389E-5	0,11718141111773046	1,5160533187836642
4,215819768600389E-5	0,11711290574824483	1,5143734528815767
4,2158171490423314E-5	0,11709160772465262	1,5143605407039253
4,2158171490423314E-5	0,11706563152619276	1,5143514506636517
4,2158171490423314E-5	0,11705086519676998	1,5143163521777945
4,2158171490423314E-5	0,11702627351351204	1,514229584607801
4,2158171490423314E-5	0,11693157480518362	1,514217784625462
4,2158171490423314E-5	0,11685444020032357	1,5141947681491137
4,2158171490423314E-5	0,11683355232047811	1,5141191542503885
4,2158171490423314E-5	0,11677691682818883	1,5139444800186368
4,2158171490423314E-5	0,11674000480484943	1,51391416784558
4,2158171490423314E-5	0,11672923050793658	1,5138495723936907
4,2044889175115555E-5	0,11671743342846608	1,5138475671274403
4,2044889175115555E-5	0,11667983135122864	1,5137884509350397
4,2044889175115555E-5	0,11665270716926295	1,51375507310602
4,2044889175115555E-5	0,11663389227053825	1,5137545722184436
4,2044889175115555E-5	0,11660505846247567	1,5136428251624536
4,2024057739270684E-5	0,1165856284958467	1,5135340490491078
4,2024057739270684E-5	0,1165570940717637	1,512811010316104
4,2024057739270684E-5	0,11654077118695652	1,512731994786988
4,2017060979534106E-5	0,11651576702464236	1,51272522501959
4,2017060979534106E-5	0,1164817560807327	1,5126205289680679
3,9824494897382654E-5	0,11645637883621969	1,512577997147751
3,9824494897382654E-5	0,11644312933757153	1,512577997147751
3,9824494897382654E-5	0,11642244107967967	1,5125011689337788
3,973971662913229E-5	0,11637390526504422	1,5124136643344115
3,973971662913229E-5	0,1163515251568365	1,5124134017965494
3,973971662913229E-5	0,11632975511508115	1,5124134017965494
3,973971662913229E-5	0,11631202984480613	1,5123409461794062
3,973971662913229E-5	0,11624316081808654	1,5123409461794062
3,973971662913229E-5	0,11622634653779539	1,5121457132113076
3,9735907642030766E-5	0,11621188667839835	1,5121144241985807
3,9735907642030766E-5	0,11616083681794452	1,51201074513562
3,9735907642030766E-5	0,1161496854676214	1,51201074513562
3,9526903566776285E-5	0,1160913056915848	1,5120048105799777
3,9526903566776285E-5	0,11602458522317	1,5119523054145767
3,948542230340975E-5	0,11599555679460088	1,5119385518509183
3,948542230340975E-5	0,11593679425186856	1,5118828082864837
3,948542230340975E-5	0,11592762787049855	1,5118173784111029
3,948542230340975E-5	0,11589937989148917	1,511793691951216
3,948542230340975E-5	0,11588608717886881	1,5115828231983224
3,948542230340975E-5	0,11576430488689957	1,5115204884326174
3,948542230340975E-5	0,11574877841751069	1,5114375726213336
3,948542230340975E-5	0,11573021738369585	1,5113993890442694
3,948542230340975E-5	0,11568350450553012	1,5113214558619896
3,948542230340975E-5	0,11566507039324435	1,5112037275764223
3,948542230340975E-5	0,1156431194726248	1,511182835036687
3,948542230340975E-5	0,1156119346754508	1,5111327054342412
3,948542230340975E-5	0,11559915492932733	1,5110700394818806
3,948542230340975E-5	0,11557819124824631	1,510897609814012
3,948542230340975E-5	0,11555710828985986	1,510869146067976
3,948542230340975E-5	0,11554068985427174	1,5108217974549791
3,945752212329969E-5	0,11550774335778381	1,5106085277351744
3,939091431477011E-5	0,11547901549069366	1,5105539436568756
3,939091431477011E-5	0,11544863956321855	1,5105323329311613
3,939091431477011E-5	0,11541965483555801	1,5101506158099747
3,9389702998447804E-5	0,11540071624446165	1,5101506158099747
3,9389702998447804E-5	0,1153656658737299	1,5101189147103906
3,9389702998447804E-5	0,11535304454811808	1,5100314611945655
3,9389702998447804E-5	0,11533866748630052	1,5099592296762419
3,9389702998447804E-5	0,11531531585790632	1,5097392223765715
3,9389702998447804E-5	0,1152914810055912	1,5097033710858943
3,9389702998447804E-5	0,11526908774491691	1,5095806697236092
3,9387287185682496E-5	0,11525478012086066	1,509568540910238
3,896473308927905E-5	0,11524336926451033	1,509526946496767
3,896473308927905E-5	0,11523412441056316	1,509505433732206
3,896473308927905E-5	0,11518818748912127	1,5094326778423435
3,896473308927905E-5	0,11509557197726192	1,5093974361402838
3,896473308927905E-5	0,11508041814179583	1,509309505437975
3,896473308927905E-5	0,11497595476320507	1,5072076682712336
3,896473308927905E-5	0,11493549635836159	1,5067847239780658
3,896473308927905E-5	0,11490900626599516	1,5066051639349407
3,896473308927905E-5	0,11489740440238387	1,5065920948501323
3,884103373182782E-5	0,11486750699842528	1,5065178754695887
3,884103373182782E-5	0,11484917282329281	1,506411696891678
3,4244376686043014E-5	0,11482616011652821	1,5063509128386903
3,4244376686043014E-5	0,1148170187556953	1,5062978918425378
3,4244376686043014E-5	0,11480397062862199	1,5062632410863728
3,4244376686043014E-5	0,11479241695365508	1,506254778471597
3,4244376686043014E-5	0,1147743337075071	1,506053305776554
3,4244376686043014E-5	0,11475328144066058	1,5059904691085466
3,423197675174674E-5	0,11472838652611142	1,5059904691085466
3,423197675174674E-5	0,11471123178540994	1,5059517995858571
3,423197675174674E-5	0,11469834279241287	1,5057995689941155
3,411376760752644E-5	0,11468984886056158	1,5057848115474084
3,411376760752644E-5	0,11466447635170685	1,5056869003420619
3,411376760752644E-5	0,11457595993497487	1,5056861882781754
3,411376760752644E-5	0,11456005929827608	1,5056755092183982
3,411376760752644E-5	0,11452129415386259	1,5056692294089513
3,411376760752644E-5	0,11450497979027714	1,5055909719098386
3,411376760752644E-5	0,11449266098841117	1,5055780450244898
3,411376760752644E-5	0,11447241337828831	1,5055585827994835
3,411376760752644E-5	0,11445436229062107	1,5055230151143406
3,411376760752644E-5	0,11435810938999161	1,5054679303720042
3,411376760752644E-5	0,11433437723195404	1,5052983827360864
3,411376760752644E-5	0,1143241463550341	1,5051754496526413
3,411376760752644E-5	0,1143055217496018	1,5051754496526413
3,411376760752644E-5	0,11429192566256127	1,5051744166592775
3,411376760752644E-5	0,11427713229162727	1,505153515172526
3,4090454958404453E-5	0,1142574924785219	1,5051180483749689
3,4090454958404453E-5	0,11424374046423984	1,5050882497988551
3,4090454958404453E-5	0,11422929465954282	1,5050501650617278
3,409037146905192E-5	0,11419928386601567	1,5049851499351465
3,409037146905192E-5	0,11418131727016557	1,5049851499351465
3,4054574145716616E-5	0,11416706240501234	1,5049778677974626
3,4054574145716616E-5	0,11415189098238498	1,5049778677974626
3,4054574145716616E-5	0,11413436449436182	1,5049069663736505
3,405128970602317E-5	0,11408704947660633	1,5048821886957242
3,405128970602317E-5	0,11405927822454079	1,5048821886957242
3,405128970602317E-5	0,11404232657462321	1,504833085597015
3,405128970602317E-5	0,11402006723746756	1,5046720067880852
3,405128970602317E-5	0,114008252367455	1,504671653338346
3,405128970602317E-5	0,11397974086158288	1,504666254963662
3,405128970602317E-5	0,11388989728010059	1,5033676772626519
3,405101784205743E-5	0,11387413152185376	1,5033297206850622
3,405101784205743E-5	0,11384198992889488	1,503295896212006
3,405101784205743E-5	0,11382642153828568	1,5032646035008985
3,405101784205743E-5	0,11380803083762212	1,5032357449478684
3,405101784205743E-5	0,11376389500115865	1,5031564208430186
3,3921910037703854E-5	0,11374426252210226	1,5031564208430186
3,3921910037703854E-5	0,11372050114781806	1,5030293951001956
3,3921910037703854E-5	0,11367389398231138	1,5030223278724122
3,3921910037703854E-5	0,11366265027205923	1,5030223278724122
3,3921910037703854E-5	0,11364724444732378	1,5028223865882029
3,3921910037703854E-5	0,11361674497779693	1,5027570619700554
3,3921910037703854E-5	0,11355518873669602	1,5026932208912294
3,3921910037703854E-5	0,11353591981010153	1,5026932208912294
3,392188661678045E-5	0,11350269000762077	1,5026932208912294
3,391856313198379E-5	0,11349647213807439	1,5026066038272843
3,391856313198379E-5	0,11346540757597146	1,5026066038272843
3,391856313198379E-5	0,11338121645552818	1,5025717166812325
3,391856313198379E-5	0,11335644503778672	1,502465103001995
3,391856313198379E-5	0,1133443312860522	1,502436058431521
3,391856313198379E-5	0,11331170377089532	1,5024087323342525
3,391856313198379E-5	0,11328742221911908	1,5024087323342525
3,391856313198379E-5	0,11325283017220401	1,502373118629466
3,391856313198379E-5	0,11323192941684775	1,5023219016581328
3,391849349793074E-5	0,11321949963043343	1,5023219016581328
3,391849349793074E-5	0,11316875749568563	1,5023216384881377
3,391849349793074E-5	0,11316065775095988	1,5023175191978826
3,391849349793074E-5	0,11314670180323225	1,5023175191978826
3,391849349793074E-5	0,11313653780346111	1,5023175191978826
3,391849349793074E-5	0,11312245605198804	1,5022160812251266
3,391849349793074E-5	0,11311357498989326	1,5022160812251266
3,391849349793074E-5	0,11308966433176434	1,5021128332832219
3,391849349793074E-5	0,11306983828804651	1,5020933026443513
3,391849349793074E-5	0,11305788025556888	1,5020711429568017
3,391849349793074E-5	0,11303474880072731	1,502068604097997
3,390616115242091E-5	0,11302320440885424	1,5020248619988297
3,390616115242091E-5	0,11301404902788544	1,5020248619988297
3,390616115242091E-5	0,11291265947915537	1,5019880169800695
3,390616115242091E-5	0,11290180010564961	1,5019800278598683
3,329522561637227E-5	0,11289010251069145	1,5019531597761786
3,329522561637227E-5	0,11288424929669091	1,5019531597761786
3,329522561637227E-5	0,11287073818888023	1,5019384910735836
3,2975081023109515E-5	0,1128624170688502	1,5019056808656666
3,2975081023109515E-5	0,11282118239582807	1,5019022901999497
3,2975081023109515E-5	0,11279889791148003	1,5018719356862413
3,2975081023109515E-5	0,11278953757638581	1,5018386970589646
3,2975081023109515E-5	0,11278265731792063	1,5017956550286906
3,2975081023109515E-5	0,11277459546065564	1,501793165800242
3,2975081023109515E-5	0,11274829819350024	1,501700495993888
3,2975081023109515E-5	0,1127114984810784	1,501604473423375
3,2975081023109515E-5	0,11270179803274828	1,5015679885040327
3,195759133626333E-5	0,112682296787462	1,5014947194044654
3,195759133626333E-5	0,11265191865381889	1,5014505370732854
3,195759133626333E-5	0,11264177825200129	1,5014505370732854
3,195759133626333E-5	0,11263103652689103	1,5014477549538747
3,195759133626333E-5	0,11261095902833652	1,5014477549538747
3,195759133626333E-5	0,11260237103664149	1,501399686032584
3,195759133626333E-5	0,1125868056291928	1,5012807289871
3,195759133626333E-5	0,11257434988324994	1,5012792262373393
3,195759133626333E-5	0,11256396180315444	1,5012472142280342
3,195759133626333E-5	0,11255050789532225	1,5011808592742226
3,195759133626333E-5	0,1124990024068932	1,5011595446863293
3,195759133626333E-5	0,11247599709168637	1,5010671415406887
3,195759133626333E-5	0,11243196685629593	1,5010607725010068
3,195759133626333E-5	0,11237843175974682	1,5010607725010068
3,195759133626333E-5	0,11236448538382576	1,5010503768593373
3,195759133626333E-5	0,11234181020229944	1,5009646301487751
3,195759133626333E-5	0,11233382347912123	1,5009646301487751
3,195759133626333E-5	0,11230302550553498	1,5009646301487751
3,195759133626333E-5	0,11229232190783761	1,5009646301487751
3,195759133626333E-5	0,11227525092038938	1,5009463292807441
3,195759133626333E-5	0,11226844626017059	1,500887900402341
3,195759133626333E-5	0,11225855615350255	1,5008467497984919
3,195759133626333E-5	0,11224283808834416	1,5006977729577045
3,195759133626333E-5	0,11223030361177408	1,500625450338359
3,195759133626333E-5	0,11221658025065677	1,5005570214532986
3,195759133626333E-5	0,11220359375903875	1,500467081495102
3,195759133626333E-5	0,11219254556163422	1,500467081495102
3,195759133626333E-5	0,11217724321148259	1,5003021599447046
3,195759133626333E-5	0,11215460463495486	1,500277143883675
3,195759133626333E-5	0,11204274229447064	1,4951185378114296
3,1887551467620675E-5	0,11199133185782963	1,4951018004910133
3,1887551467620675E-5	0,11196838378419985	1,4949213210591796
3,1887551467620675E-5	0,11195272571927374	1,4949049553965894
3,124695951015699E-5	0,11193301063529942	1,494849071393555
3,124695951015699E-5	0,11192108982248267	1,4948119966183027
3,124695951015699E-5	0,11183368861805519	1,4947914403519866
3,124285974401876E-5	0,11178760617778835	1,4947065215243467
3,124285974401876E-5	0,1117755202886114	1,4946594128497543
3,124285974401876E-5	0,11176227567780779	1,4946244402696447
3,124285974401876E-5	0,11174506856035625	1,4945868365705792
3,124285974401876E-5	0,11173987110560199	1,4945868365705792
3,124285974401876E-5	0,11172169781922862	1,4945766974379548
3,124285974401876E-5	0,11171282744366856	1,4945766974379548
