127,78182148301775	302,66652879012884	496,7725494225966	82,58442161168074
127,7355738647397	302,59200958788887	496,6754516071149	
127,56227120678224	302,29346622204775	496,3349574032759	
127,3923670034277	302,00014524845574	495,98558545823573	
126,50300443176413	300,80325216014836	494,5148480396131	
125,70066763743692	299,6680021705151	493,05547253175445	
122,8840685359662	295,8268667148503	490,24293034450915	
120,86821665253711	291,8498556180498	486,5566018161831	
114,5603058590204	283,6456781789272	483,04315979644986	
107,11791430748333	276,14621000178647	479,5776418153471	
105,49468057629716	274,4406721422987	479,0795241949298	
103,460653963568	272,7257939121713	478,56842401388764	
98,04464445770326	265,94664617235713	476,54487769907695	
92,21509201974435	259,6567900704442	474,3910825814183	
91,83040484483843	258,2725324691995	473,9320528725379	
91,22899127423857	256,8860770444855	473,46335594044757	
86,2307803230831	250,8983217009422	468,8896725331215	
81,83053140241417	245,03651633304133	465,8006135931292	
80,51613976717333	243,95835517961433	465,3682519091032	
79,84547164768763	242,90906532163095	464,65105575090666	
75,43651736792177	237,61552016070289	461,58550045450676	
70,93107143707796	231,98212639187437	459,1662823095391	
69,95545765462278	230,77079955401902	457,85318932498774	
69,77546294566314	229,476715221166	457,214854484858	
66,16437288690585	224,06925487072968	453,8531654834412	
63,521147365120676	219,1707493838336	449,93904142704594	87,21008559215318
63,43485996795032	218,03610093801882	449,7755515387446	
62,96901272580733	216,8217961945673	448,45199810175814	
60,25467345212066	212,14244888060264	446,2931491868899	
58,578746084690174	207,30742163926436	444,5541106518168	
57,805935736190975	205,79228605897436	443,7082863381251	
57,17470890828843	204,39161840852788	442,69919978688165	
54,69296619321255	199,58425048243916	438,30919673666466	
52,69053598060918	195,0148773463941	434,7864312317554	
51,8465074768239	193,44851188933495	433,6627136047832	
51,26055853598346	191,89920635048745	432,74232120369663	
49,45459944788	187,62174841590348	429,9118085403041	
47,377611986747134	183,65482701983817	426,1431456380302	
46,68534185567917	182,24100895925068	424,92780481687186	
46,281065065940744	180,5927747713254	423,4844739895444	
44,721109794137945	176,39855047582606	420,79946024757226	
43,80965698790787	172,41220762293653	417,2001619345247	
43,268968384867215	170,6021807493541	415,4635986693644	
42,83379570346159	168,8414310603577	414,6261046077759	
41,28077577837134	164,85022402543632	413,7559838116604	
39,787913930384036	160,98541865668042	410,9744677375132	
39,49992485181273	159,2661379386401	409,0575044708692	
38,570935694161705	157,45308862087103	407,9700243951769	
37,33509064645063	153,84465870058307	405,1716672050883	
36,333082484072314	150,28090558132743	400,9997563895484	
35,77287127046335	148,43391554406463	399,43986464014785	78,45433911841656
35,25252283670138	146,47859846810954	397,40180959846214	
33,72461529588996	143,19205295999222	392,75544475023975	
32,26542504550386	139,96931708931615	388,74074848876523	
31,767248577762462	138,30275074556639	385,537446114942	
30,790329296698516	136,70490377666837	382,86553282829277	
30,119349728302833	133,62566774386994	378,82611473196295	
28,843782759100268	130,49102038648613	374,6009523052349	
28,28805653569797	128,87792511752264	372,8001614085348	
27,80612863046914	127,50420683581972	371,4964371672892	
27,23726243854711	124,73757498501047	369,34413959276355	
26,13634002995725	121,87970350654172	366,6285432255037	
25,55895015946432	120,02477353627553	363,49256505353793	
25,32581013802048	118,26549947617724	358,9362004073921	
24,398072819934633	115,58202278206436	352,4498550175062	
23,83353047639072	112,9289488872307	349,6654692370288	
23,38948678522166	111,1161866572096	347,7701630322215	
22,94438694153184	109,4845125747473	345,52224141503814	
22,081435820394837	106,93460244365906	342,0639120752383	
21,27774413603267	104,41371195017479	338,71251373125574	
20,819176043599995	102,78352941819284	336,0070525852954	
20,341669664638363	101,16153856294133	332,7917899054501	
19,784743625974592	98,96361483357468	329,24413718379895	
19,250664811299053	96,81026658534118	327,62770439967636	
18,768356521259875	95,04258805033892	324,59237333974863	
18,307897768606583	93,39824951307895	323,61164765425855	60,902613846319994
17,703808347108417	91,43030939186072	319,03714983474146	
17,523532341252235	89,42944206377075	315,48054329759674	
17,11377270045799	87,85617674058857	312,0011210481821	
16,81261219270998	86,28354950079984	309,7163953887854	
16,5949652822587	84,4762947705298	305,78934845858777	
16,10905948779663	82,51045675298182	302,58021311390786	
15,95903218066647	80,95049758148087	299,0105465936884	
15,437818719822383	79,62199342447242	295,8476865881713	
15,0465407627801	77,88272204402399	291,59355953041137	
14,875927276811296	76,02271153426537	288,02856343028594	
14,602573507717771	74,48241803274908	282,1100198481699	
14,244220341680684	73,09370572594298	278,8355342587909	
13,864331501315725	71,5566511377704	275,5945102310219	
13,595971822410297	70,06572591644758	271,2288975953337	
13,175138547121444	68,58624598282195	267,7191637507323	
12,773044052871766	67,27017245341473	264,6649563615633	
12,650119743931576	65,7847650367912	260,2632668770819	
12,533216839244467	64,53292844140599	256,57735458537854	
12,325708591457037	63,2773820573511	253,40028819347197	
12,094896999130471	62,03276602611899	249,1338131035157	
11,956098931257586	60,776916941638916	245,6282441827656	
11,85631879783121	59,591413411235756	242,66468845909247	
11,648711421644975	58,50802802427881	241,13096796573205	
11,321225310650373	57,358058451679774	236,32508323973443	
11,05297416084018	56,20432734271208	232,4872268574383	41,47146417183174
10,966369467756815	55,04748939635682	227,63779578855016	
10,557988141577257	53,93148659154371	223,43703614637573	
10,368401779277168	52,87650045430128	220,0325998499939	
10,238845576804058	51,991997536696324	217,83167059726426	
10,089037859312503	50,87044600310907	214,47503034386784	
9,790174759690263	49,90457336829166	210,5066096684193	
9,63511954527171	48,98844266115362	206,85393876774992	
9,53744974181262	48,11260584095277	204,57560746776886	
9,313175519224998	47,10677717569872	200,80547637378461	
9,156288607698048	46,21668474512681	197,9535273675197	
8,906490901805995	45,373446256657715	195,08833364998569	
8,759155137352572	44,4221083238025	190,94154660143303	
8,711343835216235	43,629947903238666	187,99211215624317	
8,64283988998332	42,78055312523042	185,6355408407323	
8,571224758544801	42,007872996014406	184,17730574709591	
8,447446151709148	41,26014191543587	179,04632414696877	
8,367269984145633	40,56574886389964	176,31771178366034	
8,223470786546454	39,785832308125734	173,17774934978513	
8,188565170223788	39,0591579790755	170,00173368927634	
8,125328016703486	38,404123919760075	167,411387024521	
8,077448550275264	37,75086916607998	165,27478390175068	
7,95139406421838	37,10933324189161	162,80527683524116	
7,805418143197715	36,49940315051818	161,35300317442758	
7,758076943164441	35,93847823813991	160,01147704299564	
7,661748355630681	35,405050335311415	158,09018904643594	27,2063349628488
7,482369866171604	34,77749967141531	156,18217726398814	
7,4148852142052935	34,214163469718955	153,03411675599483	
7,40054553877076	33,65991191180547	150,38719299900032	
7,318968232407508	33,10636385618963	148,1409265095432	
7,1434996290254915	32,542798466380994	145,74625687858307	
7,0511131730173044	31,979849641930844	143,63410544933924	
6,942265674557076	31,47596175439005	140,09738620071258	
6,793258857399153	30,99377275574601	137,26574449728696	
6,644270124577254	30,461660811635905	134,81220877337174	
6,591995743322135	29,949675726584665	132,28637677054138	
6,572255334063876	29,53658619425842	130,4833801032183	
6,501317406586713	29,13663321407111	129,15492349744162	
6,432024286840513	28,647903829556782	127,41718071771875	
6,344655173104926	28,160719460888274	125,20920793437297	
6,330652873997909	27,746538505897846	123,08844228658727	
6,264284240986422	27,382356453346073	122,48177291241181	
6,2517373363157	26,927828384537655	120,30118923290945	
6,209724855076318	26,561349311780482	118,78968700242959	
6,170579934383922	26,21441830553948	117,49028930936367	
6,144782415696857	25,864391927810843	115,02342632214281	
6,020794858620441	25,516187287658	114,09673232790837	
5,960446523184935	25,111027308970165	113,02903342484765	
5,958146793156302	24,798347565691437	110,60723768061175	
5,939444823336783	24,466631792339104	108,61329004163912	
5,876142436731106	24,14388153465899	107,04379044141623	18,042392391555758
5,7911865633810065	23,82095575781535	105,93360926380765	
5,701770082453172	23,52548354679956	104,1339335043071	
5,618397439483881	23,216496559176615	102,03901055180026	
5,603886337214069	22,881242759628652	100,83636067430011	
5,5109138790814916	22,583322582168122	99,76860412988826	
5,441840915170484	22,328879144476115	98,71793030650362	
5,441518941536876	22,0717766345264	97,79639132570763	
5,368973356328712	21,75858897279696	95,93040589390448	
5,320542968693113	21,45983668937452	94,06077447093932	
5,267290875371516	21,239926418156628	93,45813364158649	
5,2173908198715715	20,996884186601104	91,87625881628513	
5,208613712712105	20,719278193730453	90,52361883330714	
5,1397190027551085	20,46167348075483	89,80537860687619	
5,109013265288928	20,24216576823202	89,38206330297712	
5,065745443301031	20,043944085426116	88,58104811413529	
5,04116400855292	19,8011871669474	87,64223321526637	
5,026254566626023	19,54130277872195	85,91264146528691	
4,967032106277332	19,36450298851684	84,45444765432933	
4,937333546590079	19,184815981712358	83,82243459489241	
4,906481818338213	18,956868470955975	83,30522524296772	
4,857648835330134	18,729264851987057	82,57224186182411	
4,816036207268102	18,521750619580356	81,27881197844539	
4,80299791277935	18,327226758340082	80,22821355381359	
4,761592961164253	18,10919636815692	79,4891735090288	
4,753951457328893	17,89285165111145	78,6510675081085	12,901340896993458
4,740527773251055	17,706202290670134	76,9385948575908	
4,703198488837817	17,517123688084887	75,90294440837062	
4,691974699413982	17,332451599424957	74,96818861792421	
4,662614664975878	17,15238018409315	74,2898938529693	
4,649052168407607	16,963226362267495	73,06279483977397	
4,591238916466587	16,81018513079687	72,66491484059847	
4,577279072302853	16,62137513386858	71,62288578334031	
4,5465055485779375	16,41208038165095	70,78857184800782	
4,546334695730355	16,257438817178752	69,98867229488688	
4,496864061432394	16,118152098474955	69,48298526194638	
4,465288929833053	15,950218176851294	69,07070327991889	
4,4345361771144205	15,753906993434565	68,1226977974213	
4,427365486499615	15,598067825480676	65,62958810777322	
4,424051911258018	15,467264172629937	64,54459041004199	
4,40441213597076	15,301892046599159	63,99877100054195	
4,379599895191335	15,133512581775532	63,442858922583746	
4,37841164598336	14,978578139744641	62,29529094126737	
4,358945851000797	14,840783725505265	61,31929116295747	
4,323433620984837	14,69165354452329	60,89866246973966	
4,305909311984081	14,55784989550034	60,533161781346365	
4,269387129580034	14,417655786323799	58,777171815118216	
4,236616608487788	14,305472541300444	58,298477089513725	
4,2131921981223055	14,170628896306871	57,31333652348093	
4,2131921981223055	14,045602179283721	56,72140531592764	
4,212958721305389	13,937032714343355	55,6753166591229	9,179960160411698
4,1862412473323545	13,818008700686029	54,73322050082761	
4,159882717825379	13,679052749599423	54,11086145818019	
4,102989746421055	13,533038933873009	53,367756741420514	
4,102989746421055	13,416343045099907	52,57649960958887	
4,081565952600604	13,326128766285672	52,18822847017387	
4,071780057679913	13,215054301908422	51,949641516234294	
4,06435390468401	13,102919004497071	51,29649984979414	
4,041864356705132	13,021925424224744	50,60439302626082	
4,0280026590236675	12,913397383403264	49,803795877963154	
3,9772945292336845	12,810734037041652	49,407317330662984	
3,966420225689806	12,704612351603021	49,0452330938246	
3,945849484877286	12,616089105128067	48,513204365626834	
3,945849484877286	12,538452903735815	48,395404113972255	
3,9340360368809417	12,42625756963464	47,46835897808667	
3,9260344140188055	12,318379347308992	47,109889844693946	
3,9214790724460546	12,231789879612757	46,67486945961349	
3,903026887030429	12,131096643013459	46,211338777225876	
3,8920074487822798	12,031563892441062	45,50901299783256	
3,879338289523562	11,943153046535626	45,207665710882544	
3,8715989995529294	11,860560044275324	44,9241487199098	
3,871584912577015	11,776965330876171	44,71426198212021	
3,8372061673171	11,679274248703038	44,46919557874845	
3,794941162916514	11,596367273306521	44,140753568837624	
3,779918979161859	11,51825780941999	43,69631675033234	
3,779918979161859	11,446964115430918	43,40113997055436	7,141689074610798
3,772370973581099	11,377235203322785	43,197040398427234	
3,7670837606561576	11,304823892578252	42,972901185844854	
3,753084060561531	11,2376964827416	42,50808717596219	
3,74828213429081	11,15633203913992	42,2660177559372	
3,7333913579937077	11,081566725742913	41,76158227545063	
3,7278926122550744	11,004726838240323	41,26796830122893	
3,7278926122550744	10,941716876048417	41,02276903691206	
3,7092466831363904	10,875394085844604	40,59868645088168	
3,682842061018517	10,800677917561805	40,350218206557734	
3,669215206325968	10,729151900783537	39,94196482657282	
3,6438979734693158	10,653423278345949	39,47998972266495	
3,5875848605695047	10,577764774306724	39,259096637128465	
3,5866798933125374	10,494985572599333	39,053679670179896	
3,5826570577561245	10,419758001444151	38,829293846134405	
3,576213829162255	10,346588490577718	38,13801532810038	
3,5654839040185973	10,27759194487793	37,73920952463129	
3,5654839040185973	10,212056900965328	37,44757870510914	
3,549176775913762	10,150226199583926	37,224697506925736	
3,538388825417658	10,096307119413437	36,95380543023734	
3,518631332950607	10,03778248781201	36,65556033049132	
3,4983497282896945	9,977560263762234	36,1659959231765	
3,484049110596644	9,916903323965132	35,996198649497885	
3,4679063435823925	9,865364388329983	35,75182951949417	
3,4676353510627833	9,811406397480486	35,54693043615766	
3,4357629163969676	9,75774972297143	35,373685839454744	5,774116935412033
3,427269461903362	9,693831945771771	34,961371576314015	
3,4056051817700124	9,647022495047006	34,79135606508129	
3,403847289674362	9,610660776460316	34,63043984360898	
3,3907904397491677	9,554550556132234	34,46086110888883	
3,3907904397491677	9,497204802219786	34,284309047304156	
3,3778546261350924	9,440832557414144	34,04209440116641	
3,376141663895262	9,392476156727355	33,75142248353347	
3,363568989673072	9,337733992839574	33,55721633204471	
3,3518963350817703	9,293335105488742	33,38693591181391	
3,338370211364944	9,246625981597052	33,097638270610354	
3,3203660874103544	9,197856491762211	33,00591799026882	
3,3003763075271966	9,149706699561937	32,586872223051024	
3,2968531431445927	9,10566262535715	32,54928274001465	
3,2859035122624785	9,065507184256159	32,271689979002474	
3,2514959728235118	9,019901971500522	32,081632422161576	
3,2488245556933095	8,979521148294285	31,89509692662172	
3,235584577064943	8,942226131279249	31,74243829135383	
3,233918863516038	8,911561563166927	31,66627621638505	
3,221066473569571	8,871338859932308	31,51364483955818	
3,216284736737233	8,835872170921935	31,452549553857175	
3,2161703120060303	8,790648784809424	31,25810400042115	
3,2094950327307714	8,7487222299962	31,088546963517548	
3,2064727202072465	8,707755893393342	30,953862390117873	
3,2050802329149697	8,662968528622688	30,71586333402653	
3,2031129851949838	8,630058963720806	30,52562416633334	4,897751593764001
3,1944396244845894	8,581550020230283	29,797361561787106	
3,177790033344691	8,540905845934383	29,641227208367845	
3,1691095680164665	8,501526380373344	29,522964135688998	
3,1568651818574427	8,461374393846238	29,403652835774018	
3,15302125935228	8,428765625899421	29,327630889195905	
3,1424958222736996	8,386750445487106	29,229823154993266	
3,1352814090462027	8,345769216587751	29,107842366961414	
3,123703297085719	8,312840544136145	28,77088363532878	
3,1193943958439236	8,286860493059121	28,740003288255345	
3,095823443337989	8,255925248207827	28,69769702911172	
3,088531209891499	8,221922755334663	28,479824247255827	
3,0768985266771574	8,18088452124408	28,296700299157184	
3,0757642710602	8,153116160620062	28,169098417152764	
3,045535430720869	8,119197067945784	28,058793295870906	
3,03588105953027	8,0843212634106	27,98967796756793	
3,0336158063985197	8,054294956556987	27,900278411917547	
3,023501934046788	8,028457421707282	27,76327928214718	
3,0115115782213917	8,000233939003584	27,620735766309885	
3,0115115782213917	7,972261309642729	27,510040365979343	
3,0096579579767853	7,9424854694704194	27,245334690251173	
2,999513052718839	7,9049679534931645	26,887501472946493	
2,991156818288043	7,88006730951125	26,81160718967984	
2,990824357873551	7,861302530272021	26,740967810066163	
2,9906406719194463	7,839950650610356	26,707273062572163	
2,9900422207277035	7,8091197845627685	26,512274241484732	4,2299154487317665
2,980780265933877	7,782535764399301	26,354331158951332	
2,952628284540753	7,749262128710777	26,22055138135611	
2,9297085883510334	7,725832317335927	26,11261610041631	
2,912892578356077	7,697299718376943	25,99132915438853	
2,9120347355799874	7,6677360497041285	25,819975689672006	
2,8995640334358526	7,642194778757195	25,62819340140506	
2,8938974157707764	7,602689203787817	25,054517434046684	
2,8938974157707764	7,574316493410583	24,96903376218251	
2,869347479975524	7,546594096805186	24,83164333051921	
2,869347479975524	7,507619947748213	24,066906762320546	
2,8592609550661963	7,489466680535827	24,032176934810774	
2,8576289470652902	7,462580931833945	23,73168852438425	
2,8515550058436605	7,44104682395158	23,6733106885813	
2,8493782243642936	7,4102603578233674	23,361289619527188	
2,8489987948792357	7,383420723443339	23,28887918970294	
2,848825814194247	7,3621915823707536	23,11449813436567	
2,847925094576827	7,3452213554727575	23,08356319988247	
2,847925094576827	7,316437591287857	22,793883545326263	
2,8454332161062514	7,293944120214692	22,73532718345389	
2,8321118692829703	7,266582149532039	22,38157748974533	
2,8142592714074777	7,240700960252877	21,879018916064684	
2,8110249844769437	7,213574994846446	21,728550847549144	
2,8110249844769437	7,188340323421543	21,59046725750212	
2,8069807990035933	7,153389849101691	21,483805590769084	
2,8039178458284937	7,135673932625825	21,44424848472675	3,4404001259341594
2,796184831309844	7,115898789079845	21,28934809166001	
2,789145349190592	7,092699043373517	21,22734961475271	
2,7780713766011695	7,073760483155406	21,15710855863508	
2,770070671463896	7,05362358050961	21,089942633564	
2,7691155008350172	7,031171897015123	20,896267617516813	
2,7573554835668337	7,008646102298581	20,670773429569444	
2,7572388600707556	6,985167292667587	20,48393395139232	
2,7497254400780395	6,9658761871410455	20,23644763062826	
2,74806776014788	6,943498649306565	20,114759193062646	
2,74806776014788	6,922091025229173	19,810283282601553	
2,7463170317668335	6,902860949559462	19,769000394689964	
2,7463170317668335	6,885271318488241	19,572880082242502	
2,7406365872252434	6,866790141608204	19,475897514734413	
2,7406365872252434	6,8467109932211905	19,311659130559686	
2,736280256624342	6,825468428750983	19,205858993581124	
2,7344918782496226	6,802333806374078	19,034444811381288	
2,7335044782587765	6,786589960340652	18,9690163938435	
2,7237301650126033	6,769497202480714	18,904019978848158	
2,7229721269809524	6,753997273362919	18,890964496358595	
2,7204758293420634	6,733323089649225	18,821546646083384	
2,7200868504140083	6,718884378965262	18,658025601729744	
2,7192796497274956	6,706216306449936	18,64010816094144	
2,7192796497274956	6,688906825147259	18,559386651473826	
2,7149663304772718	6,673087374920548	18,409201068002186	
2,7149663304772718	6,657507518017818	18,329659923915393	2,9934622529605086
2,7033568714482503	6,639469786449688	18,248434485513986	
2,7029663583422807	6,622180484485429	18,099715853258324	
2,700984598925841	6,604258118589042	18,063635983403934	
2,692600262909528	6,585787782369188	18,024160761813324	
2,6911007742849966	6,561174009856765	17,43332681158557	
2,690146420975134	6,542208736399967	17,311737172644	
2,6805521919927817	6,512194920170241	16,587253534076932	
2,679018606331456	6,490661957431929	16,49149622774157	
2,67838277046077	6,4726224137600115	16,41244753080772	
2,6779306926073327	6,4588551418928635	16,385382044319698	
2,677495422266278	6,427282588020324	15,676546701416424	
2,677495422266278	6,412322354228017	15,673811216078718	
2,676914102591341	6,398892351223013	15,593235138855983	
2,6751082243821798	6,387611155206749	15,591442159863716	
2,6751082243821798	6,37475597439394	15,464654367339037	
2,6748876692007575	6,362174565198709	15,424166748838154	
2,664046221500243	6,343974410005344	15,261868024486624	
2,6615513308753362	6,331750231946319	15,251991097209084	
2,660161219073653	6,318384594591617	15,186761872336236	
2,648703899795157	6,300432675487238	15,130429372250724	
2,6487035763532756	6,289872554716157	15,118428594996125	
2,6435497561011068	6,274709264877703	15,116213237044633	
2,637532456101285	6,260293150108106	15,081363907057257	
2,630200607641166	6,248641116043853	15,048798904295516	
2,6257641417991215	6,235812583077981	15,011238358414621	2,476259785459112
2,6257641417991215	6,222293137106967	14,851789232776289	
2,6257641417991215	6,2002915830316105	14,494327160035512	
2,6208672997401425	6,18138225857891	14,30771764155074	
2,6207868985757035	6,168091693904451	14,264208429958702	
2,6207868985757035	6,1538843391751525	14,10892531075838	
2,619014581888241	6,139062020456098	14,045748184276512	
2,6094057381788063	6,1195670274095235	13,735646859298575	
2,6068089138014976	6,107275330085669	13,620538250351487	
2,599786268183713	6,0932125369580215	13,500483264220685	
2,584114552152781	6,076387195683343	13,313949945536159	
2,584114552152781	6,064495725124846	13,29874923336063	
2,584114552152781	6,050520333642595	13,288399408935023	
2,584114552152781	6,0394101199579	13,243338328129184	
2,584114552152781	6,026477023008973	13,236069296910964	
2,5837011850423632	6,015195138419974	13,222038987812967	
2,5662822885200773	6,003600298460066	13,16676232808478	
2,565834083394086	5,991518263496124	13,11581759518553	
2,5644644684307285	5,9767131082927065	12,845482931545327	
2,5644644684307285	5,962141987200913	12,806882958927474	
2,557846371350192	5,947441233509804	12,798794332216401	
2,5482775072940456	5,937821406830421	12,777828807116832	
2,5404588170354367	5,926061018474149	12,753581250614229	
2,5361721022105574	5,912206037275724	12,645917024908169	
2,531154260657267	5,905610589870495	12,631641280539702	
2,525517514461129	5,894437881097113	12,626680678043943	2,1230467751264417
2,5232510345280637	5,88467555429526	12,62542966317019	
2,5210603173973656	5,8697496650393495	12,394397042813745	
2,514737270399018	5,855580614616794	12,36817810733327	
2,5112942583121423	5,844823644029982	12,322423912410526	
2,4996146971059523	5,834698231711078	12,306845969137976	
2,4918263505604	5,825958534609464	12,286903644671677	
2,4918263505604	5,8164678882410135	12,274726428292738	
2,4915380079818883	5,808554995425704	12,257888414623578	
2,4915380079818883	5,7994468661865675	12,243294117102574	
2,4912117582725553	5,788304794229698	12,205858804051275	
2,4908681993056443	5,775239449304576	12,143938899788452	
2,489614479670902	5,763521742082325	12,105197926867408	
2,4806956050159816	5,75417504226306	12,09782174109186	
2,4806956050159816	5,743372047434592	12,045305285554539	
2,47906402244466	5,733883904636134	12,04057761337765	
2,4759296364766827	5,72412788711988	12,032865055047987	
2,4759296364766827	5,717837960598072	12,02858268806557	
2,474054512714774	5,710695189300169	11,992587424871097	
2,4702044954534186	5,701278602179446	11,96312573961274	
2,467760591983505	5,693006604122132	11,954766829567859	
2,4671651743732097	5,687358764279156	11,950844152800649	
2,4659207170845887	5,6779250780119375	11,920369849868766	
2,4611161479684056	5,6657434750326265	11,909222467700253	
2,454339440113661	5,658089799001052	11,865763032437803	
2,442971415148515	5,646135919856854	11,8404354606366	1,9736460682841215
2,442971415148515	5,638891589937714	11,830415220557798	
2,442971415148515	5,633771559609927	11,811643978147293	
2,435681041433758	5,623305233612324	11,805174658853621	
2,4353531956437147	5,615987257946989	11,795930959773644	
2,435106863349112	5,611759542881078	11,792747046344239	
2,421850467672475	5,603874913041336	11,782129243081881	
2,42041524034782	5,589760721956491	11,71911145215422	
2,414673180109506	5,579668337317332	11,676545728230998	
2,414673180109506	5,572012443362634	11,65856289560517	
2,4126711669558243	5,561436343098413	11,550847787248342	
2,402811482855243	5,554875503578237	11,512230088192682	
2,4027361196573525	5,549348251047717	11,493919626912973	
2,401620907303134	5,539194156859108	11,48626602250379	
2,401620907303134	5,528166831504304	11,41947131250291	
2,3935119055592633	5,518718695215648	11,402825356122777	
2,391933975908681	5,509505498322358	11,36910077955931	
2,391933975908681	5,499854425282649	11,342788336893484	
2,391933975908681	5,4899844619216935	11,278515091690705	
2,391933975908681	5,481246544573193	11,263898218879017	
2,3918735996384	5,47263109005219	11,246250645904418	
2,3873186084241813	5,464820961491715	11,198608005004532	
2,3760874870684248	5,455432614521766	11,179773872424349	
2,375797209519533	5,446322914881437	11,164041370744464	
2,367454903840441	5,438679878458955	11,125613415267244	
2,367025096034083	5,429846117392575	11,049515574152316	1,8566236690483027
2,3664507426519523	5,422113809648473	11,034726772311764	
2,365644126106352	5,414785069935843	11,006237019628358	
2,3650174269947493	5,408226982282388	10,994442231288009	
2,3575761222166323	5,39809049109126	10,887815157139373	
2,35526525854125	5,389191629291514	10,850510217418478	
2,35514749350064	5,383257499001466	10,822319249831722	
2,3544442249614512	5,375003366786846	10,822033358611607	
2,353455636009072	5,370160872638966	10,82064411919452	
2,3483163482496168	5,36216737951187	10,804747145875917	
2,344327573536704	5,351853836826098	10,75168346744018	
2,344327573536704	5,345103013529414	10,736769783041803	
2,344327573536704	5,335607236460467	10,697976019700981	
2,344327573536704	5,327589434049274	10,677259750294239	
2,3443063421650496	5,316262856596511	10,652646384358823	
2,338611224753965	5,310702447088399	10,63492437359976	
2,3299326074205973	5,30023113162175	10,605131837819417	
2,3299326074205973	5,293596715164878	10,59246348885876	
2,328033671016376	5,288671933654399	10,59246348885876	
2,328033671016376	5,27909736183379	10,571828420046522	
2,3242217219536925	5,270590387222829	10,569439659873813	
2,3242217219536925	5,262574761911129	10,529489513354406	
2,3179309852399648	5,255925125378943	10,521023535250176	
2,314632213422413	5,250751719023948	10,517662232728712	
2,314632213422413	5,2440635949657155	10,486638710040197	
2,314291427449509	5,237176856211792	10,474293359203505	1,7725507576474615
2,314291427449509	5,230658592438042	10,454201472405918	
2,314291427449509	5,225683544223767	10,443084387387165	
2,31282752002772	5,215285963644347	10,399332156106473	
2,309352837812344	5,207823125377042	10,393323175374219	
2,3011361134018014	5,198289084337872	10,372363525047842	
2,2994401545298215	5,190078047467238	10,372363525047842	
2,2994401545298215	5,1843398357080215	10,352713197192047	
2,299414474250678	5,178817328500876	10,350433698666345	
2,2986023272997747	5,171713145531544	10,340443283932284	
2,2983901639969297	5,167334986388585	10,316077046591609	
2,2983901639969297	5,1605830072429875	10,30784116703564	
2,2950234974889376	5,1522515325188545	10,305858986161661	
2,281114182279469	5,146100774642641	10,304168222746513	
2,2796256256502714	5,138008935171528	10,280736669936978	
2,2796256256502714	5,131022911850026	10,251152225171461	
2,278503709074244	5,126295484675961	10,243430123490477	
2,2784946819563676	5,119285416436876	10,201209812866802	
2,2783630652062485	5,113700365838195	10,164542541887915	
2,275361800793947	5,10671909778844	10,1641201505356	
2,2747892981577102	5,099934062008434	10,149647123086542	
2,2743804238366914	5,0949987188649075	10,144505209229939	
2,271455330495882	5,088606086644156	10,083512196995347	
2,256824364817837	5,081301356790798	10,013469805829214	
2,2565698104876537	5,075569154636435	10,005465397907283	
2,2559661595430414	5,07193144673538	9,99812172710032	1,678684575854228
2,2557540813777424	5,067404743180762	9,976385833065468	
2,2556087769817137	5,059944447774542	9,96590942467285	
2,246247908116143	5,0527325453891	9,937329768385954	
2,246247908116143	5,049036541969306	9,892640854958767	
2,246247908116143	5,0437578275686805	9,882514752205822	
2,2454312008856268	5,03444966294472	9,8570932828527	
2,2454312008856268	5,0285202559948665	9,852369269799768	
2,2454312008856268	5,024758540866201	9,832082050821658	
2,2449871601068576	5,020019154623828	9,818943575634554	
2,241847271153434	5,013129483663011	9,800083918750548	
2,241847271153434	5,0080668047813734	9,797534219259244	
2,2311635771776466	5,003444137179674	9,791015668797671	
2,2311635771776466	4,997694175255972	9,750493771306807	
2,2311635771776466	4,993918667525752	9,747081151122625	
2,229995586845366	4,989558464539234	9,746597166238773	
2,229298649885175	4,982542256039077	9,702229505924327	
2,2273235347556812	4,978956984710178	9,694883668680227	
2,2233284772350768	4,973972736069623	9,692958496570235	
2,220060697843573	4,968363153816294	9,686469308119603	
2,220060697843573	4,960804826273464	9,686469308119603	
2,220060697843573	4,955963832070134	9,686222332813706	
2,2176794446240184	4,952285216935984	9,68422367370548	
2,2175892257358836	4,946837569288395	9,662588769545902	
2,2175892257358836	4,941978245311782	9,659831274982338	
2,2175892257358836	4,9342140183034955	9,62696941109664	1,609374160870841
2,210050337902543	4,92747491371397	9,622792466249779	
2,2092677927770223	4,919959445974833	9,620118057237217	
2,2092677927770223	4,916276193990632	9,617437345672844	
2,2092677927770223	4,909910446433727	9,577404040617756	
2,2090618383096072	4,905500449017201	9,577404040617756	
2,2090618383096072	4,901548222659357	9,57674164648247	
2,2090618383096072	4,898218431058577	9,574156686167793	
2,2077736014143823	4,892928095002453	9,567187977273319	
2,2077736014143823	4,888024494698021	9,566911183245203	
2,2077736014143823	4,8846774238732245	9,56231188214435	
2,2077736014143823	4,878275337446629	9,550388656253865	
2,2077736014143823	4,870866985617662	9,550051292332125	
2,203680605341232	4,865785857266598	9,532149338409933	
2,203680605341232	4,862515615521784	9,531769796627913	
2,203680605341232	4,85793126237741	9,531769796627913	
2,1933644368797505	4,85391179790945	9,529022975460006	
2,1933644368797505	4,850844462066771	9,526244506302112	
2,1933644368797505	4,844636891059364	9,509500979702866	
2,1933459734397998	4,841596701130043	9,505131105774478	
2,193148744773483	4,836720118980495	9,503567558285825	
2,1914647261344475	4,8314321598088705	9,462913792341496	
2,1913041725072073	4,826992499350937	9,46103337200709	
2,1913041725072073	4,819795029193912	9,442102929184287	
2,1913041725072073	4,817864330666851	9,44167908498575	
2,1913041725072073	4,813741666672406	9,440080383775625	1,5641786165659803
2,1896980598244378	4,810770437407479	9,425728743584632	
2,1896980598244378	4,805686320217415	9,409666459434153	
2,1896980598244378	4,8014981570890525	9,409666459434153	
2,1896980598244378	4,797305049772215	9,40795641780648	
2,1896980598244378	4,791912420295161	9,400630814065506	
2,1896980598244378	4,785320646930325	9,400476463833353	
2,1833434031747383	4,7817998800982044	9,396226199412732	
2,1833434031747383	4,777444256655474	9,37504236232008	
2,1833434031747383	4,773364161223491	9,374825612750348	
2,1833434031747383	4,767358591738755	9,339366842751776	
2,1833434031747383	4,759492580634325	9,313027219037426	
2,178639303456826	4,754889047540011	9,277710342432124	
2,174090552315467	4,750466453233362	9,271341191008474	
2,174090552315467	4,744653824496542	9,27010347804843	
2,172896559043938	4,738391295646182	9,267177546182978	
2,1724015283270792	4,733108854468064	9,221967849062478	
2,1724015283270792	4,729551471683557	9,217556531218044	
2,1724015283270792	4,7258975296534915	9,203033403328632	
2,1680531838503176	4,722511438219059	9,174999942735637	
2,1680531838503176	4,718139890234775	9,17189477416644	
2,1680531838503176	4,7119309401618885	9,140853264848872	
2,167310113562496	4,70542518769654	9,140695505175394	
2,163741446808507	4,701181145579191	9,13513940333447	
2,163302774522376	4,695944214662208	9,106527605784287	
2,1609410005199816	4,693804695611863	9,105398805417133	1,501477958350512
2,159666516271125	4,689293172764167	9,092492906659405	
2,159666516271125	4,685307479698001	9,08885446795035	
2,159666516271125	4,680570760945805	9,072739768900076	
2,159666516271125	4,677557011999354	9,06981555391056	
2,159666516271125	4,673132858026562	9,0558009426513	
2,155848077662367	4,667674330930013	8,982725747950711	
2,1506479309098014	4,663852117677135	8,982725747950711	
2,1506479309098014	4,6614717115600675	8,968850759946921	
2,150561972661185	4,657995490660098	8,942609375721792	
2,1476725850056577	4,65110526644098	8,902289646265494	
2,1476725850056577	4,646586972267572	8,889013921400231	
2,1476725850056577	4,642755329785995	8,879386115857807	
2,1471829748722477	4,640484493254241	8,879386115857807	
2,140846152524206	4,6361706557592814	8,879386115857807	
2,137964193372116	4,631389484501096	8,871538874585717	
2,1379598366273105	4,625020261576256	8,847022093201314	
2,1345929196103	4,620579338120854	8,841545722157147	
2,1325520097973527	4,6167714410689324	8,841407369913982	
2,132441002595396	4,613682962753449	8,840948678609077	
2,132441002595396	4,608683576985697	8,840948678609077	
2,132441002595396	4,606071762070346	8,839142814925978	
2,1323809993456173	4,60143484752567	8,83709816819283	
2,1323809993456173	4,598089602814756	8,83709816819283	
2,1323809993456173	4,5957974053641895	8,83709816819283	
2,1323725351809104	4,591280777344179	8,83684694679855	1,4680552307862615
2,1323725351809104	4,587489700217439	8,824963353569247	
2,1298885972475823	4,583847874961992	8,824963353569247	
2,1298885972475823	4,57993416467379	8,824963353569247	
2,1245540777722227	4,574526545801947	8,813014172581637	
2,1245540777722227	4,571233461507926	8,813014172581637	
2,1207543559725752	4,566852171455871	8,81158187172726	
2,119320166385618	4,564120314262095	8,810887364196589	
2,119320166385618	4,560760057887043	8,810887364196589	
2,119320166385618	4,556680999619709	8,780260621012301	
2,116522771304875	4,552727283785115	8,7724151566928	
2,115662613984236	4,5467605687735615	8,756768721721526	
2,1154946833212147	4,545086616673823	8,749249994178918	
2,1063280522046064	4,5400502660921145	8,749249994178918	
2,102422220247107	4,536013357281579	8,747953948146499	
2,102422220247107	4,531987172815614	8,735735993321232	
2,102422220247107	4,528495299963622	8,71805243383672	
2,102422220247107	4,526030851743025	8,708929832962763	
2,1016227648628067	4,522535584040465	8,69571840354233	
2,1016227648628067	4,518914798423903	8,651078587357658	
2,0998680247191954	4,515253577898973	8,651078587357658	
2,0998680247191954	4,512296899141959	8,651078587357658	
2,0998680247191954	4,509311524893621	8,637533606259945	
2,094338897029603	4,506528831521778	8,601044561691717	
2,094338897029603	4,502953915769169	8,590924880370421	
2,094338897029603	4,4990719439907165	8,59050620751599	1,4369068975239958
2,094338897029603	4,494672669474275	8,588740466910998	
2,0828390023674017	4,490300599735321	8,588740466910998	
2,0828390023674017	4,485551053531814	8,587385689046464	
2,0828390023674017	4,481359429189654	8,585067304397462	
2,0828390023674017	4,478496588239567	8,575731589227793	
2,0828390023674017	4,474865899657809	8,555858695682549	
2,0828390023674017	4,47227958660784	8,542408242523297	
2,0810959012432884	4,4695772216282	8,533427809711126	
2,0810959012432884	4,467250542124706	8,533225875637925	
2,0810959012432884	4,463729016708922	8,532823264943332	
2,076699345872377	4,462111911892208	8,532149021113087	
2,076699345872377	4,459226750352314	8,529659749013359	
2,076699345872377	4,457136984690027	8,529659749013359	
2,0766001623690142	4,454502133241665	8,522286896260693	
2,073968719022299	4,4507656395693775	8,518274150110637	
2,071976593200466	4,44725471060032	8,517144670663102	
2,0715364222029398	4,442226066052832	8,51709639459661	
2,0703262915312517	4,439275949620715	8,51335993341229	
2,0703262915312517	4,437318010657367	8,51335993341229	
2,0634857714882453	4,433400782358474	8,506987166618101	
2,0589820063148507	4,428644609881408	8,500368448972502	
2,0589820063148507	4,424811672964936	8,464374468253528	
2,0589820063148507	4,42223504796458	8,435174423883659	
2,0589820063148507	4,418134689442785	8,434579215638102	
2,053061237951405	4,415639351289218	8,434579215638102	1,4067632189263946
2,053061237951405	4,414513266584447	8,434579215638102	
2,053061237951405	4,412979855501064	8,411698019567575	
2,053061237951405	4,409172894683227	8,4096451469038	
2,053061237951405	4,403309639145788	8,392812216042628	
2,052127800217608	4,400001334571656	8,385159459136027	
2,052127800217608	4,396984064745789	8,350224021860141	
2,0509621952401447	4,391861279660825	8,318034308030732	
2,0509621952401447	4,389665967954421	8,316558477556026	
2,0509621952401447	4,385504372842051	8,316558477556026	
2,0479385180803575	4,383937312275002	8,316558477556026	
2,0479385180803575	4,380489209767351	8,311470335983692	
2,0479385180803575	4,378014400780431	8,311470335983692	
2,047755934847054	4,375678364272757	8,311470335983692	
2,047755934847054	4,371971200870814	8,302030364401691	
2,0439036125856624	4,368362129297349	8,302030364401691	
2,0439036125856624	4,365146958689253	8,299189269512038	
2,0431099702784348	4,361819634352925	8,277837866065061	
2,0405894521245442	4,359147286197988	8,277837866065061	
2,0405894521245442	4,356907891724659	8,277321640729093	
2,034401718719482	4,353583498742786	8,260196045954617	
2,034401718719482	4,351179901833629	8,260161375228245	
2,034401718719482	4,347933934115715	8,260161375228245	
2,0336868654325433	4,345424885189013	8,260161375228245	
2,0336868654325433	4,342772947651915	8,252980462351168	
2,0336868654325433	4,339089993380961	8,252980462351168	1,3752211075663265
2,0336868654325433	4,334784565219289	8,252980462351168	
2,031530220302627	4,330368190501138	8,233350044048468	
2,0315258651132004	4,326819527775764	8,233350044048468	
2,0315258651132004	4,323419466750101	8,227298208466381	
2,0315258651132004	4,32037965075995	8,217453698504745	
2,0314608325573618	4,3174722496961095	8,21215517805932	
2,0314608325573618	4,31471141344756	8,199988963729504	
2,0314084479015366	4,311597278777589	8,194731708521916	
2,0314084479015366	4,308271376968502	8,194731708521916	
2,0253859335058206	4,305058543143406	8,19374902054525	
2,0253859335058206	4,302414401286799	8,19374902054525	
2,0215269721538918	4,298849561912416	8,19374902054525	
2,0215269721538918	4,294700276001346	8,165074899449076	
2,0215269721538918	4,292040561735153	8,147578477981519	
2,0215269721538918	4,2902839415733665	8,14495047523116	
2,0215269721538918	4,287291608482638	8,13537590296355	
2,0215269721538918	4,282008482351696	8,122595384576389	
2,009839788260038	4,276688144809953	8,079077760581828	
2,009839788260038	4,273798491009355	8,06720889850203	
2,009839788260038	4,271430451674577	8,062500678394715	
2,009839788260038	4,268276451235181	8,060873743428303	
2,009839788260038	4,265758820007072	8,056330745656116	
2,0097596826609068	4,261626497540575	8,056330745656116	
2,0076810031004113	4,258480979383714	8,04935859844875	
2,0076810031004113	4,255659094687768	8,04557958372268	1,3320360877976043
2,007405829361867	4,251116380455209	8,006774813136325	
2,0073067863277343	4,249203509428396	8,006774813136325	
2,0073067863277343	4,246189424905327	8,004134677251386	
2,0073067863277343	4,241943671534203	8,004134677251386	
2,0067656036933474	4,239846505914763	8,004134677251386	
2,0061566147659526	4,236160769331026	8,001854005599334	
2,0061566147659526	4,231732049053313	8,001854005599334	
2,0061566147659526	4,228219046501027	8,000701618589908	
2,0061566147659526	4,225353322286887	7,997464797815964	
2,0061566147659526	4,2214217050159	7,98365790214105	
2,0057544122848916	4,217161751522921	7,97547925555922	
2,005064865356472	4,213802751992719	7,97547925555922	
2,002864945018313	4,209307319672854	7,971282218212435	
2,002864945018313	4,207454339809473	7,971282218212435	
2,002864945018313	4,205908857047631	7,966245343790864	
2,0002945301093864	4,202491819324974	7,956687267740311	
1,9949465208275896	4,198944092266981	7,956687267740311	
1,9949465208275896	4,19425233433075	7,9548298576428635	
1,9921671130136827	4,191754239940109	7,939649301379353	
1,9921671130136827	4,188880999036626	7,935644996652664	
1,9921671130136827	4,1858387875628935	7,9355615240049575	
1,9904286995643719	4,1824296931507305	7,927111498593309	
1,9904286995643719	4,18048447811729	7,927111498593309	
1,9904286995643719	4,177027892297088	7,927111498593309	
1,9904286995643719	4,174594586475067	7,923988784768129	1,3056329531645547
1,9896864556347955	4,172896601053137	7,921875198522141	
1,986287263701099	4,17126841255611	7,921875198522141	
1,9760273756070086	4,168575023281137	7,921875198522141	
1,9756365052511202	4,165450692299602	7,921875198522141	
1,9756365052511202	4,1636842540203265	7,912899400849508	
1,9756365052511202	4,16024469551666	7,897368481616318	
1,9756365052511202	4,157238531772296	7,888779574561575	
1,9756365052511202	4,153667410414129	7,888392481378182	
1,9756365052511202	4,151065777668237	7,888392481378182	
1,9756365052511202	4,147182645036022	7,846264545633644	
1,9756365052511202	4,145652617233737	7,846264545633644	
1,9725139008998793	4,142647143542739	7,846022025853934	
1,9725139008998793	4,139811918816028	7,846022025853934	
1,9725139008998793	4,137904982919173	7,843778364099182	
1,9725139008998793	4,135605524758701	7,843128354574937	
1,9725139008998793	4,133594650920992	7,843128354574937	
1,9687624203169272	4,129821694856229	7,841785566108638	
1,9687624203169272	4,1292312507541675	7,841785566108638	
1,9687624203169272	4,127004402397188	7,841785566108638	
1,9687624203169272	4,124381468883844	7,8344698698183075	
1,9687624203169272	4,122201056978246	7,814135105756178	
1,9687624203169272	4,120665596971173	7,814135105756178	
1,9686819682636512	4,118940880525992	7,801247328175683	
1,9682927921927902	4,116842045518945	7,801247328175683	
1,9682927921927902	4,115378485960062	7,8001767248798295	1,2840917200258863
1,9682927921927902	4,114417289277023	7,799095342907611	
1,9682927921927902	4,11113834258201	7,778449700560811	
1,9682927921927902	4,110016237578519	7,778449700560811	
1,9682927921927902	4,108422620966807	7,778449700560811	
1,9682927921927902	4,106281816513891	7,778449700560811	
1,9682927921927902	4,10111338545669	7,770204238646963	
1,9682927921927902	4,097913959900153	7,76380873335189	
1,9682927921927902	4,096510477306382	7,76380873335189	
1,9608632163387443	4,094987367924741	7,7600178071420824	
1,9581548077229975	4,092213644593064	7,7600178071420824	
1,9581548077229975	4,089915812099572	7,7600178071420824	
1,9581548077229975	4,088254606099007	7,7600178071420824	
1,95798016084159	4,087101349742385	7,7600178071420824	
1,95798016084159	4,084285570056195	7,7600178071420824	
1,95798016084159	4,081126991128452	7,751539368249001	
1,955715045790083	4,079010635346696	7,751539368249001	
1,955715045790083	4,077102914335805	7,751539368249001	
1,9522036011639579	4,074461333117644	7,7496361419298685	
1,9522036011639579	4,071840029804338	7,748967252333575	
1,9522036011639579	4,069579121610687	7,747605261462671	
1,9520353218702773	4,067032813832817	7,74380859850658	
1,9520353218702773	4,06508806694522	7,737178936679287	
1,9520353218702773	4,064421206201186	7,736560115540752	
1,9520353218702773	4,063034008521894	7,736560115540752	
1,9520353218702773	4,0604095790736885	7,736560115540752	1,2639958178045507
1,9520353218702773	4,056851761251489	7,734404543832904	
1,9511895287844123	4,054392614384989	7,734404543832904	
1,9427275627307818	4,051622389821855	7,730310313101685	
1,9426556784670115	4,0477277296425775	7,720085676997761	
1,9426556784670115	4,045192475296052	7,720085676997761	
1,9426556784670115	4,0416546627462475	7,720085676997761	
1,9426556784670115	4,039000612976014	7,707313336336754	
1,9426556784670115	4,03663495453552	7,707313336336754	
1,9426556784670115	4,033185954700042	7,691418661341469	
1,9420674959852269	4,031224884040972	7,689671194231996	
1,9420674959852269	4,028619535016182	7,675488221229419	
1,9420674959852269	4,025913884412	7,675488221229419	
1,9420674959852269	4,023417514440642	7,675488221229419	
1,935519736872447	4,020744628261314	7,672588251805292	
1,935519736872447	4,018667918816099	7,6488289062162735	
1,932888059154973	4,016694859928015	7,6488289062162735	
1,930802041483445	4,014661340292911	7,6488289062162735	
1,930802041483445	4,012499138323656	7,638145557295258	
1,9277212360040057	4,011550990518031	7,637993944941449	
1,9277212360040057	4,008959925586063	7,62643187047035	
1,9261834704430552	4,006850713468217	7,62643187047035	
1,9186386575951409	4,005296428755306	7,622878848049811	
1,9186386575951409	4,002474303231659	7,622878848049811	
1,9186386575951409	4,00065743854929	7,613619285229462	
1,9186386575951409	3,9998673815256267	7,613619285229462	1,2478573513329405
1,9180760508416625	3,9965330662090697	7,582146634193006	
1,9180760508416625	3,994623478596533	7,57165952392456	
1,9180760508416625	3,9925374420015953	7,570840146557078	
1,915817532363097	3,9911005164020277	7,566385990380735	
1,915817532363097	3,9889284335440607	7,557570963681168	
1,915817532363097	3,986350748158709	7,547842531689786	
1,915817532363097	3,9839902881414013	7,547842531689786	
1,9148900306403214	3,9817694257596212	7,545334547548582	
1,9143144681202917	3,9778741114802547	7,5445291848444915	
1,9143144681202917	3,976317660728659	7,5372067907994476	
1,9143144681202917	3,974066229113489	7,529195078173582	
1,9143144681202917	3,972252258105974	7,527519134306241	
1,9143144681202917	3,9709765384080806	7,527157275668818	
1,9143144681202917	3,968546963955297	7,518701973411503	
1,9139151130880625	3,966498213421993	7,518701973411503	
1,912846698800669	3,964502098245992	7,518701973411503	
1,912846698800669	3,961403642028438	7,518701973411503	
1,912846698800669	3,9589246133357183	7,516485362699692	
1,912846698800669	3,956175582556355	7,5161172642363745	
1,912846698800669	3,9541252895822208	7,514750707773102	
1,912846698800669	3,951693210167621	7,513245570619561	
1,912404845200867	3,9484876440553554	7,482784016676431	
1,912404845200867	3,9471729449211983	7,482784016676431	
1,9080763423535516	3,9444784242992457	7,45744872976836	
1,9080763423535516	3,9417590744062805	7,45744872976836	1,218640671687593
1,907678352037384	3,9394173609096925	7,439657938574098	
1,907678352037384	3,9364914613182136	7,431813257420774	
1,9031836598850975	3,934232590315286	7,431813257420774	
1,9031836598850975	3,9329180649304245	7,431813257420774	
1,9031836598850975	3,9316364307121607	7,431813257420774	
1,901948244790455	3,9305300599228845	7,431813257420774	
1,9013124994267507	3,9284552782767066	7,4276786552768215	
1,9009010118419667	3,9259524130114976	7,4276786552768215	
1,8991887273386925	3,923305654618174	7,407540863904924	
1,8991887273386925	3,922313193185164	7,407540863904924	
1,8991887273386925	3,920125230023466	7,400701587116655	
1,8950805061060023	3,918481087397573	7,400106241314807	
1,8950805061060023	3,9157004119573093	7,398867757089335	
1,8950805061060023	3,9139064856003243	7,3985773522692515	
1,8950805061060023	3,9126314489464966	7,395062445532737	
1,8950805061060023	3,9106184752921314	7,395062445532737	
1,8947909442148207	3,907435133036494	7,389265682715648	
1,8896060176873797	3,9054348362347455	7,389163397558427	
1,8896060176873797	3,9035900675405673	7,386168086604914	
1,8896060176873797	3,901140777100338	7,386168086604914	
1,8896060176873797	3,8986007511875242	7,3856108215579095	
1,8896060176873797	3,8966065411120017	7,3856108215579095	
1,8896060176873797	3,895099522785382	7,38280677332053	
1,8896060176873797	3,89236758169391	7,368841071091324	
1,8896060176873797	3,8907195346662258	7,368841071091324	1,1994737629018277
1,8896060176873797	3,888987335167597	7,368841071091324	
1,8896060176873797	3,887024673740608	7,368841071091324	
1,8896060176873797	3,8853985936784703	7,360541357370548	
1,8896060176873797	3,8824946582056192	7,359450676934591	
1,8891453472739648	3,8809024140701025	7,347127130130035	
1,8873676447742	3,8792410487199565	7,342246615228181	
1,8873676447742	3,8779170132834606	7,342246615228181	
1,8860751398611284	3,87543424451146	7,3420126629347315	
1,8860751398611284	3,8746232562374376	7,3420126629347315	
1,8860751398611284	3,8731053061455123	7,3420126629347315	
1,8860751398611284	3,8712341572368603	7,3420126629347315	
1,8860751398611284	3,8695124605837656	7,32998064694232	
1,8860751398611284	3,8680021297210847	7,305840922436463	
1,8860751398611284	3,8657484095644747	7,294029888904217	
1,881031364590822	3,8633831980395956	7,290407835346302	
1,881031364590822	3,8617470811619525	7,290407835346302	
1,881031364590822	3,8605341209796324	7,290375762136519	
1,8782247661736964	3,8579597522398665	7,290375762136519	
1,8767326274010951	3,854855394071121	7,290191283956395	
1,8767326274010951	3,85260061365934	7,290191283956395	
1,8767326274010951	3,8493243645864808	7,28895673530608	
1,8767326274010951	3,848439945690451	7,285260462738491	
1,8767326274010951	3,8462711869899042	7,255831005638615	
1,8767326274010951	3,843717055098385	7,255831005638615	
1,8741908317556524	3,842223104834401	7,255050078250751	1,1762661673697128
1,8706106259446142	3,840558504919019	7,255050078250751	
1,8706106259446142	3,839872274019255	7,255050078250751	
1,8706106259446142	3,8382923669980293	7,255050078250751	
1,8706106259446142	3,8366604548020122	7,255050078250751	
1,8706106259446142	3,835011077601074	7,250023599300765	
1,8706106259446142	3,833863970728567	7,250023599300765	
1,8706106259446142	3,8329364233048393	7,250023599300765	
1,8660151466100858	3,8314713302640695	7,249947737373374	
1,8660151466100858	3,8292200794116904	7,246961052224901	
1,8660151466100858	3,8282273274035763	7,246961052224901	
1,8660151466100858	3,825785006309279	7,244684997703472	
1,8660151466100858	3,825126291380505	7,241243075122594	
1,8660151466100858	3,823380015589462	7,241243075122594	
1,8660151466100858	3,8211862931978	7,219464621701568	
1,8660151466100858	3,8203210620772268	7,212764259954955	
1,8660151466100858	3,8193200429692897	7,212764259954955	
1,8660151466100858	3,816572052379901	7,212156253668605	
1,8660151466100858	3,815387994923601	7,212156253668605	
1,8660151466100858	3,8124731872995072	7,205551442370478	
1,8660151466100858	3,8098591151960495	7,205158235543843	
1,8660151466100858	3,8074552426627988	7,204984690275565	
1,8660151466100858	3,805848079653314	7,204984690275565	
1,8660151466100858	3,804110046749118	7,199868974611754	
1,8660151466100858	3,8022173281866043	7,199747573435355	
1,8660151466100858	3,799524725950302	7,199191830564676	1,1583688523847158
1,8660151466100858	3,7983866420890617	7,185821833952709	
1,8660151466100858	3,796959192771489	7,185821833952709	
1,8660151466100858	3,795562975532838	7,185821833952709	
1,8660151466100858	3,793677027625515	7,185638216642077	
1,8659913745381713	3,7917626793049077	7,185604944263645	
1,8659913745381713	3,7895317208626262	7,177838966110846	
1,8659913745381713	3,7887813058443753	7,177838966110846	
1,8659913745381713	3,786694882959642	7,170817549950117	
1,8659913745381713	3,7848996748013515	7,170817549950117	
1,8659913745381713	3,7836057758784962	7,170817549950117	
1,8659913745381713	3,7822584519858613	7,170082964734698	
1,8659913745381713	3,7818545086170214	7,169766206412666	
1,8619660348056306	3,780382580997214	7,169766206412666	
1,8619660348056306	3,7782962299889635	7,169722556077078	
1,8619660348056306	3,777135022426678	7,15411056193997	
1,8619660348056306	3,7757065494431044	7,1475050386903725	
1,8619660348056306	3,773822847772597	7,1475050386903725	
1,8619660348056306	3,7721712197247403	7,134519267813413	
1,8619660348056306	3,7712471396782785	7,134519267813413	
1,8619660348056306	3,769964553566943	7,134519267813413	
1,8619660348056306	3,7682651681929427	7,134519267813413	
1,860991662951921	3,7664429430411897	7,133797164554275	
1,860991662951921	3,7651259264426336	7,130247126271274	
1,8607482345321749	3,762837020601669	7,130164485327499	
1,8607482345321749	3,762092335775414	7,130164485327499	1,146069633414865
1,8607482345321749	3,7605915498085527	7,1256727987479405	
1,8607482345321749	3,759585010551898	7,1256727987479405	
1,8607482345321749	3,7583881358084956	7,108845238245318	
1,8607482345321749	3,7565543774822725	7,104858532408072	
1,8607482345321749	3,755773206079526	7,102841454286018	
1,8607482345321749	3,7532651182137458	7,083986640082722	
1,860293026912563	3,7519783076696367	7,083986640082722	
1,860293026912563	3,750719954537314	7,080757679600125	
1,860293026912563	3,7496138881497187	7,080757679600125	
1,860293026912563	3,7476258497524197	7,064328940579965	
1,860293026912563	3,7466367541837737	7,056936031234926	
1,860293026912563	3,7450241045123533	7,056936031234926	
1,8582569293402385	3,742856617538048	7,056761173802238	
1,8582569293402385	3,7418242971428795	7,056761173802238	
1,8582569293402385	3,740619810368123	7,052595359917652	
1,8582569293402385	3,738714036374284	7,045866454017301	
1,8541795492036102	3,737331186648008	7,045866454017301	
1,8541795492036102	3,7354148513279055	7,045866454017301	
1,8541795492036102	3,7341555773916677	7,045866454017301	
1,8530768842623921	3,731949020547736	7,027183683828314	
1,8530768842623921	3,730093425497043	7,024337247155122	
1,8530768842623921	3,7284789842977455	7,024337247155122	
1,8530768842623921	3,7273098156284608	7,024337247155122	
1,8530768842623921	3,7242385797834405	7,01989881001962	
1,8530768842623921	3,7215930189568773	7,004404632068172	1,1269580648868895
1,8530768842623921	3,7199147769661334	7,004404632068172	
1,8507973649503604	3,7180685592379037	7,004404632068172	
1,8507973649503604	3,7167956543938834	7,004404632068172	
1,8507973649503604	3,7152850292628856	7,004404632068172	
1,8507973649503604	3,714009666086807	7,004404632068172	
1,849238298793595	3,7126739828476416	7,004404632068172	
1,849238298793595	3,7118350086206333	6,996676854210633	
1,8469597514554392	3,7109465987113985	6,996676854210633	
1,8469597514554392	3,7087994085962066	6,993939351906017	
1,8469597514554392	3,7067908560463882	6,990726384050074	
1,8469597514554392	3,7043306112151173	6,978759727111363	
1,8469597514554392	3,702724296848499	6,978759727111363	
1,8469597514554392	3,702247824542182	6,978759727111363	
1,8462787933799227	3,7013309135727486	6,978759727111363	
1,8437863225099187	3,6993638238972273	6,978759727111363	
1,8437863225099187	3,69714823288414	6,978759727111363	
1,8437863225099187	3,6947852387665354	6,976177081970307	
1,8437863225099187	3,693917911928591	6,976177081970307	
1,8437863225099187	3,6924539104412846	6,976177081970307	
1,8434696706707134	3,69023156882037	6,972556967461826	
1,8434696706707134	3,689227293209386	6,972556967461826	
1,8411452483847988	3,6874971061042094	6,972556967461826	
1,8411452483847988	3,6866566296682914	6,971331337502103	
1,8411452483847988	3,6862048995198973	6,970780973493008	
1,8411452483847988	3,6854536611986197	6,970780973493008	1,1153302780164247
1,8411452483847988	3,6835065224095147	6,969422599186663	
1,8411452483847988	3,6822535749797374	6,940138638597606	
1,8373705197195185	3,6813075195532985	6,939360066037152	
1,8371359666799263	3,679807052552814	6,929543442700241	
1,8371359666799263	3,6785784488501543	6,929294526619486	
1,8371359666799263	3,677499308955413	6,929294526619486	
1,8371359666799263	3,6766840675564407	6,929294526619486	
1,8371359666799263	3,675814630222716	6,929294526619486	
1,8371359666799263	3,6744017332465098	6,929294526619486	
1,8371359666799263	3,6734718473824666	6,91476710246213	
1,8371359666799263	3,6715185812306426	6,91476710246213	
1,8371359666799263	3,669092379811344	6,91476710246213	
1,8369217844672314	3,6680693684225205	6,91476710246213	
1,8369217844672314	3,666787235831927	6,91476710246213	
1,8369217844672314	3,6664610587821067	6,91476710246213	
1,8369217844672314	3,66474352523775	6,894917084682239	
1,8369217844672314	3,6630590223210002	6,87210584275724	
1,8369217844672314	3,662244094939274	6,87210584275724	
1,8369217844672314	3,6608308175192317	6,871859356684935	
1,8369217844672314	3,659283000664685	6,864520817430443	
1,8369217844672314	3,6577273901670235	6,848573976990692	
1,8369217844672314	3,655996626062878	6,843327434060099	
1,8369217844672314	3,654773003785958	6,842155274389846	
1,8369217844672314	3,6534177433725636	6,842132994181917	
