127,67183422340206	302,49703683219826	496,52340545132336	82,56250756010924
127,50199485802443	302,2643765082274	496,1414234929914	
127,22910883392147	301,7468048320515	495,4095183609286	
126,83235303225871	301,2435825460396	494,7670315080549	
126,17049554770098	300,2655659617068	493,34459625487136	
125,5189047882838	299,2161736122995	491,75872744087013	
124,02729717423686	297,1795811953297	489,64142880394934	
122,33433948890102	295,20750767856885	487,59249610005895	
119,23914732298961	291,1437913750619	482,9612532058069	
116,90337868874693	287,09856376907345	477,30942563306655	
110,78707741068756	280,67609379556365	472,1264958262948	
106,61823459600984	274,08733133466393	466,12633483546966	
97,98663839927654	265,1254198120499	462,86340504302046	
91,22838318486427	256,34527587116287	456,41943577486126	
86,30147390942874	249,36731866394805	453,8051260415608	
81,7261130451959	242,55100932561567	452,7998479094609	
75,2137829024497	234,05559468873332	446,3185621172981	
69,02304914783068	225,93736564202712	440,376163702219	
66,0749707960982	220,00920148815246	437,8663670661097	
62,94902570244149	214,4076177125292	434,71626835966475	
59,31328607360338	207,27339962874728	429,2659238396372	
55,06256564712455	199,99206380201386	421,26702447621295	
52,972976324368176	194,27280128642974	418,75341376755574	
51,894828446743084	189,28359247727164	414,61513417481814	
47,708340175641744	182,5882538655951	408,4658805948999	
44,473277533109396	176,62940712851446	404,7933473456134	82,46360483008682
42,63588592449615	172,0398574420036	401,2196057141819	
41,50493352169064	167,43245565615788	397,97290136376427	
38,964268196841005	161,60819000127947	390,6505542215504	
37,215451368775945	155,71455506332606	384,68279599254475	
36,002144356780455	152,28577787244453	382,68220472815506	
35,244852034961326	148,47801917836264	380,4174924129565	
33,77911606680628	143,29748926466942	375,40168337498545	
31,744505019819467	138,24589785815212	369,0705660357156	
31,1844090385528	135,0447813750752	366,6041699497681	
30,52168787895806	131,92658987680795	359,8521272839708	
29,192459961906625	127,14291490874004	352,7404915737098	
27,37368566985359	122,45194960084913	343,6403990566417	
26,57814425208529	119,51686108826398	339,5948380559449	
26,259513485407734	116,81589869694139	334,1232669175712	
25,394266228742286	112,77803853782598	329,8757539205106	
23,534317225772533	108,65877681132964	322,05881094005076	
22,932549970438494	106,22588268360845	316,2262489554443	
22,572193288228974	103,5539840119141	312,22327060714105	
21,378994544135274	100,03094497130273	305,4387176355797	
20,40171267320146	96,49541475985505	298,6321350063264	
19,80268270061863	93,9698728580651	293,4114310999445	
19,445092923467946	91,79763154789492	289,09372587374685	
18,872421102664813	88,59083361327724	279,61105044624526	
18,059510677686458	85,61470377836018	270,0391596730583	
17,645664828843362	83,38568667249889	265,51732644488874	50,95720697546468
17,157499241040448	81,37439663290029	262,68148181369963	
16,926241464407482	78,70239109008905	255,28704378554067	
16,570435763382974	76,06014456581416	247,4426088835782	
15,744677937806873	73,92123626747278	242,70001919973495	
15,332515595699324	71,98672489672785	237,8403803941956	
14,724843522423383	69,7029801919497	231,9913682352678	
14,253568763061457	67,56823998343617	228,49821569265268	
13,965434786752978	65,93090371220156	224,2915445582828	
13,667826079344689	64,2545629823915	218,49968311214383	
13,461962198178568	62,16230317328034	207,94074169164244	
13,140330856996679	60,10159474981158	201,9159028718821	
12,716906206908329	58,441004917107506	194,83348417081163	
12,52950803510416	56,718624465962264	190,2736788717394	
12,369717697065942	55,135185869871364	187,9630169205031	
12,214813252278795	53,49380228977822	182,1204678263679	
11,936589191848045	51,90089863733669	177,28364527514742	
11,583458553082348	50,42093451614842	172,9248367123473	
11,335575249885244	48,941426178958984	168,21076240008145	
11,245675469233355	47,76856821717076	163,20699770578491	
10,967177376724694	46,38011822025061	159,65428416337184	
10,674121925686189	45,04384666380301	155,71509978270726	
10,642165394975168	43,85085837129028	153,10581935170433	
10,39510775517245	42,79205339643967	150,5690571327446	
10,161732369990146	41,55518519755729	146,64188887895682	
9,80305387613804	40,38461607128686	141,4314564299814	25,577750436463383
9,66057991300483	39,43635757377614	138,21478536082884	
9,595036006120042	38,50341475992456	135,2091492133615	
9,267701075618932	37,431296649585015	131,9310792661063	
9,009890271515918	36,382918912579015	128,08600031551296	
8,982384724735796	35,565563307865524	124,3425959525951	
8,958353381419489	34,788116474855606	120,97660372490171	
8,78528699230484	33,82803945359816	116,09389576609428	
8,498272469799652	32,90436375945198	112,87826828261747	
8,308654583617004	32,165358569982686	110,56415034555545	
8,208457851202603	31,412574355523187	106,56850258844658	
8,05043106825636	30,585612694563547	103,78844019539846	
7,895524945740317	29,84658495535351	101,766296429827	
7,773514403758484	29,17162937739663	98,14261118981352	
7,724314032673708	28,571697498411417	95,33723354542506	
7,612091704256943	27,883957484402714	92,71403391023816	
7,479529438339069	27,213998691360565	90,55817923726835	
7,370354695893788	26,701169524792522	88,4173364874722	
7,249148589211108	26,13888429913889	86,62484385094339	
7,119860075101436	25,50887238397439	84,17131066152407	
6,996268055261271	24,881448056141092	81,87911482996574	
6,896328683605599	24,380081991466955	80,0266097634127	
6,832567413434572	23,89268881806609	78,14504311467671	
6,782690855762694	23,408600569217416	76,26692173888497	
6,573757550422065	22,835028348075397	74,13278062311493	
6,525069593042641	22,402710375828597	71,27927139464195	12,743248031523924
6,418986937953026	21,980722260728168	69,49990461689657	
6,33919257285694	21,500547511635023	67,36796519697205	
6,296103786311252	21,083704977856183	65,80847545895557	
6,248743812877678	20,69652922270825	63,28679423835733	
6,103171154184939	20,341385949342403	61,63144978815964	
6,088589998188436	19,942120895562795	60,10087191062835	
6,048971609985789	19,537975065645035	58,158107838086224	
5,9665392715577115	19,183847009761323	57,04753536219915	
5,899263262423433	18,830885562829405	55,01970365309353	
5,871407966603737	18,501558675941727	53,878270744341634	
5,85798162211416	18,18910476126877	52,59645935008941	
5,78754004216039	17,888627061205675	51,70584002800998	
5,732531193144768	17,585297671924987	50,35097894328737	
5,730291978763051	17,284477729124138	49,423640703947974	
5,717010344884875	16,999509778745253	48,768486386746446	
5,643468936248103	16,715010380552926	47,46548606479021	
5,555780623018112	16,43646585310107	46,48140470126416	
5,522800940766697	16,178020436336357	45,47467591813678	
5,4959845872950845	15,941320732835864	44,24123125292259	
5,450728149108131	15,729158071331574	43,55982460948123	
5,431972968439643	15,480260331615392	42,61268676567252	
5,395146026055305	15,264463645978559	41,745094430798254	
5,353000303419818	15,045319579389995	40,94600892798833	
5,315179293016327	14,813939773159824	40,459953291258564	
5,2767392787024905	14,613715608856756	39,634766838992114	6,918257227996106
5,170013404224446	14,440379333609222	38,964058889910795	
5,098837142879944	14,272766046889235	38,26773551835512	
5,031262068263841	14,062530898317016	37,43197925417684	
5,001012458470081	13,897417478653573	36,51821031305665	
4,991110979396015	13,733687805499974	35,632023396329906	
4,977882396046877	13,585616903112534	34,77194969668313	
4,955389978040387	13,424313749628613	34,23164577696706	
4,930486735468589	13,271818198715856	33,87300739904644	
4,868654964849983	13,131255066909954	33,712163320132156	
4,813150781217539	12,999029444183169	33,14872766651067	
4,795727855405256	12,847874572839451	32,70181364039266	
4,760571902888411	12,71753634379254	32,158385812281274	
4,756827268860689	12,593430656336604	31,64737792204107	
4,7469310970185985	12,476413682793853	31,068844268891517	
4,7322832890639654	12,359620901188649	30,703896842243047	
4,7226539484615015	12,215742617703794	29,715483667954786	
4,711224336526941	12,112921712115487	29,46098585436492	
4,6995275337366476	11,98866534768772	29,092627083199186	
4,685937157407735	11,864570758637775	28,576389150252616	
4,6677208337212654	11,751672123247653	28,092697439336497	
4,620411293193732	11,652223885726233	27,400066075292713	
4,6098959166363525	11,56067278273884	26,923166042834314	
4,602702982798238	11,447948587440205	26,5773644367143	
4,567895845364781	11,35348225036058	26,274172179963443	
4,555799063302488	11,248591718345017	25,70232040302353	4,410870535858186
4,5440739999169	11,156272060104307	25,414860861130897	
4,540377010266808	11,066381694884567	25,188468514275005	
4,5113787938062	10,965399663182652	24,826028375499988	
4,506032065614678	10,87215202746184	24,535169313424543	
4,482373143221643	10,785555312654445	24,201293999664777	
4,472574011394903	10,713448812223978	23,870271056481307	
4,45907671228408	10,627175764736432	23,6691422716347	
4,454372304103775	10,555623382966505	23,524107179039937	
4,432502811795349	10,472813143538845	23,044247249229713	
4,412669896456801	10,392785867156158	22,919991074294288	
4,405607111610277	10,32903504083886	22,6866994024494	
4,384839449900063	10,26076056604461	22,323660256032355	
4,369664206219457	10,192914686132116	21,98904807211945	
4,3416776860245925	10,131180531927631	21,69993541640355	
4,3263933655218345	10,068041847015222	21,541557067220467	
4,319089790174332	9,99785291204575	21,107278861544092	
4,314389808462822	9,935542832548851	20,887472688200642	
4,305222558503873	9,87002507862075	20,749069010156095	
4,246120742393148	9,808851632614713	20,39421545915097	
4,243471135729467	9,74960162028394	20,20418577919992	
4,238925311265722	9,692735763257142	19,98489006382641	
4,238324277512999	9,64904826367627	19,86573141582079	
4,195004129618928	9,57605360598171	19,617289716318577	
4,193738061852153	9,533296684418445	19,494113743719513	
4,18360741009042	9,478188479951779	19,368250071697354	3,2356425034145717
4,175085026131121	9,421072575404262	19,28807833774719	
4,154386848654094	9,382551750625016	19,141782095496033	
4,149072287543135	9,34081606339732	18,991712946187107	
4,148905770906326	9,279005642649434	18,8207221683434	
4,041777136166978	9,223501642244662	18,585012841311453	
4,041381015255897	9,18763976064743	18,507855327447018	
4,0396712756273025	9,142974000210902	18,31320445105222	
4,026129633059212	9,100577774738356	18,085635795439302	
4,018650445692438	9,070700318923816	18,005551253595115	
4,012036434257887	9,028035241979465	17,747202071703725	
4,009458892042158	8,982197101465522	17,684894079929	
4,0085220653579485	8,950763802005463	17,56008690460493	
4,005173975309531	8,917505902131673	17,458784213830807	
4,005173975309531	8,881840368220296	17,27170906557348	
4,004231795488876	8,843266985978108	17,233614434999243	
4,002073996376888	8,799955771218855	17,124114110612474	
4,001248609840046	8,777508074330697	17,06616680938765	
3,995311040117392	8,73569635327397	16,915519329507823	
3,9880606475490517	8,697730977179262	16,84070372615655	
3,9880606475490517	8,66549879165863	16,801767346219084	
3,9839751818458238	8,636740890716808	16,751927903524024	
3,9662976891827624	8,589784128081183	16,60194476244271	
3,954781811549133	8,549093500964554	16,397034815156154	
3,933821819087825	8,520741165233044	16,345041703861696	
3,9330919645726965	8,496523140074858	16,19475826259571	2,645776142998542
3,8987388954930906	8,467084666758035	16,123626344869336	
3,866478820122883	8,435541668546106	15,923558264265745	
3,855630092735552	8,402587534016686	15,834126356485863	
3,8550618210247363	8,375203474159285	15,658229294800474	
3,851753079767832	8,354609897763073	15,629225363175088	
3,8330848312782586	8,308634970272996	15,357018407207981	
3,8329402015891003	8,280994287822699	15,157287438722628	
3,8266192650873996	8,24351517650336	15,064879394945226	
3,825555595851854	8,21900736872207	15,01617351456666	
3,806754940916302	8,189612856580622	14,983391857661106	
3,800370502322743	8,155867100623077	14,861726903960246	
3,797630432639603	8,137937668720635	14,783066561874664	
3,797553851665817	8,118414816440335	14,751584339834551	
3,796591372410625	8,097115407465827	14,724295316279939	
3,796549052101675	8,080480750018149	14,693474297710065	
3,7719183712194333	8,056816938066637	14,627311429725063	
3,743081399042046	8,02991223772414	14,57519138232275	
3,72521765899938	8,015007198598655	14,56066096090185	
3,72327364671905	7,988947040551998	14,520428157693734	
3,7077600727016464	7,973368701818437	14,493234120868106	
3,7075271530824945	7,949260925295903	14,465194347541884	
3,703462333743843	7,934299638470536	14,436809059995456	
3,70146550627224	7,913726275742713	14,360224081972069	
3,7014642111388865	7,884270646365159	14,250492158652774	
3,6872333616700645	7,853716921549017	14,167639248761574	2,2746449652308796
3,6861051869340735	7,838087281002779	14,161009248259175	
3,6859217305087055	7,823771466725157	14,143240928258056	
3,6857062472354767	7,8008435537189005	14,088728337028932	
3,6462328298675493	7,772556986272765	14,059469639593956	
3,6462328298675493	7,756346625476152	13,967936183836796	
3,6462328298675493	7,735456505848277	13,915345497788646	
3,6224062907545704	7,7170462048217	13,874737648999064	
3,622189176023535	7,694842336956121	13,867958313315382	
3,6026013525383234	7,668397949411615	13,836880437918854	
3,593944325556472	7,656927814805323	13,823565069031408	
3,5908260069402695	7,633814502826555	13,794727764547964	
3,5886840009988576	7,623546576220291	13,77461691817041	
3,5875231214391317	7,600897516554638	13,734937499245085	
3,587234998809569	7,577360235919653	13,496711125129448	
3,587234998809569	7,566170057200866	13,463448701239201	
3,5867360928466816	7,553299961891161	13,416243414114122	
3,578671031616192	7,533942940186538	13,374562291877362	
3,574823823493125	7,521647798719474	13,36450468063848	
3,5716752674722225	7,5090312379794115	13,339583876419196	
3,561059155541924	7,499447678580321	13,331431714662507	
3,552033552851543	7,476767851286305	13,252117275470619	
3,5395332012761638	7,449081637578413	13,204649785114864	
3,5395332012761638	7,428062305827338	13,151370697576015	
3,524317102521741	7,411453490726009	13,13256263880082	
3,524317102521741	7,396365623875664	13,022128763145252	2,0718359551171366
3,5063277887667867	7,382263602306607	12,933242773373454	
3,5051749842817754	7,366160699467027	12,915641085227838	
3,499736937142379	7,350342226453249	12,895360724396783	
3,49878587247817	7,335962710888078	12,826576408568293	
3,49878587247817	7,324740166581499	12,785829807615363	
3,49878587247817	7,308617888675685	12,763617467245272	
3,498373123408146	7,291935721896681	12,674989766990256	
3,4960987130347267	7,280184701791036	12,65333063964293	
3,491533534992544	7,264219116706547	12,589330881025637	
3,4893331157686758	7,253218504500303	12,528365785160362	
3,4891799760885784	7,240099603800391	12,489559034049678	
3,470253301849226	7,229368088751178	12,463200073533578	
3,469584789609047	7,197385425905162	12,401737249557067	
3,4680488507884992	7,184528268679989	12,36796762337356	
3,462362818476677	7,1734191126274505	12,367264683239648	
3,4571139489208154	7,1593615612053405	12,317527122113777	
3,456084149620192	7,145231587302252	12,28103304893147	
3,456084149620192	7,134834452229344	12,275763367196221	
3,444537767611446	7,116513005765334	12,275077413953577	
3,432860543851581	7,101760479599446	12,273147263078297	
3,432860543851581	7,08063961622176	12,256716808230195	
3,432860543851581	7,069636335017703	12,249559126795676	
3,432586119842051	7,0529476185893145	12,246991679331106	
3,4071566452702156	7,04109782087075	12,222023880348706	
3,399865911506504	7,025933323919957	12,212213031441205	1,9244186235757836
3,3978405185265577	7,014112478938512	12,17396327716159	
3,3978405185265577	6,986951400851825	12,104046470742464	
3,3947304574682806	6,975027217183149	12,088963154477526	
3,3947304574682806	6,961502652274325	12,085337536578614	
3,3943818406759503	6,952883995373547	12,071810242725762	
3,3943818406759503	6,939408706336038	12,065957697581933	
3,3943818406759503	6,921429620260689	12,04235911308372	
3,3943818406759503	6,904613938328971	12,021677118393262	
3,3938285974418574	6,89447856717054	12,020868539248266	
3,3938285974418574	6,883636164541445	11,991472729392596	
3,391597718931603	6,872214765616824	11,984894336246692	
3,391597718931603	6,862574662587629	11,97313300028256	
3,391597718931603	6,855610342734922	11,970769926338908	
3,3904332768212266	6,843205645017943	11,934393254767954	
3,3904332768212266	6,831410752358563	11,934043237543381	
3,3898618049414035	6,821150559628583	11,90624603073315	
3,3897568212882407	6,807980793526334	11,841893957793756	
3,3897568212882407	6,802222990203089	11,841893957793756	
3,378953397641192	6,791236771313269	11,775816076956987	
3,3761449019521406	6,77998804563328	11,760256979366227	
3,3698944265336825	6,770519300104842	11,74246799601216	
3,369751713748353	6,763987077025091	11,73571209789816	
3,3663483017130504	6,751168534032377	11,690176080789547	
3,365976244657526	6,740213259757565	11,658300317286391	
3,3623295755385065	6,724368649722959	11,547919024086132	1,793645439419657
3,3551111142876566	6,712254363676282	11,519245475243574	
3,3551111142876566	6,698223513008294	11,516741055474078	
3,3551111142876566	6,688597354822256	11,45899406662873	
3,3532001907775992	6,679502583044593	11,441830002750924	
3,351961006868891	6,675053901470721	11,43833245131497	
3,3393176954658434	6,659807529888946	11,376442403843216	
3,3393176954658434	6,646312160529354	11,229873680763053	
3,339194413202201	6,637915784278644	11,221391338594929	
3,3384263531491998	6,630114994762019	11,171603519174298	
3,320911946237134	6,613775333788976	11,157880311195633	
3,298253242087599	6,607198920498158	11,157031271660927	
3,2981808493183356	6,598784346361101	11,155721165592583	
3,297694666620336	6,586475283117332	11,129479685738495	
3,297694666620336	6,57666990866468	11,1259668885417	
3,2956387911440044	6,571901575523671	11,120919838010536	
3,2956387911440044	6,561026959892742	11,081739147991204	
3,2405806159092405	6,546913991675876	11,040497598311934	
3,240407410959077	6,541272294930701	11,037408076524041	
3,238543714262198	6,52830507236441	11,030065040690399	
3,2281576198856867	6,515941342734401	11,008739938390072	
3,2281576198856867	6,507469370774961	10,9800492309428	
3,2253690149346284	6,497868362143632	10,972795268875126	
3,2253478446000208	6,489790208155651	10,957217687752339	
3,2135939957271633	6,476298771207077	10,947894593131181	
3,2111429049491953	6,470014364207828	10,92446928076862	1,6942536337760037
3,2111429049491953	6,464135417592148	10,915689235979709	
3,2111429049491953	6,457500216929029	10,90830584285173	
3,2111429049491953	6,4473793502505234	10,906237106708504	
3,2081879276129524	6,440774363644009	10,896244961602106	
3,2081879276129524	6,434719333014613	10,869269587183261	
3,205088673398406	6,429405517379321	10,869106266819266	
3,2021906367928596	6,425274820202149	10,864150934071077	
3,2021906367928596	6,414602813895121	10,841315695318077	
3,2021906367928596	6,406802694835899	10,819484774059097	
3,200286175265272	6,398570783859867	10,815676623153136	
3,1997121109755953	6,3933081442793505	10,810546716173357	
3,1997121109755953	6,385135309234671	10,79777895359486	
3,199546215132031	6,37707365924941	10,791808965054456	
3,199546215132031	6,365295467652846	10,782603712160217	
3,199006025381546	6,357348126102547	10,77692360919498	
3,197990241775317	6,350568778303399	10,738707857595118	
3,197266174279506	6,34433054018535	10,735791517867542	
3,197266174279506	6,335246208830842	10,69891653250286	
3,1818091020753716	6,316387426273618	10,684024478999588	
3,1818091020753716	6,304564233563481	10,684024478999588	
3,1695819156258493	6,295952629436353	10,560024089864207	
3,1695819156258493	6,285663385757818	10,554638560630664	
3,169120645462415	6,27684538408079	10,550693675880702	
3,169046869221936	6,2704021318086305	10,548399736558807	
3,169046869221936	6,26686184478556	10,547665905201194	1,6076261872542426
3,1480401503625446	6,260952130622217	10,546545840671918	
3,146460841941665	6,2557913980611035	10,536891326140708	
3,146460841941665	6,251182761881299	10,524973927436582	
3,146460841941665	6,246054167673932	10,51089800337141	
3,146460841941665	6,240250507406465	10,504167347522674	
3,1442786533512725	6,235621675638881	10,43808746775748	
3,142393167327338	6,231776731985621	10,423756057806848	
3,142393167327338	6,226514611682437	10,406987998307555	
3,1304469400305384	6,222201927341442	10,406987998307555	
3,129299855090861	6,214073805922202	10,399014345577775	
3,129299855090861	6,204933539833705	10,214961319938164	
3,129299855090861	6,193361833463886	10,214643217184909	
3,129299855090861	6,1888119996255	10,213054041060298	
3,129299855090861	6,185436580172354	10,195240031655908	
3,129299855090861	6,182378105729432	10,183247039350007	
3,129299855090861	6,1757195646071805	10,167343688012718	
3,1290031709423003	6,1657228144578315	10,064015592720212	
3,1290031709423003	6,155746213797813	10,042585382589694	
3,1290031709423003	6,149332106419745	10,041026836015414	
3,115993276226245	6,144004216877281	10,023196351836521	
3,115993276226245	6,135003284609853	10,011777059712635	
3,115993276226245	6,130753323280344	10,0090114698555	
3,115993276226245	6,1226116497585	9,992504466123405	
3,115993276226245	6,11627577184149	9,968679159254117	
3,115993276226245	6,112392135859802	9,96524432390246	1,5297441165830066
3,1159014894251027	6,104263462428836	9,926816608657091	
3,1159014894251027	6,100266927735655	9,917506190376919	
3,113861694213083	6,094906761928707	9,916219100645701	
3,113861694213083	6,088682128585051	9,89689327580415	
3,1024351747054912	6,0826639989810385	9,89689327580415	
3,1024351747054912	6,077857694410725	9,89689327580415	
3,1024351747054912	6,070813992403538	9,894065407115413	
3,1020014934831464	6,062850135925287	9,889139203397235	
3,1000669870658326	6,0560798671655895	9,887670405967276	
3,1000669870658326	6,051327770598913	9,885510435963301	
3,1000669870658326	6,046664175170118	9,88385068057208	
3,1000669870658326	6,045138785343845	9,880528591990291	
3,1000669870658326	6,041937973584746	9,868125899436437	
3,1000669870658326	6,028501839313404	9,857264187688902	
3,099622311292005	6,022273727767219	9,832856419941	
3,03521325625116	6,010095374900426	9,775019334007496	
3,0257646531998783	6,005297419268618	9,77105983292846	
3,0257646531998783	6,00314902577294	9,77105983292846	
3,0257646531998783	5,996689119016997	9,766445552173735	
3,0257646531998783	5,992149627626592	9,760368791785998	
3,0257646531998783	5,98475210125711	9,746757615996891	
3,024086793562855	5,979764859754797	9,746757615996891	
3,024086793562855	5,9771685564475385	9,744509629001248	
3,024086793562855	5,9726181611212175	9,744509629001248	
3,024086793562855	5,968628541946825	9,744509629001248	1,4729690259641353
3,024086793562855	5,963064844953352	9,703384402623676	
3,024086793562855	5,956795639530554	9,70126844694628	
3,024086793562855	5,952837497677073	9,685036752935074	
3,0167176649107987	5,94677754182708	9,652840590625026	
3,0151951691521894	5,938875252999072	9,644064219802802	
3,0151951691521894	5,9340611745832845	9,635664213011033	
3,0151951691521894	5,923180315779495	9,625821357531308	
3,0151951691521894	5,920851430611719	9,615801367573457	
3,0151951691521894	5,916938572804868	9,576147282601704	
3,0151951691521894	5,913524171642764	9,573514777316545	
3,0151951691521894	5,909861100156971	9,559330427409458	
3,014748918893416	5,8988990881377354	9,525710187606988	
3,014748918893416	5,89496959884487	9,52514557375465	
3,014748918893416	5,891955130254795	9,52039875641552	
3,014748918893416	5,88854821704307	9,51569032633119	
3,014748918893416	5,8861361752614645	9,503630915133503	
3,01450150843884	5,879913378500753	9,494271899064996	
2,980294819353526	5,875956413410079	9,493208684888703	
2,980294819353526	5,873020493139088	9,478104128275309	
2,979927750108713	5,86470552582508	9,472617981330718	
2,979482146172637	5,862441205340037	9,468659332788652	
2,979407241537726	5,853668313262427	9,468425479555279	
2,962606378481114	5,850045904284652	9,467861401367497	
2,962606378481114	5,845644267566185	9,46604118810152	
2,955525528113623	5,841403149042183	9,46569584928622	1,4167156447415765
2,955525528113623	5,8347102431102575	9,451238126063561	
2,955525528113623	5,829893700564636	9,43975467887029	
2,949920839498444	5,823546752548855	9,439368488768865	
2,9477052313489485	5,817711553266184	9,43820866993758	
2,946286455134128	5,811136992017374	9,437986989122521	
2,946286455134128	5,803717656440767	9,429589300181982	
2,946286455134128	5,799917441480789	9,426456187547258	
2,946286455134128	5,794866399839975	9,412693077121038	
2,946286455134128	5,792360646735764	9,412693077121038	
2,946286455134128	5,788864954848699	9,412693077121038	
2,945823069463803	5,781522820710575	9,39739157264889	
2,945823069463803	5,773001065496653	9,386979053073457	
2,945823069463803	5,767790464666262	9,386979053073457	
2,945823069463803	5,761330209183479	9,386979053073457	
2,9448713161736206	5,759018151612298	9,386979053073457	
2,9448713161736206	5,754538469215535	9,386979053073457	
2,9448713161736206	5,751004505579082	9,386979053073457	
2,9448713161736206	5,750365338874451	9,379524983560211	
2,9448713161736206	5,746353375178916	9,372316996282693	
2,9448713161736206	5,737864620815724	9,271093341669475	
2,9448713161736206	5,734388502343028	9,271093341669475	
2,944433552594203	5,728408805371939	9,25160979979666	
2,944433552594203	5,724250130819078	9,246557379144837	
2,944433552594203	5,720098570546001	9,240999558291517	
2,944433552594203	5,716501247664678	9,226230540644817	1,385281214865874
2,944386310278603	5,712092850077002	9,225096775491833	
2,944386310278603	5,705959483605914	9,220849122923637	
2,944386310278603	5,701035689459174	9,201574061397514	
2,944386310278603	5,694109068374635	9,168705031470738	
2,944386310278603	5,690060496813454	9,168705031470738	
2,944386310278603	5,685390553443501	9,168705031470738	
2,939639891682737	5,683405882370083	9,160143690258916	
2,938626112716481	5,679429031991082	9,160143690258916	
2,938626112716481	5,676600560378537	9,157325378049956	
2,9110103617423175	5,671160072741616	9,1571837795428	
2,9110103617423175	5,66889016034883	9,1571837795428	
2,9110103617423175	5,666677212566194	9,156305895221157	
2,9110103617423175	5,661095088236323	9,141947387594293	
2,9077137282010352	5,656340098274995	9,141947387594293	
2,9077137282010352	5,65105848263055	9,141685446448907	
2,9077137282010352	5,64518365907058	9,133861149825389	
2,9061320434237614	5,638288439754807	9,077825901951279	
2,9061320434237614	5,635929624171784	9,077825901951279	
2,9061320434237614	5,62966051957192	9,076190805026611	
2,9035821333378147	5,626226756956658	9,075265003747994	
2,9035821333378147	5,619576224091043	9,075265003747994	
2,9035821333378147	5,6131117496395095	9,054321579024734	
2,9035821333378147	5,609213876727177	9,042105508218196	
2,903489519855638	5,607003208702067	9,042105508218196	
2,8961787285818748	5,601689934766081	9,038232614652804	1,3564558310965615
2,8961787285818748	5,599651344053768	9,037984722621681	
2,8961787285818748	5,595104252897844	9,026209253245382	
2,8961787285818748	5,594024815891873	9,026078109758322	
2,8961787285818748	5,590548291726426	9,026039800639058	
2,8922360337242803	5,583674230452983	9,023773670607477	
2,8921550191738636	5,5770588212341154	8,99345225797057	
2,8921550191738636	5,5723544715047195	8,993440570415617	
2,8813725386348454	5,5699220706114865	8,993440570415617	
2,8813725386348454	5,564073159816441	8,981847957782907	
2,8692064144632052	5,558844495509694	8,979488205631057	
2,8692064144632052	5,555600193686214	8,979488205631057	
2,8692064144632052	5,553075963535317	8,979488205631057	
2,8692064144632052	5,550103114301865	8,979162932129082	
2,869143048854095	5,546551821246421	8,957392159314837	
2,869143048854095	5,5400146386303994	8,95737249738742	
2,869143048854095	5,5382647039136055	8,957031463328587	
2,869143048854095	5,536949791857669	8,957031463328587	
2,869143048854095	5,532790716898133	8,92168780058302	
2,869143048854095	5,5263901761245755	8,907908726102564	
2,869143048854095	5,525013712046982	8,907908726102564	
2,869143048854095	5,5230788567351246	8,896422566444324	
2,8679393028178812	5,518541874650641	8,876480506272294	
2,8679393028178812	5,514673242189891	8,84568298797449	
2,8679393028178812	5,507933594519509	8,830046550959795	
2,865329298126276	5,502818467509623	8,8189854071707	1,3166058541252323
2,8552150011665844	5,4961793368756116	8,817735077529024	
2,8552150011665844	5,4927367799613815	8,812727239105353	
2,8552150011665844	5,491798090557415	8,810524302462433	
2,8552150011665844	5,488677003548742	8,810079279290141	
2,8552150011665844	5,487669748542492	8,810079279290141	
2,8552150011665844	5,483119469377553	8,796204260191116	
2,8552150011665844	5,480918993322697	8,793184039191608	
2,8531291814653486	5,473593893629397	8,793184039191608	
2,852627348262782	5,471257674249028	8,79260020436325	
2,834133179211794	5,467155595642088	8,79222629241706	
2,8334577110066714	5,464093392908385	8,79222629241706	
2,831007553310444	5,461155633637278	8,777804926816591	
2,831007553310444	5,455594119534976	8,776843645064357	
2,831007553310444	5,45402691364273	8,771056203541185	
2,829275374426118	5,451106777355603	8,767702479327939	
2,826640439219466	5,443506787312332	8,708648024372687	
2,826640439219466	5,440067834345959	8,707062100694294	
2,826640439219466	5,435968329812271	8,68562542518667	
2,777101968376187	5,432096895860642	8,68562542518667	
2,7770154452020104	5,429998861712616	8,680663516026305	
2,7770154452020104	5,426172521167339	8,678288059317675	
2,7765642594739104	5,421314583181721	8,67449889484884	
2,7765642594739104	5,420831389318132	8,673955997219819	
2,7765642594739104	5,416756222107978	8,673955997219819	
2,7765223763613647	5,414974114466924	8,673955997219819	1,2887873590133705
2,7765223763613647	5,410238588717712	8,673345694243274	
2,7765223763613647	5,4043108312657635	8,628151212045209	
2,7765223763613647	5,401677514186255	8,623748328151933	
2,773773210414617	5,398931995663799	8,622682452500431	
2,773773210414617	5,396373075352681	8,613448055101204	
2,773773210414617	5,392472858259027	8,61340219500334	
2,773773210414617	5,39168155110464	8,61340219500334	
2,77350679799044	5,3860667531861	8,58955173820817	
2,773488162901768	5,383699219775337	8,58947155369716	
2,773488162901768	5,381746365484843	8,585902755298935	
2,773488162901768	5,3772165671226935	8,585902755298935	
2,773481264600864	5,374869559785407	8,585902755298935	
2,773361384413011	5,367642026882583	8,581350681989932	
2,773361384413011	5,364051483899982	8,577887619999178	
2,773361384413011	5,363095591521008	8,574587504193726	
2,773361384413011	5,360084377512007	8,548698750075818	
2,773361384413011	5,3585260872539235	8,532020813755569	
2,7703151721537678	5,354538024766161	8,532020813755569	
2,7703151721537678	5,35115435976506	8,507571327398352	
2,7703151721537678	5,34918660558728	8,506899820745069	
2,7703151721537678	5,347493953282609	8,477503240537738	
2,747867899622477	5,341060931656816	8,473715152917324	
2,747867899622477	5,336912308607705	8,472106374064301	
2,747867899622477	5,334884478772218	8,472106374064301	
2,747867899622477	5,3317013636514465	8,467819920530017	1,2516949925370708
2,747867899622477	5,329996252716581	8,454036721494925	
2,747867899622477	5,328350848378445	8,454036721494925	
2,747867899622477	5,324284593802929	8,454036721494925	
2,7462845584119906	5,318928661507356	8,443682735017985	
2,738849915338599	5,315473132651831	8,436203748854739	
2,738849915338599	5,312587971789591	8,42449723405686	
2,738849915338599	5,309074456034731	8,423668349725022	
2,738849915338599	5,3077068925018605	8,419564359650112	
2,7317762039360307	5,30239744239114	8,412755986965633	
2,7317762039360307	5,300123966732137	8,412755986965633	
2,7317762039360307	5,297624007539217	8,405465224427562	
2,7317762039360307	5,29447812168714	8,40255671620481	
2,731407082810203	5,289456856331379	8,393996022775466	
2,731407082810203	5,2887846355535695	8,393580915606808	
2,731407082810203	5,28706084442922	8,38861254192058	
2,727082530623999	5,285940087511842	8,38861254192058	
2,727082530623999	5,2842271779150165	8,374105693624161	
2,727082530623999	5,283639270556311	8,374105693624161	
2,722788868672509	5,281589509176388	8,365136257005402	
2,722788868672509	5,278325651521418	8,353591551594475	
2,722788868672509	5,277285379389813	8,353591551594475	
2,6959702202035447	5,267911095235437	8,332628420314238	
2,6959702202035447	5,26486481678042	8,332628420314238	
2,6959702202035447	5,2617790919835	8,310680430635985	
2,6959702202035447	5,259949963920297	8,306085411123295	1,2287631532174943
2,6959702202035447	5,258233078313521	8,302927281060052	
2,6959702202035447	5,252758737476402	8,302927281060052	
2,6959702202035447	5,252139985844301	8,296240807272408	
2,6959702202035447	5,250340242922131	8,295622610951105	
2,695896807711343	5,249788659019446	8,295622610951105	
2,695896807711343	5,245146123089934	8,288836702754454	
2,695896807711343	5,242131245786407	8,288836702754454	
2,695896807711343	5,240067654477055	8,285693056002968	
2,695896807711343	5,237886667716376	8,285693056002968	
2,6929061845709317	5,232832026535008	8,260089750162445	
2,6895748438089884	5,227863106038946	8,260089750162445	
2,6875292150314194	5,2267536594377315	8,260089750162445	
2,6875292150314194	5,2252728002716955	8,260089750162445	
2,6875292150314194	5,222309905418864	8,258104655198576	
2,6824800157381663	5,21744268289304	8,257466026331109	
2,6824800157381663	5,214737795358365	8,257466026331109	
2,6824800157381663	5,212534717681256	8,257466026331109	
2,6824800157381663	5,207793523083483	8,23814316306096	
2,6818983702203836	5,200773300807741	8,23814316306096	
2,6818983702203836	5,198807541885414	8,238057018155276	
2,676067032491235	5,19687215863757	8,230322539911485	
2,676067032491235	5,195431062904947	8,228587954273072	
2,676067032491235	5,1904195912213025	8,228587954273072	
2,676067032491235	5,18816170737631	8,197033970714042	
2,675151581584439	5,185995640454605	8,190493617561366	1,2044556481548734
2,675151581584439	5,184270125675642	8,176779906663443	
2,6750646239369216	5,181792592350578	8,17266670191085	
2,6750646239369216	5,181331377047486	8,17266670191085	
2,658168745251749	5,177648576875793	8,171805142914723	
2,657984100918229	5,1753933425312155	8,158760001116827	
2,657984100918229	5,168689919517567	8,158692354355564	
2,657984100918229	5,167577403166718	8,157947102967226	
2,657984100918229	5,1650877893181155	8,148525208362111	
2,657984100918229	5,161104078008513	8,148525208362111	
2,657984100918229	5,157743417692875	8,148525208362111	
2,657984100918229	5,15661580811933	8,14822503887058	
2,657984100918229	5,154490300770659	8,148086296273762	
2,657984100918229	5,1525921312951395	8,148086296273762	
2,657984100918229	5,149552916499093	8,148041947902922	
2,657984100918229	5,148045882376944	8,148041947902922	
2,657984100918229	5,145634250681541	8,148041947902922	
2,657984100918229	5,144196592794356	8,133192402341733	
2,657984100918229	5,142536205561266	8,131780424516728	
2,6536825755168665	5,135837314363462	8,122254390531914	
2,6536825755168665	5,134769381342414	8,122254390531914	
2,6536825755168665	5,1320757794213385	8,122254390531914	
2,6536825755168665	5,13042704221441	8,122001979030468	
2,6468488943146116	5,127205416608388	8,116030479614935	
2,6468488943146116	5,125409472827585	8,116030479614935	
2,6468488943146116	5,119845185660481	8,116030479614935	1,1750495716695797
2,646465255630021	5,119105772707838	8,112558260588992	
2,646465255630021	5,112661214766266	8,112558260588992	
2,646465255630021	5,109626154412919	8,064920817544094	
2,6449828287318273	5,107338802218264	8,054570160263001	
2,6449828287318273	5,104395605228208	8,044293125271633	
2,6449828287318273	5,09958567593049	8,044293125271633	
2,6449828287318273	5,097505794378153	8,006684428435547	
2,6449828287318273	5,096837600575907	8,006684428435547	
2,644472497447955	5,095458609654861	8,006684428435547	
2,644472497447955	5,090753826895095	8,006684428435547	
2,6444001939615926	5,089642914538836	8,006664167961453	
2,6444001939615926	5,085618362426597	8,005972017232285	
2,6444001939615926	5,0849069387136705	8,005876942168449	
2,6444001939615926	5,081098708459252	8,005393721443875	
2,6444001939615926	5,07773933982892	8,005393721443875	
2,6444001939615926	5,072675137900086	7,994459837717241	
2,6444001939615926	5,070522919042428	7,994459837717241	
2,6444001939615926	5,067867896581721	7,994452998223997	
2,6444001939615926	5,067186756021202	7,994452998223997	
2,6444001939615926	5,062209855467233	7,980820839108626	
2,6444001939615926	5,061187636493765	7,97778659165857	
2,6444001939615926	5,056301616355807	7,97778659165857	
2,6428648400200423	5,05384563666757	7,96909374013415	
2,6428648400200423	5,049176302331979	7,966439902869816	
2,6428648400200423	5,047166846417522	7,964125795789906	1,147124095946747
2,6428648400200423	5,044585662026129	7,964125795789906	
2,6428648400200423	5,038983087725272	7,958288241259503	
2,6332280123262257	5,0351360669823	7,9424377341296	
2,6332280123262257	5,029473234157682	7,9424377341296	
2,6264378952271117	5,026059463495884	7,94102993001418	
2,6264378952271117	5,023867219856774	7,94102993001418	
2,6193150310710456	5,0227800096651425	7,935641643152937	
2,6193150310710456	5,020757756146271	7,934667985207139	
2,6193150310710456	5,01714109397219	7,865657033928397	
2,619202224525947	5,011048695246088	7,849733198261509	
2,619202224525947	5,006575491210558	7,8496170245257835	
2,619202224525947	5,004048107569885	7,794628600790403	
2,619202224525947	5,00361696661001	7,785502288008768	
2,619202224525947	5,002063977000074	7,780779688341894	
2,618493317498761	5,000297005301535	7,780779688341894	
2,618493317498761	4,99775283866818	7,780779688341894	
2,618493317498761	4,995222102966316	7,780442918444353	
2,618493317498761	4,992900595292628	7,768773956830514	
2,618493317498761	4,990374442052644	7,766763209085342	
2,615952296480944	4,987696708240876	7,753667865768116	
2,612424477566616	4,986761084309577	7,753109882811723	
2,6112069512858254	4,98607891671626	7,752438511066435	
2,6095139548583597	4,983394852222433	7,750344924085762	
2,6095139548583597	4,981594112325884	7,7499611005896725	
2,6021461629971028	4,976676187226849	7,73231922378896	1,1220913650521194
2,6021461629971028	4,976251004547107	7,723598188680463	
2,6021461629971028	4,9731551002659975	7,723598188680463	
2,6021461629971028	4,969534498547393	7,723011881146322	
2,6021461629971028	4,967685801931586	7,723005231290148	
2,6021461629971028	4,964133355957945	7,693441702047982	
2,6021461629971028	4,962597675907851	7,687913633646827	
2,6021461629971028	4,9610873774611335	7,687913633646827	
2,6021461629971028	4,959789396277698	7,687833397860663	
2,588901775440352	4,957238296167581	7,687833397860663	
2,588901775440352	4,955884687078676	7,687833397860663	
2,588901775440352	4,954897740405641	7,687541704733231	
2,588901775440352	4,952067928138043	7,687541704733231	
2,588901775440352	4,950947966292918	7,686674277815987	
2,588553227461202	4,9482503587087985	7,686674277815987	
2,588553227461202	4,943840276735877	7,686674277815987	
2,588553227461202	4,942563238141161	7,680982695767754	
2,588553227461202	4,941480664122863	7,680884223285098	
2,588553227461202	4,938431794173761	7,679914219400848	
2,588553227461202	4,937446209166873	7,678943005171521	
2,5778281114959527	4,936537463649176	7,675543381089463	
2,5778281114959527	4,934083536443742	7,672519683508963	
2,5778281114959527	4,933200264210631	7,666259612671137	
2,5778281114959527	4,932828880557594	7,666259612671137	
2,5778281114959527	4,9315144040816214	7,666259612671137	
2,5778281114959527	4,931253089875464	7,6638493750244985	1,1053661846803606
2,5778281114959527	4,928588000971763	7,6638493750244985	
2,5778281114959527	4,92674216428678	7,64900648106145	
2,574606664229408	4,924242894263929	7,648154514680133	
2,5738374484107167	4,923235834978871	7,645291387256318	
2,5738374484107167	4,92239684786344	7,645291387256318	
2,5738374484107167	4,921372019311419	7,645291387256318	
2,5738374484107167	4,91930086605462	7,644688541008582	
2,5738374484107167	4,918244802289402	7,640266182973026	
2,57215042341259	4,9138724987047375	7,631496532907567	
2,57215042341259	4,912341175224998	7,6311391683850225	
2,57215042341259	4,908654094819281	7,59340956734248	
2,57215042341259	4,904407108817969	7,586946633210967	
2,57215042341259	4,903161326730346	7,586946633210967	
2,5718995618155747	4,898510245433335	7,586946633210967	
2,5718995618155747	4,89796733402028	7,586946633210967	
2,5718995618155747	4,896524988071092	7,586946633210967	
2,5718995618155747	4,893849351262171	7,58313580311813	
2,5718995618155747	4,892657170982084	7,568271522022417	
2,5718995618155747	4,888891379208091	7,532880311498783	
2,5705108790922235	4,886788007165458	7,531015542372914	
2,5704915647183664	4,886343314327494	7,531015542372914	
2,5699436209898265	4,884918426612699	7,531015542372914	
2,5699279282812277	4,882961895399626	7,531015542372914	
2,5699279282812277	4,882350237136476	7,531015542372914	
2,5473983818130113	4,878629395509297	7,531015542372914	1,0942704712186668
2,5473983818130113	4,877721241320133	7,531015542372914	
2,5473983818130113	4,875647366158198	7,531015542372914	
2,5473983818130113	4,874605720562805	7,531015542372914	
2,543228682950065	4,871892346395414	7,531015542372914	
2,543228682950065	4,870417388669077	7,531015542372914	
2,535735818967015	4,868460236495391	7,531015542372914	
2,535735818967015	4,866011540175322	7,518242393604927	
2,535735818967015	4,862513909930699	7,505686846132461	
2,535526854895184	4,857890491200123	7,505686846132461	
2,535526854895184	4,855478418918323	7,505015021201401	
2,535526854895184	4,854012650253627	7,500640348250401	
2,535526854895184	4,851271681518865	7,500640348250401	
2,535526854895184	4,845684750630024	7,491331755459859	
2,535526854895184	4,8446039135574	7,491331755459859	
2,535526854895184	4,843811971857386	7,491243244495361	
2,5346645950264066	4,84164794928646	7,48531505717463	
2,527214175919125	4,8393470900133675	7,482624088054057	
2,527214175919125	4,837905122968325	7,482624088054057	
2,527214175919125	4,83653532754661	7,482624088054057	
2,527214175919125	4,835608681959881	7,48250252407545	
2,527214175919125	4,832224080234208	7,48250252407545	
2,527214175919125	4,827582714320522	7,478751212461358	
2,527214175919125	4,825838601979822	7,478283531588228	
2,527214175919125	4,824904306271055	7,474348747039761	
2,527214175919125	4,823465999498016	7,455309254463109	1,0800119591226127
2,527214175919125	4,822494108035479	7,444412572343752	
2,527214175919125	4,819742033769264	7,418969455495516	
2,527214175919125	4,812054508695306	7,401950001113334	
2,5101431626286335	4,809535849392845	7,401950001113334	
2,5101431626286335	4,807784227808726	7,401950001113334	
2,5101431626286335	4,806442928832862	7,401950001113334	
2,5101431626286335	4,804481905430304	7,401950001113334	
2,5101431626286335	4,802770491820067	7,399535895911363	
2,5101431626286335	4,8007822119147185	7,399253048975741	
2,5101431626286335	4,798848761090085	7,399253048975741	
2,5101431626286335	4,798062047247685	7,399253048975741	
2,5101431626286335	4,795297813641338	7,399253048975741	
2,5101431626286335	4,794809268655546	7,399214028163376	
2,5024041700038397	4,793770137183085	7,399214028163376	
2,5024041700038397	4,792852861463276	7,396613809739606	
2,5024041700038397	4,791353980682242	7,372172639533582	
2,5024041700038397	4,788084714328536	7,3721037823048245	
2,5024041700038397	4,787164745967193	7,366994842078168	
2,5024041700038397	4,786507288642774	7,366994842078168	
2,5024041700038397	4,7848782672011065	7,366994842078168	
2,50053617012995	4,780463108549484	7,366994842078168	
2,50053617012995	4,778960235242641	7,366994842078168	
2,50053617012995	4,777670499716794	7,366994842078168	
2,50053617012995	4,774972262611155	7,362341679180235	
2,494381516771912	4,77339211747455	7,362341679180235	1,0607925173198491
2,494381516771912	4,770811639043719	7,362341679180235	
2,494381516771912	4,769877887341411	7,351072796871659	
2,493295905870518	4,767957906797858	7,343315793733528	
2,4915158027786743	4,766363484891251	7,313211145040267	
2,4915158027786743	4,7655047939680735	7,309996074468168	
2,4915012549411246	4,7629735864725955	7,309996074468168	
2,4915012549411246	4,762024874630272	7,309996074468168	
2,4915012549411246	4,761724366702935	7,309996074468168	
2,4915012549411246	4,758704984478275	7,309777387624714	
2,4915012549411246	4,7577649664109485	7,2885490814654235	
2,4915012549411246	4,756383492494798	7,2885490814654235	
2,4915012549411246	4,755162753630922	7,2885490814654235	
2,491486785427825	4,753908688860765	7,2885490814654235	
2,4912348193075915	4,753263607735917	7,2885490814654235	
2,4912348193075915	4,751065812000414	7,281008911360842	
2,4912348193075915	4,750496842863256	7,281008911360842	
2,4912348193075915	4,749481747901479	7,281008911360842	
2,4912348193075915	4,7475984555521755	7,266464551161719	
2,4912348193075915	4,74665523864838	7,265673477000737	
2,4912348193075915	4,741683842674646	7,261172348348167	
2,4912348193075915	4,7389393811361735	7,261172348348167	
2,490109995718125	4,736885734959139	7,244761829343596	
2,490109995718125	4,736490018181531	7,2364624207749895	
2,490109995718125	4,734523252165618	7,226919571989777	
2,4886637828905416	4,733676597826752	7,216015561447188	1,045165339554405
2,4881639342179986	4,73199275424897	7,215760981496495	
2,4881639342179986	4,72836342716195	7,206653974379914	
2,487079180599099	4,726464094814869	7,2066262915662795	
2,487079180599099	4,726104026609515	7,2066262915662795	
2,487079180599099	4,724620487441515	7,206592436082499	
2,487079180599099	4,723567090056628	7,206592436082499	
2,487079180599099	4,721713469328681	7,186407456975092	
2,487079180599099	4,719340271617576	7,186407456975092	
2,4869260630776404	4,718462624355988	7,186407456975092	
2,4869260630776404	4,713957706371434	7,186407456975092	
2,4869260630776404	4,713072212177478	7,186407456975092	
2,4869260630776404	4,712345004621762	7,180710387669857	
2,4869260630776404	4,710877260255217	7,180589775092886	
2,4869260630776404	4,708032205820812	7,180589775092886	
2,485165091629657	4,704822239188367	7,173629394726225	
2,484874056484117	4,704333792247186	7,173629394726225	
2,484874056484117	4,7025356475272355	7,149260148015441	
2,484874056484117	4,702059176214205	7,149034805235444	
2,484874056484117	4,701587139283368	7,149034805235444	
2,484874056484117	4,701240178127028	7,147026534325288	
2,484874056484117	4,698397087025767	7,147026534325288	
2,484874056484117	4,697382977323728	7,1455402194847535	
2,484874056484117	4,696104750642106	7,1455402194847535	
2,484874056484117	4,695706874325583	7,1455402194847535	
2,484874056484117	4,695067709181113	7,144818053378404	1,0351627429421502
2,484874056484117	4,694276880958316	7,142030701568021	
2,484874056484117	4,694057274494269	7,1415650765727	
2,484874056484117	4,691410232925894	7,126834544286871	
2,482690174774356	4,689589154638263	7,126719507909427	
2,482690174774356	4,689143752238752	7,126719507909427	
2,482690174774356	4,6887007711966495	7,126576863338857	
2,482690174774356	4,688445287673811	7,126576863338857	
2,4751845771975294	4,68638005927736	7,120250440822764	
2,4751845771975294	4,685253308388461	7,120153869107697	
2,4751845771975294	4,6845071815675885	7,117658338504699	
2,4751845771975294	4,683994660619659	7,114757941357819	
2,4751845771975294	4,682496117561311	7,099223654691724	
2,4653588710702343	4,681603928732329	7,099223654691724	
2,4653588710702343	4,681283231227279	7,099223654691724	
2,4640157379629644	4,68027679430985	7,099223654691724	
2,4640157379629644	4,679926154253235	7,099223654691724	
2,4627222129970803	4,676509917649684	7,07970608688745	
2,4627222129970803	4,673840970816541	7,07970608688745	
2,4627222129970803	4,673448669715374	7,07970608688745	
2,4627222129970803	4,6720816959872895	7,072622383316072	
2,4627222129970803	4,670212507470326	7,072622383316072	
2,457087890606331	4,666096390036132	7,072509854825232	
2,4570216179059874	4,664470994186323	7,072191875359283	
2,4560573481174703	4,66282109730808	7,07209729868929	
2,455405268934866	4,6588157891192505	7,064143113249206	1,027753407259834
2,455405268934866	4,6570608068902795	7,064143113249206	
2,455405268934866	4,655645837986507	7,064143113249206	
2,455405268934866	4,655213245902287	7,064143113249206	
2,455405268934866	4,653833805522177	7,064143113249206	
2,449124392091575	4,6492157449813645	7,0623295558314885	
2,449124392091575	4,64694105366637	7,0623295558314885	
2,449124392091575	4,646227976626866	7,053162973546789	
2,449124392091575	4,645093855512606	7,053162973546789	
2,449124392091575	4,64349292684016	7,053162973546789	
2,449124392091575	4,642627410766971	7,053162973546789	
2,449124392091575	4,6417496927442246	7,053162973546789	
2,449124392091575	4,641565829151477	7,050589589476022	
2,449124392091575	4,639246031507786	7,044617497335532	
2,449124392091575	4,638674023742843	7,044617497335532	
2,449124392091575	4,638507442578209	7,044617497335532	
2,449124392091575	4,6371869017353795	7,03012305625698	
2,449124392091575	4,634285774525805	7,028316718709449	
2,449124392091575	4,633546882526016	7,028316718709449	
2,449124392091575	4,632876834014418	7,028316718709449	
2,449124392091575	4,632557202634434	7,028316718709449	
2,449124392091575	4,630865840972497	7,028316718709449	
2,449124392091575	4,6294279751237095	7,023958472981155	
2,449124392091575	4,628778508614757	7,023958472981155	
2,449124392091575	4,625066611400512	7,012511365445452	
2,449124392091575	4,621193651263677	7,003611284007173	1,0167544456114157
2,449124392091575	4,620806751980207	7,003611284007173	
2,440417744529962	4,6176515174793655	7,003611284007173	
2,440417744529962	4,616662583468052	7,003540141169189	
2,440417744529962	4,615640668837292	7,003540141169189	
2,440417744529962	4,614241928456397	7,003540141169189	
2,440417744529962	4,613424385213726	7,003540141169189	
2,440417744529962	4,612189275719781	7,00233647560726	
2,440417744529962	4,611196620936715	7,00207722655272	
2,440417744529962	4,611060291368884	7,00207722655272	
2,440417744529962	4,609465048385282	7,000853679907343	
2,440417744529962	4,608359604858038	7,000853679907343	
2,440417744529962	4,605135580987618	6,997631789323832	
2,440417744529962	4,604836256275209	6,997631789323832	
2,4070973313061788	4,600161744321993	6,997631789323832	
2,4070973313061788	4,5991083763552085	6,997631789323832	
2,4070973313061788	4,5977350743622445	6,997631789323832	
2,4070973313061788	4,596605772884435	6,985980425365247	
2,4070973313061788	4,594886986571921	6,984370189689676	
2,4070973313061788	4,594117445932371	6,977542291855772	
2,4069548805651446	4,5929311352938536	6,977542291855772	
2,4069548805651446	4,591174476424033	6,961253463745647	
2,4069548805651446	4,589691344148863	6,961131844454785	
2,4069548805651446	4,586419351434331	6,932781783217199	
2,4069002709018914	4,583701122990426	6,932781783217199	
2,4069002709018914	4,582513351923521	6,907576047587327	1,0085474573027393
2,4069002709018914	4,581833173678342	6,906220555289633	
2,4069002709018914	4,580848451232047	6,906220555289633	
2,4069002709018914	4,578216578472808	6,903438190415523	
2,4069002709018914	4,577586640704332	6,903382082744679	
2,4069002709018914	4,57453605994227	6,903382082744679	
2,4069002709018914	4,5723030206213835	6,903204720171268	
2,4069002709018914	4,5693707344799215	6,896807512135374	
2,4069002709018914	4,566583593475887	6,896807512135374	
2,4069002709018914	4,565228788880328	6,896807512135374	
2,4004402633375324	4,561752912553101	6,896807512135374	
2,4004402633375324	4,560254779906749	6,896285733604195	
2,397291908394008	4,559516648126315	6,895987198626658	
2,3967430518342443	4,558646209383686	6,895987198626658	
2,39660662239611	4,558067710789094	6,8959862757524935	
2,39660662239611	4,556544221800284	6,893087763380108	
2,39660662239611	4,556181049113343	6,889494932671048	
2,3965239742557527	4,555418107627429	6,889494932671048	
2,3965239742557527	4,552469129295752	6,889494932671048	
2,3965239742557527	4,55212297041616	6,889494932671048	
2,3965239742557527	4,550796830315425	6,889494932671048	
2,394505148759088	4,5477222269830255	6,889494932671048	
2,394505148759088	4,5465337277433004	6,889494932671048	
2,394505148759088	4,545750881652325	6,889494932671048	
2,394505148759088	4,544919793749972	6,888399837103886	
2,394505148759088	4,543320889569689	6,884131917586023	0,9996562380323631
2,3943990108102517	4,538978912469303	6,884131917586023	
2,3943990108102517	4,537547559359642	6,883354530549029	
2,3636334258036196	4,535884128181737	6,883354530549029	
2,3636334258036196	4,534267666303367	6,871378229275874	
2,3636334258036196	4,533290224407053	6,871378229275874	
2,3636334258036196	4,533177831104673	6,871378229275874	
2,3636334258036196	4,532848066768613	6,871378229275874	
2,3636334258036196	4,532579312490733	6,871378229275874	
2,3636334258036196	4,531019742994257	6,870123899968984	
2,3636334258036196	4,530968513814684	6,870123899968984	
2,3636334258036196	4,527819390957658	6,857825555662738	
2,3636334258036196	4,526585978698474	6,857825555662738	
2,361863013837345	4,524991952668983	6,85780831886272	
2,361863013837345	4,523380632434926	6,85780831886272	
2,3604069443453297	4,523034198793365	6,85774165536647	
2,3604069443453297	4,522904893421855	6,85774165536647	
2,3604069443453297	4,521574579725313	6,856806830396485	
2,3604069443453297	4,520859726972163	6,854148664864791	
2,3604069443453297	4,520758447895613	6,854148664864791	
2,3604069443453297	4,51993982504086	6,854148664864791	
2,3604069443453297	4,5192906037844445	6,854148664864791	
2,3604069443453297	4,518094953507844	6,853122447278678	
2,3604069443453297	4,5179876605021745	6,853122447278678	
2,35310560702085	4,517361064938776	6,853122447278678	
2,35310560702085	4,515018112103334	6,82487291287329	0,9965921550686422
2,35310560702085	4,513925008490349	6,82487291287329	
2,35310560702085	4,5126010668353205	6,82487291287329	
2,35310560702085	4,5114953243355345	6,82487291287329	
2,35310560702085	4,509811509338287	6,8202216533114814	
2,35310560702085	4,508810154158374	6,820197986988059	
2,35310560702085	4,50773511585121	6,81787753196559	
2,35310560702085	4,506288007146987	6,813143620903537	
2,35310560702085	4,505740789280364	6,813143620903537	
2,352641147317603	4,5045561089606805	6,813143620903537	
2,352641147317603	4,503675114326461	6,812142630349906	
2,352641147317603	4,502532010800995	6,812142630349906	
2,35020794067494	4,500537685351243	6,812142630349906	
2,35020794067494	4,499806211237717	6,811249360616313	
2,3497366799664716	4,498954624817801	6,811249360616313	
2,3481797318139828	4,49734559782549	6,811249360616313	
2,3481797318139828	4,497096937785762	6,811249360616313	
2,3481797318139828	4,496392319231084	6,811162174285297	
2,3481797318139828	4,494777982238262	6,811162174285297	
2,346687482202073	4,493659250554019	6,811162174285297	
2,346687482202073	4,493210154457867	6,810409670412145	
2,346687482202073	4,49197476787777	6,810409670412145	
2,346687482202073	4,491048819473855	6,810409670412145	
2,346687482202073	4,490361321887137	6,810069096019363	
2,346687482202073	4,486547681842112	6,806724901310175	
2,346687482202073	4,484438548554005	6,802390591896411	0,9867618411050003
2,345476349694799	4,483481946229095	6,773918111255076	
2,345476349694799	4,481217060316506	6,773918111255076	
2,345476349694799	4,480300515786442	6,773109423815168	
2,345476349694799	4,480222403748406	6,773109423815168	
2,345476349694799	4,478885207643042	6,773109423815168	
2,345476349694799	4,475693180369044	6,773109423815168	
2,345476349694799	4,474400522877747	6,773109423815168	
2,344777048393947	4,470919304262178	6,752182343580654	
2,33831456949204	4,469474310051764	6,75080346283841	
2,33831456949204	4,468995633527449	6,75080346283841	
2,33831456949204	4,467865633672355	6,75080346283841	
2,337501170995186	4,467476680405273	6,748323931219499	
2,337501170995186	4,466756833904068	6,748323931219499	
2,337501170995186	4,466124983091152	6,748323931219499	
2,337454541990843	4,465717708409627	6,747972044498824	
2,337454541990843	4,464791347012786	6,747972044498824	
2,337454541990843	4,463742309289865	6,747972044498824	
2,337454541990843	4,4629065667642775	6,747972044498824	
2,337454541990843	4,460558903509065	6,747972044498824	
2,337454541990843	4,459810197765211	6,7423320836134	
2,337454541990843	4,45609158587588	6,733350621005099	
2,337454541990843	4,454113480792392	6,687020553896187	
2,337454541990843	4,452541499888008	6,687020553896187	
2,337454541990843	4,452036907101264	6,687020553896187	
