112,79746965793974	265,2078653337827	437,19288900161416	73,74470954609815
96,94690785407411	234,1239305099447	395,99449774430366	
85,23654501875139	204,84781054665294	352,3262179671612	
73,996731767381	177,18062079283084	306,18498324403294	
67,256738997023	154,54721929631316	271,6768940823944	
59,25059172502153	135,57078657184783	238,53144566867036	
51,18241775312081	118,65752526360922	209,72411675712942	
48,43257785347247	103,93430022618007	182,74999955444864	
42,93964039210931	90,73382566673163	155,85607240437213	
39,16254151927419	79,39919706294354	136,356934796723	
36,52480179362409	70,34141109020857	118,1949919007154	
33,71790810293479	62,12208880125697	102,69822775402812	
31,233252935888387	55,87785473788755	91,19516457055067	
29,60598899745724	50,21987105590548	80,37972341665943	
27,64884272270641	45,523436793148456	72,24001448175134	
26,216767307324815	41,63681980720084	63,62417640324737	
24,811170100627194	38,342113846601166	56,3972410358202	
23,797603406736336	35,369651117475854	51,1151060294894	
22,79116406154248	32,86235048824454	46,17521261528438	
21,672632006774258	30,688525470786143	42,42465045505485	
21,045466383721234	28,834326344521195	39,22177796728394	
20,169295592872015	27,223588703592256	36,50006462628327	
19,225383121818357	25,85468247178655	34,50995214983047	
18,486782844347626	24,42585888039119	31,912620527979453	
17,626602345650905	23,187253218384107	29,985861770600877	
17,029935569340797	22,090656219043076	28,36858545657513	2,5540898197545716
16,31157314448564	21,062290346561703	26,91464554373887	
15,628751382982571	20,168289467997763	25,688317847458976	
14,826902022296771	19,285590181675342	24,34268152658022	
14,243653986107038	18,42060558285853	23,191094428504034	
13,642322413944338	17,636583983387276	22,2337705535665	
13,137344628584094	16,899174147662528	21,365449629798388	
12,566001444295601	16,205004612618495	20,474014941152685	
11,987730865092756	15,542218533002856	19,52389257429393	
11,374398923647442	14,878507051454438	18,792245705784325	
10,850512719076132	14,205808900268503	17,989407141918544	
10,452560434027166	13,554520240094922	17,241518476140694	
9,90706714841254	12,950044040818836	16,506449329945657	
9,396122540947546	12,431371295206283	15,721472063844425	
9,012826364242233	11,87529623736061	15,17610166375902	
8,578639196833311	11,343218190827248	14,60057335362814	
8,199772872858778	10,804593642618896	14,078713717673995	
7,819339799632603	10,350404237874644	13,409206220434477	
7,407646774039523	9,907319127765923	12,901205865566208	
7,030180567213371	9,487411809782557	12,472111286371693	
6,666022523730447	9,059655462674538	11,94747918042686	
6,304842948379337	8,620778534143952	11,553351436196365	
5,9929222191160925	8,22389972387956	10,979324331122678	
5,701123053222393	7,830570616256555	10,460164441930138	
5,389594675327212	7,483694494183805	9,998136633415545	
5,131842993392744	7,135243236467987	9,624302548104312	0,9989436727215429
4,802105220426903	6,766646452730562	8,977651354899205	
4,540508480995351	6,398020330716028	8,66651033786482	
4,2469404163338655	6,088160154919463	8,233038513247685	
4,038019184229795	5,748025162505599	7,888297782950369	
3,7967255422957304	5,451061474226305	7,458210336380728	
3,649193605870289	5,176210712513738	7,1816216231760714	
3,4663468675872786	4,918054142782443	6,750213161650541	
3,2246688037645495	4,693735013687169	6,559680265071154	
3,0662187345701786	4,460900358492728	6,195416587226625	
2,881075131595265	4,222700700828957	5,950250361949253	
2,7673703156098584	4,009215540077657	5,647332584231353	
2,6021034801571896	3,7994369783834134	5,423384432322451	
2,467710406456531	3,6154767970156807	5,163791155318684	
2,376576923008918	3,428163670557684	4,928798029043704	
2,25912780237473	3,284341398954999	4,651858456353863	
2,131577337920594	3,1592300318720596	4,502471674697276	
2,016821107975113	2,998403320021374	4,425963710547171	
1,9645090994435355	2,8878008716231083	4,141377275266498	
1,8814998633584639	2,7679294361349838	4,029085716910606	
1,800973754811275	2,655414209185329	3,8779124725472247	
1,7304857265218399	2,5346812404394763	3,6767558312175725	
1,6791495002120385	2,4253235785025136	3,5644901408208756	
1,5981826501774696	2,3316814977737734	3,379758944735998	
1,5646693207647704	2,248200747009255	3,2459337621112656	
1,529005493402032	2,1842827150586954	3,1799962917600544	0,3675806488395187
1,477703130288255	2,1110515482728567	3,0825874769260664	
1,4309130682491022	2,0449180726052627	2,99283566197001	
1,3838291744546904	1,983868841687191	2,888647714968795	
1,3325492046204155	1,914606306602438	2,770279994471039	
1,317392160818571	1,8561500594076394	2,70987573831688	
1,2857382553925123	1,81014516125704	2,628128419396264	
1,2803718793295027	1,7723537096820252	2,5982500677549196	
1,2506209035511027	1,728772575627128	2,5294240818585014	
1,2409158776373215	1,6938786977651352	2,509490500523733	
1,2283480956510366	1,6628083929702628	2,4572524715579096	
1,211488844385878	1,6355658100402197	2,3527386010750866	
1,1954075845199414	1,6048381823499898	2,3306204420055265	
1,1809536960744809	1,5829927558794485	2,2968488728088823	
1,1705660635071142	1,5636545445706245	2,2417973014614567	
1,1562095464397482	1,5442023915730059	2,212388666105075	
1,1480084584816064	1,5288627731364146	2,195931093921619	
1,1428643689135907	1,50619891053129	2,1588531424869606	
1,140449615011086	1,4903315258002052	2,1520792863562486	
1,1463467126548457	1,4841302059007235	2,1298635676813014	
1,1413006759777222	1,4814401754472717	2,1314397905514677	
1,120728627228123	1,478128881429151	2,1091236628737082	
1,1246105145571423	1,4694884640272243	2,1128053460245333	
1,126441836545427	1,4614796452881478	2,1318273940421006	
1,119069112310104	1,4540131671728105	2,081880306073328	
1,1160142597076654	1,450022536942156	2,0793351902992456	0,20722789804528008
1,1190392127199709	1,4423765157709376	2,0722439610878136	
1,116344982865459	1,4399332823639213	2,086864587029811	
1,117545999390938	1,440045442733878	2,064698537129432	
1,1049078049344998	1,433914709851927	2,058016529303988	
1,1070140378212916	1,4314417720867154	2,050898621018458	
1,1086494466863859	1,427729955973607	2,072932603991997	
1,1091587067915665	1,4285248442912613	2,0034025489278915	
1,1078369920334357	1,427362534918578	2,048206893654998	
1,1047146009170876	1,4264419697962993	2,0362192000589916	
1,1057303759244719	1,4270122407912982	2,030044793148261	
1,0925440960713708	1,4244107410112938	2,0612958361682234	
1,0897719559847383	1,4267172895129818	2,060820316059271	
1,1038721205824222	1,4224217771683818	2,051837270391862	
1,1008322656910179	1,424003048184689	2,021314967176941	
1,1026087366487562	1,4208083067136767	2,0250020765655394	
1,094462849825836	1,417566805666562	2,0265075118491698	
1,0944439588355377	1,4128246809544487	2,0634709590273546	
1,0952910410743026	1,4156487093031702	2,046782115338478	
1,0994340364835962	1,4092022299389015	2,012033529055629	
1,0960148717355118	1,4140934055459475	2,040718713845801	
1,0906474556904462	1,4140272644044014	2,0198429790693346	
1,0955392864877735	1,4133547756946623	2,009747106278182	
1,0912040022657115	1,4119571018294315	2,0141738079772717	
1,081264671780119	1,4136820958197804	2,0016669408141636	
1,0863688026721372	1,4075601722628948	1,9931893011768136	0,19669388090576315
1,093635888669635	1,4114899044589675	2,0440825433512884	
1,1010605018416466	1,4088843456637996	2,02687566122571	
1,094685677481389	1,402605845044848	1,9944588526533855	
1,0844258504014985	1,403945777167159	2,033457652029643	
1,0799254336793636	1,4015200500676324	2,045758404444766	
1,092575653899206	1,4016821778003998	2,0110593416900606	
1,094562314613036	1,4036428694333223	2,022650561017414	
1,092172548147503	1,4046633163069828	1,97230168385305	
1,0924779027342018	1,4039119213475864	1,9937616562225915	
1,099532934107047	1,4066470715231176	2,001080625368017	
1,0998769042697085	1,4101588768241664	2,025372211284104	
1,0935009006667262	1,4145547987751628	2,0398463135582694	
1,1121715863864798	1,4132781386718258	1,9961182212029718	
1,1138917187452122	1,412446089766853	2,0110060333918667	
1,105415054616348	1,411459000788621	2,0081588481563704	
1,1038157239141684	1,4108434345696907	2,001683383915588	
1,1036647129882997	1,410214474892785	1,9870786251773083	
1,1044691767163888	1,4030687682771341	1,991427957787092	
1,1074899882817097	1,4034317167152006	2,001323922847248	
1,0992953639471195	1,4022364827839002	1,9847225862425364	
1,0937581129467078	1,4009572720255465	1,9627225063117717	
1,098730569543895	1,4034537288157722	2,042392300064822	
1,1025121688185369	1,4065351597620455	2,0350785512312495	
1,0946794725335205	1,410620703146738	2,0073673818320414	
1,1033558677220723	1,4067207669735597	2,014551655554053	0,19397609379366706
1,0933126477797512	1,4080878167759616	2,0115946508377216	
1,0942507911558694	1,400455808446392	1,9819967795150961	
1,1010992583215624	1,3987176575597424	1,963646794854906	
1,0953903526958044	1,3931401298462358	1,9579895947572081	
1,1001589471378042	1,3920453764117549	1,9709097926009305	
1,0846155789740957	1,3913588331573004	1,9762115717764268	
1,0958004838618896	1,3922342432832275	1,975720208818775	
1,093886336618568	1,39830053887024	1,9869135084681477	
1,0930328421755044	1,3938062246927942	1,9951712603940792	
1,0910405390579458	1,3948724297259323	1,9937529399229121	
1,083226016886681	1,3981272890791312	2,0142917213197125	
1,0876694706286603	1,3986748930115434	1,9978809708641703	
1,0922435946061313	1,4005444137537628	2,019745257290825	
1,0913376252908389	1,4009650763809471	1,9922402727242114	
1,0974417667491985	1,4011129755800136	1,9774844866087253	
1,0996476214775095	1,3999334309991982	2,003206444583208	
1,1033716687322819	1,4030190183807858	2,0130555092717093	
1,0948362948944903	1,4018253539276815	2,024581961828502	
1,0991993447304322	1,4093422895717043	2,0322408068929816	
1,1010116237939191	1,4094000038734835	1,9951251643007282	
1,0984408063195763	1,4095158143754543	2,0303277740277847	
1,0914791250057296	1,4104349540445502	2,0203685399088807	
1,0916807312185064	1,4066996452623401	1,977141297883708	
1,1032721910806953	1,4030837005898826	1,9895663744594918	
1,0983081164875115	1,4027431179417664	2,0084590965824076	0,19657665901062907
1,0986316626680195	1,4002613932690033	1,9971118145697915	
1,0920642755180152	1,4029131327601752	1,9971463832968652	
1,098767978360536	1,4005359893540819	2,005546323542905	
1,101933667720598	1,4047077619823234	2,008163980195711	
1,0976782696485134	1,4048501147018109	2,0072386577432537	
1,0927258687050765	1,4028947818876483	2,0066286649021365	
1,1030744434970976	1,4054328634884405	2,018036184891304	
1,087375878519264	1,4029952935447767	2,002646630183459	
1,098852581080339	1,4029355960288057	1,9645929959176032	
1,0897887740792533	1,4044072029140588	1,9746726954145313	
1,0891720238375924	1,4040995936953171	1,9939800712940232	
1,0982299717365065	1,4033371507207875	2,0293384360313813	
1,0972755869219797	1,4069178113975134	2,0003588629680333	
1,1017923718446938	1,4050733843833794	2,0074357528716265	
1,092163419437661	1,4006799859245849	1,9980073688864701	
1,0916327238379029	1,3999963209708364	1,975456023843093	
1,1013276147723778	1,402416590308038	1,9976637846204452	
1,100187158636359	1,399772726282861	1,9791859529566538	
1,096337236897678	1,3982248995999074	2,0102583933258176	
1,10803505943315	1,4006295292767459	1,9836375502352985	
1,096911791004318	1,3988422535460714	1,969864754676142	
1,1034569756553474	1,397269885409307	1,9748989738246923	
1,095653836647044	1,3943539558558045	1,9793575164156438	
1,0954345163229298	1,3934232744713981	1,9669349097688018	
1,093449738552309	1,3950148697477602	1,993532355066554	0,1916854563241827
1,0883336920765259	1,3930041295732196	1,9702154263437384	
1,0878792548300849	1,3939339263002741	1,97084235861981	
1,0956265154629465	1,3966448105616658	2,0052932818274365	
1,0838889733770052	1,3977661894954698	1,9932203094176477	
1,0838235302780859	1,3960735838902345	1,9752314565772935	
1,0926748104987865	1,3987334157225433	2,0126891678885013	
1,093260627875978	1,4010109452022197	1,9921050647821548	
1,0982446558196859	1,4000730180963423	1,9922649512506487	
1,0960932358958688	1,3986300723600988	2,0020975932678535	
1,096079468760112	1,4032076537664915	2,012327156507612	
1,0929134245563368	1,3992346298156277	2,040776914078714	
1,0910749365205323	1,4022378697002864	2,0009445305058726	
1,0951807921163927	1,4002276049865108	1,9918057843376316	
1,1021117368563125	1,4038597377552964	2,0281100940705774	
1,0982827131059845	1,4058417884859349	2,0037504797972034	
1,1061496104350186	1,408098723138559	2,025699358282171	
1,1050381555163304	1,4105404219325646	2,021670237586263	
1,099584941371689	1,4104794772803932	2,0214578719756173	
1,0940535778530043	1,4115395142519669	1,9861536018860262	
1,0893435745060864	1,4067667086323556	2,018243358836582	
1,0991269847315817	1,4104610541846376	2,0237199991465182	
1,102783623693794	1,4081138454907909	1,9921287884795342	
1,1039336050480404	1,4020999165262895	1,9966931999078605	
1,0863115075399383	1,4063494511404113	2,03703156885024	
1,0893413500858244	1,4047334573366297	2,0025069467078715	0,19372629684154802
1,0875201535074739	1,4076002842168156	2,0079426895623897	
1,0849858596432085	1,3993103348162064	1,9738639988149267	
1,0922033344768538	1,4014482434768438	1,9761389897464494	
1,0955624017905992	1,401726975349753	2,0193007196836885	
1,097885511526949	1,4023714596935957	2,0056402464845586	
1,0906342109851452	1,3996438383668366	2,0242626375838135	
1,0910383660876009	1,3990154203683047	1,9976574800471474	
1,0984832170674503	1,4011901789286945	2,007319422371732	
1,0880137917470254	1,4032186769953439	1,9620811804516658	
1,0844540090406776	1,3977626343528728	1,9896608249657757	
1,0828617456709733	1,3955458838058155	1,9790059656887182	
1,0861024302336901	1,3981150620775094	1,9973410003006828	
1,0861809561631859	1,3990889794413122	2,022821981774095	
1,0951670071575703	1,4005187700745423	2,0040392204870887	
1,0921222398722634	1,3979280794306561	1,9764391397745498	
1,0913473361898915	1,3988091484280778	2,0187135108371828	
1,0901371993487468	1,3943970825426037	1,9746623805750574	
1,0889909088078467	1,3983363801518758	2,023948296366993	
1,0904046135499106	1,4050397543802342	2,0189912096921168	
1,0994955603472314	1,401229005303321	1,9810371018195176	
1,0879086348406366	1,3988279633771188	1,9884395081415556	
1,0967193547041443	1,4018461746084174	2,0390608701200397	
1,102421449411833	1,4061451977379043	2,039664149300899	
1,1033259243733693	1,4090036265322265	2,012185266876006	
1,092087011047942	1,4098046325103584	2,0118820136135507	0,19715759160375795
1,095228306803167	1,4130547383073713	2,0295068388106294	
1,0979301782075543	1,413148587318841	2,0402442715699447	
1,0968558477941892	1,4072899017588176	2,013244072546118	
1,0901402024560416	1,40721117706221	2,0351589752552366	
1,0984091057759175	1,407219316177971	2,040621506837919	
1,0938290995763487	1,4077547686418344	2,0124677298110845	
1,0911727572964163	1,4077002931775533	1,9871240627524696	
1,0933096927221708	1,4034416136263383	2,017403736504652	
1,0924895987711292	1,4049001779013932	1,9843954689478556	
1,0965756345004756	1,402233974179702	1,9957142767697977	
1,09716351742727	1,3942564455003863	1,9797014331654188	
1,0991612324951823	1,3989918782771023	1,9949630168692274	
1,090439599565286	1,3980421603080526	1,9875253271497473	
1,0938213013779845	1,4006949859008468	1,9858488474491633	
1,0910793934506864	1,3968526481218893	2,0067124660937328	
1,0876635795453402	1,4007229805805637	2,004675795916965	
1,0852380279846576	1,3999340882810123	1,9871676156637068	
1,0959307320227831	1,3998075604417033	1,989394262849872	
1,1008840451868762	1,4045486420919755	2,0083096390818405	
1,1045289399306042	1,4086103874957048	2,0449216917775974	
1,1016869631050439	1,413517267431356	2,024985217837764	
1,1027703379956029	1,4088234592844737	2,0087849432950624	
1,1007860982360667	1,4088196585307051	2,0041820448444296	
1,1045392525695554	1,412598713907744	2,02837929628125	
1,0971668225609943	1,4120791541437459	2,0378700092351867	0,19791974485182479
1,0958741918466215	1,4085198578962066	2,0552936365162546	
1,100518621810144	1,408399262778694	1,9982849891568346	
1,0977392598494897	1,4042026762123672	2,0056308599017414	
1,088457813545544	1,407414040924482	2,027174090271256	
1,0953985629132905	1,405423868646951	2,0152205022347887	
1,095511854736157	1,4017655129271231	2,0045469881154108	
1,098465825626839	1,4020608917225525	2,003983089628452	
1,0949648958398897	1,4013940497060307	1,9886041694807333	
1,0980215809025078	1,402176607510833	1,9966150331785488	
1,0965282089845534	1,403221301463883	1,9913346662187157	
1,1077059455087157	1,4041056135250363	2,02057759399701	
1,1011946197689941	1,4025643093848421	1,9989530567677989	
1,0938897327352513	1,4017448540716884	2,0024171313716215	
1,0968590133605332	1,405058042100335	2,0125771517017483	
1,097317372293538	1,4050532985154165	1,986994751510422	
1,0922551799773061	1,406977698580515	2,021355906776351	
1,0881095035264248	1,4033366126884994	1,9942388003296563	
1,0860626486991973	1,4006998283528127	1,9899288149529837	
1,091467202097337	1,4048658666019065	2,010551917320381	
1,0943600616924214	1,404759913325542	2,019615521952274	
1,0893120135109828	1,406747566904466	2,012153940247506	
1,089933875278727	1,4085793755099894	2,033369284499802	
1,0863496532399188	1,4039281047241676	2,0244356888067028	
1,106611998525512	1,4036924290012431	2,045813761915716	
1,1023751732093896	1,4068684017427768	2,0290441205917564	0,19661545177094986
1,1013216564535169	1,4090671072577567	1,994121291443267	
1,1038735043768126	1,40640761211232	2,02205083689111	
1,107306930886115	1,4062651254177252	1,9823375854479321	
1,1028867660351382	1,4028942116211902	1,995925986114064	
1,104093640781474	1,4068508944234137	2,0172529409061353	
1,1018637041620074	1,4087234595010776	2,009609765150215	
1,0975351479739215	1,4079132907874012	2,0181016435975336	
1,0948493698033044	1,4084826922907125	2,0227219974579613	
1,0942225065917506	1,410328367358448	2,0410350196212943	
1,094854341508947	1,4132485079646693	2,012462482002484	
1,0865108130136858	1,4042270384646929	2,017390520801761	
1,0923682199821254	1,4020675273597334	2,0102793713193345	
1,088279573769504	1,4010327504880018	1,987225984969951	
1,0864551069508201	1,4030674146122235	2,0015891130574404	
1,0869480381798544	1,402885328863156	1,9961230974675486	
1,0859602244242634	1,402238282205314	1,9778277229971957	
1,0988640813613493	1,4085033276881094	2,0227171490823705	
1,0850275126399311	1,4054343161029805	1,9890213342118934	
1,0913992853463295	1,4027653664061261	1,9798932632145934	
1,0798087680247677	1,4042808754098672	2,0161446296046766	
1,0943001129715748	1,3997265213442458	1,9894886226501607	
1,092481266061781	1,3966621011448626	1,961140309999507	
1,0886192425107684	1,3930165110973365	1,9770853757007743	
1,0973482792843658	1,3966709505429558	1,9731389620882365	
1,0937660192281244	1,3973658737439743	1,9968688586546584	0,19351045548504778
1,0912120382706094	1,3997088159184827	2,013274764609025	
1,0911012943285947	1,4004573248755656	1,9892468557170628	
1,0929974078298337	1,4051901905378292	2,039804040564472	
1,097883755384271	1,4059341877569347	2,029901581785582	
1,0964488945973534	1,4061895405897418	1,9996612915121474	
1,090831559510238	1,4094063561986616	2,0163008690100996	
1,0885763037124752	1,4061606608901074	2,0095952178543297	
1,086675586802575	1,4059106568239677	2,0108408688735664	
1,093672465160664	1,4082989374346357	2,039987232500405	
1,0957354294178965	1,4066442911472339	2,0145855638614423	
1,091638127437666	1,404818906480166	1,9660194823702122	
1,0923857019382992	1,40660574838548	2,0113024693169113	
1,0910589611061114	1,403387915165828	2,014703658720734	
1,0910080234191222	1,4070022736421324	2,015526424325264	
1,0921953930494324	1,4031615702900213	2,0048228899513587	
1,0982975976323692	1,4022046321904327	2,0245836328993123	
1,0887039875792779	1,407338106674603	2,0121635714706176	
1,0998929533522617	1,4051568152414422	1,9954365768380784	
1,0985683228325347	1,4034580704733939	2,0208550444727003	
1,093911361680416	1,4044915155319955	2,000564527767486	
1,0919706196967058	1,4028991656598069	1,9933965609840976	
1,0919947681048243	1,4033930599173845	1,992090044458616	
1,0977764777024739	1,4024908698789285	1,9872490682304575	
1,0972152175492358	1,4027527015492447	2,0066352944013435	
1,0993207233883648	1,4007710217546776	1,9903127118650266	0,19338162011864984
1,0958200692888365	1,4011618851300798	1,994064393827121	
1,098783674727706	1,401049309317379	2,0136495774499696	
1,094430749191246	1,3987494239786906	1,973471198637937	
1,0938235890050843	1,3957169363940651	2,0072425636742834	
1,0902484462394848	1,3955346925886216	2,032374616414316	
1,09012866616408	1,395846681157298	1,9785877071074405	
1,091038830706247	1,3959438579181311	1,966797981395589	
1,0973373075288515	1,3882410947595898	1,9708783761464894	
1,0939630480377314	1,3913698136833836	1,9844067527772966	
1,0921275611343484	1,3932548107176714	1,9840490890738456	
1,0945994982586726	1,3948413874043393	2,0160249361053006	
1,0896979870136183	1,395532065961593	1,9695908745197155	
1,0964715607146172	1,396255232609153	1,974499841738817	
1,0927168077594438	1,3971633182126357	1,9697928147941062	
1,086231469405364	1,3966496352229316	2,0287855795792265	
1,0956134803925826	1,3989309191063697	2,021948403957259	
1,0985466309653489	1,3976473762781407	1,9994844475580065	
1,0951631187499047	1,4024821717248808	2,0202660875096017	
1,0982343712867095	1,4048677526469677	2,0093651730696522	
1,097497730075335	1,4060156717027996	2,0161740384073426	
1,0915564140106842	1,4089018733560672	2,047817029040301	
1,0932447456864447	1,4082821891096733	1,9926648496044104	
1,0943859477845832	1,403408508806994	1,9993714049475204	
1,0909563498563755	1,398702544591151	2,004388787082584	
1,093865786094392	1,3952268095385694	1,9796146553701541	0,19190727408249691
1,0910732647046155	1,3927736530807626	2,002429378896972	
1,0933974880028063	1,3981411967976896	2,006076724126166	
1,0940750569585997	1,3990439663857714	2,0307239809597757	
1,090168475632459	1,4000471868072963	2,000559422251937	
1,086408126036849	1,404259430855779	2,0166459225085007	
1,090309213895539	1,4040362805017008	2,0393312578864418	
1,0994088383567324	1,4086035143331528	2,0301386609515872	
1,0980745034448927	1,4097051178092281	2,03017244665198	
1,0960496499121586	1,4086509099345543	2,0540003557892317	
1,093234036934042	1,4102902641267365	2,0254384878682647	
1,0927215390650853	1,409230544001887	2,0256041183830167	
1,086014599047036	1,404313921218189	1,9825783059844353	
1,0882427309465992	1,4035702666525034	2,00351596000486	
1,096358192708027	1,4022044618578193	2,0157391876191277	
1,0844111580309008	1,4032107249339205	1,9971319844534734	
1,0897033666759561	1,405368856703796	1,998203079824214	
1,0889189225213531	1,4089370967258452	2,028953882924197	
1,0994532300326971	1,4093448545390792	2,021312233161987	
1,0965650331168086	1,4022920001334775	1,9863651478250248	
1,0923851878193696	1,3995817904240753	2,013462101623837	
1,0927675334812819	1,395470639840957	1,9928215966315446	
1,0921014212160522	1,390154085156078	1,9737297366840176	
1,089014957308173	1,3931872673702494	1,983310838748616	
1,0940220606730016	1,3987122932967666	2,032366553232552	
1,1026527483515494	1,4022327050310912	2,0510771554389713	0,19742720271990874
1,0956714135256058	1,4021960274139165	2,016757092747323	
1,089937540948237	1,3981980270020091	1,9946785473419895	
1,086327279148694	1,3993115164169703	2,045937371807439	
1,1000863627362225	1,396610486827464	1,9983257514525024	
1,0942607421773136	1,394278541647564	1,9985430273828146	
1,0889427317710443	1,3964116865719916	2,0091468715622938	
1,0947837751666185	1,3958443670608163	1,9882252111928629	
1,08613067551865	1,3944620443899765	2,0253435081035054	
1,0810947111627878	1,3988903156748425	2,0203555687924357	
1,0906344438532634	1,4004925450855208	1,9976725588645223	
1,0969517095490315	1,3978270589141772	2,0028865390320796	
1,0990853900206605	1,3981708418690268	1,9879229516255608	
1,1000996248522126	1,3960365645650576	2,0069621161316054	
1,1030040683284075	1,4041627644102235	2,0532128975701407	
1,1002270914034715	1,4047586067465578	1,989253855902811	
1,1069716985988616	1,4068857023539618	2,0123885283886973	
1,0914229953963694	1,4063440083926826	2,031771880816714	
1,0965349739301873	1,3998924775462243	1,9659688878291959	
1,09907329202219	1,404440994903307	2,0637897874187647	
1,1004269513910332	1,4035079159476067	1,9941962356435992	
1,0818109120433534	1,396257646889487	1,9949853975346437	
1,0922668301226068	1,3963561725672815	2,01485288675503	
1,0930628723167408	1,4032937336291393	2,004969622901448	
1,0972797773649554	1,4031731374706622	1,9917789503952539	
1,1049422573544332	1,4072090344982562	1,9857299335745375	0,19538948806845513
1,098297578510196	1,4026024067769263	2,028593437445683	
1,0966244171315602	1,4060348889329881	2,0202786248247286	
1,0942774716056918	1,4077851175336002	2,0394616532258825	
1,0940338451254852	1,4084867230151452	2,021678326483564	
1,0985965094850156	1,4045278781679336	1,9980129962214557	
1,0908873756468833	1,4018586932013475	2,0313955221108246	
1,093451708692212	1,400641104855611	2,014705871496906	
1,100871306458414	1,4017601294479556	2,0167119710636574	
1,0942821524100932	1,400265049481362	2,022992204225464	
1,0974483245992148	1,398177859082373	1,9791570145654978	
1,095895036788948	1,3968106729007719	1,9749080441629565	
1,101395528328139	1,3949096298933024	1,9841843672186414	
1,0798566622226309	1,393965046684688	2,014303147750799	
1,0828951084587104	1,3952389364088271	1,973760061677651	
1,0921726612756328	1,3910824160945015	1,9986867793920018	
1,0960168765134404	1,3927975924172415	1,9943398328676136	
1,095155111309369	1,3945061163964914	1,9951458513894789	
1,0946441605169066	1,3981336534490836	1,9967272043008963	
1,0913825113057682	1,3969714688177857	1,9805210381762988	
1,092913546438222	1,3942424154623914	1,953164110693224	
1,092568974523823	1,393843300568879	2,0148597974657543	
1,079840619573784	1,3951834873386662	2,0188462008471095	
1,0812864139186933	1,3948155510179905	2,0023168791554866	
1,0938119994368731	1,3972770192756905	2,0270385348513824	
1,0935211229504207	1,3973570923627576	1,981131854812722	0,1934125371674367
1,100503071917471	1,3926003871232466	1,9630352771278832	
1,091864006320946	1,390066844237098	1,9635679780119286	
1,0862879959518523	1,393046981957462	1,9872630005128464	
1,096307770029419	1,3923691358783743	2,0173963611747503	
1,0970330907770354	1,3933885731217297	1,9978618812567897	
1,0899555323815167	1,3988426945513117	1,9953299608292796	
1,0973221900735883	1,401682959937318	2,020655677178532	
1,0954792438870513	1,397209168702683	1,9800990910146345	
1,096058432996718	1,4004420388771432	2,0114024559482315	
1,1016877864560743	1,3994226595462447	1,9860035830417755	
1,0977818216447728	1,4027636077384937	2,007736017873377	
1,0917436574578026	1,4034297783180087	1,9904011560228074	
1,097910543130522	1,3997544312922618	1,9892005714551884	
1,0971038574651115	1,3994002963820014	1,9883785579969955	
1,08991974535164	1,4002060359118935	1,9989638067131876	
1,095266559511586	1,402878624993233	2,0161696112886625	
1,0977038789953704	1,4037230719635598	2,0126650283642173	
1,0919435640565247	1,4016296779995339	2,025442891852788	
1,1024568496526035	1,4010936235566398	1,9821314650829998	
1,0961034002479377	1,4030762247983617	1,9663068455155488	
1,095935413301046	1,404588012593088	2,026063886342994	
1,0957877866227494	1,4002713746910826	2,013914994457167	
1,094175133268586	1,3963457506426509	2,0035263165758797	
1,0935902286549686	1,397034150893685	1,9649405616097295	
1,0896208455161949	1,3974862971418407	1,9978494448144462	0,1955015249988951
1,0894513753045312	1,3981017733172698	2,007160828283879	
1,0801184805317157	1,400786457176734	1,9986043682440375	
1,0977045585213185	1,3982541703353766	1,9930308655013151	
1,097030846028555	1,3982650939896666	2,0012576849026944	
1,094170697072351	1,4045457703313613	2,0345850276425144	
1,0968425190573687	1,40732778751392	2,045776334377644	
1,0955364214641794	1,4045823413954814	1,9950098083211103	
1,10340579927836	1,4032713019850487	2,0096380425518223	
1,106113543406872	1,4030194096555269	2,0114203450341437	
1,0933557617483665	1,4065560642114068	1,9948794773337055	
1,1008318775954573	1,4091989367882518	2,0204564281971087	
1,0971572452385912	1,4112357885081313	2,020591095892674	
1,095418306836276	1,4035406869155276	1,9954468759640058	
1,1010911452422822	1,4045218039529703	2,01229958751982	
1,100456444943759	1,4023535177356796	1,963922008367074	
1,1019917126373835	1,407310209965638	2,016031569370782	
1,0969356671723098	1,4066855275050187	2,013684377557949	
1,0936366918321825	1,4052374457652266	2,001647311636189	
1,099899708610837	1,4069132408291563	2,0067148026831774	
1,1002074742116787	1,4099315370088132	2,0089397570000767	
1,1056896237488463	1,4146060328576484	2,0349481453701874	
1,0934764555821856	1,4132380363414299	2,0089897071083733	
1,090212094940794	1,412815497406723	2,0171954115957935	
1,0957390940394987	1,4115081063259232	2,022555509909471	
1,1048760133039668	1,4096940563629368	2,034941771153383	0,19799675463660096
1,0960625430475368	1,408984829566937	2,0402066801969783	
1,1028175140468537	1,4088352653606355	2,018064073971968	
1,1026898171261574	1,408961063867815	2,0125118302630667	
1,099205955700023	1,4108128194989373	2,032388760948405	
1,0971537005005805	1,408788453435075	2,015810056641695	
1,0934841755214348	1,4037591403494654	2,0313714406373267	
1,0949792265231835	1,405216856201457	1,9974523442921326	
1,0933191646831157	1,4033979211487764	2,0218020506313987	
1,0936802094937095	1,4023110899473181	1,9909556877906556	
1,0960947483818229	1,4016178185110522	1,9839198262438078	
1,0903480436353477	1,3981157533533906	1,9986712098773187	
1,0891870111256068	1,3959364325942352	2,0119166293642037	
1,076524982626725	1,3971291324178694	2,0484950214338142	
1,0841948762125406	1,3941287529944029	2,0216042037943684	
1,0904364406738933	1,4019206759895573	1,9923004254415921	
1,093940017086654	1,401424043503322	2,02821321661271	
1,0835792943975613	1,4030715030838017	2,003586186190994	
1,0873010904259441	1,4007071363439116	2,003912856101805	
1,0790521497233077	1,3979713196827186	1,9721395834064466	
1,0924138649329727	1,3914405777031809	1,9863482280565679	
1,0875760489099096	1,391563243821223	1,9902696870734204	
1,0979928285784402	1,3933381411289352	1,9793246027355775	
1,100578200647056	1,3973235896515175	1,9780948967142147	
1,0990096332426933	1,3991663361634652	1,9769509470120972	
1,091715879799648	1,4001564795417836	1,9886494745399963	0,19155408362688345
1,0962130702108983	1,3984552248790447	1,9795111532411718	
1,096851149734275	1,4001987706134131	2,0044706267361505	
1,088571099497951	1,3975710662062164	1,9836677382814671	
1,093230888464956	1,3955923107620083	1,9735827260334855	
1,0926720472081906	1,4005605625767255	2,01251779354703	
1,0910052911883499	1,4024509781336476	1,9970942996533017	
1,0993067138912185	1,4004766608237267	2,004816326238985	
1,0987039809376102	1,4012086024605255	1,9816371191126314	
1,1015766342168731	1,3990398127136126	1,9836827392417258	
1,1012067698887846	1,3999898202735295	2,0192388825149625	
1,0992408622643437	1,3975284088028215	1,991528143589611	
1,0922971490652942	1,4035413237997951	2,0170110236616305	
1,096491981139516	1,4010093359665534	2,020997523473254	
1,0939446797738703	1,4058288493327995	2,0322069676912977	
1,0972029841531923	1,4099357130567123	2,0502556288203597	
1,0924789329955322	1,4092580454095442	2,019286850585058	
1,0807249926616511	1,4024264769711852	2,006568293867789	
1,0891599593016643	1,4080347979027752	2,031721126402792	
1,0992875748638355	1,4053179531357067	2,0377334793547415	
1,0918513517146595	1,4026796394191052	1,9849046892746787	
1,1045501626991991	1,403049159088929	2,0183460163524067	
1,0891215070603895	1,4020670635334538	2,0209144404925596	
1,0938991526942472	1,4031417263925485	1,9927465693074617	
1,091393650579829	1,4025971326049762	1,9984682932956614	
1,0960634720271867	1,4057832700899473	2,022969646663467	0,19583012804117345
1,0967159588377726	1,4045604508221934	2,0130812479609803	
1,0896325842160772	1,404063992172987	1,996647648612053	
1,0963257080877518	1,4067538988510353	2,0179176980883446	
1,1065015193317935	1,4075760339417247	1,9941059685840872	
1,0997101038784696	1,407678122059025	1,9816965971058251	
1,1043095871906319	1,4094462842692257	2,0023949259052616	
1,0928014952470089	1,4072069925068567	2,0239451864086524	
1,1058310596273926	1,4121894872038943	2,000976295783343	
1,1008221171346828	1,4111106630098067	2,0112072001003396	
1,0985921551787685	1,4079723648139426	2,0230988554330778	
1,1052668300939663	1,4097979893068535	2,0068537516066516	
1,1079233079086062	1,410194008553008	2,003242639954573	
1,0939883534097976	1,4112962303161913	2,009873515335423	
1,1101501054652205	1,4111350767603879	1,985807228048862	
1,1004778083496276	1,4094622614672792	2,0133914782025077	
1,1037771189146455	1,4130459024719648	2,0291532174287106	
1,1043902535772754	1,4117037049957757	1,993846078694779	
1,098047413692772	1,410048275446716	2,061616325399693	
1,0991680385057243	1,409256292158361	2,009423414718074	
1,1039694140418945	1,4085849319406225	2,0092389247489355	
1,1002064542749985	1,4099449843558043	2,028642345473059	
1,1048846811631339	1,40790358545959	2,013032744394029	
1,0995937301325445	1,4111439507582484	2,017849047291312	
1,1010132410780498	1,4116494942165565	2,0393304741992733	
1,0995564901589354	1,4099822550323458	2,02636379120766	0,19975667198945365
1,0967216036738607	1,4074624974167822	2,022638767254287	
1,0998129504972889	1,4053920532330855	2,0465794982754564	
1,098783980657056	1,4074294704250976	2,009357401511717	
1,089775605250984	1,4030582563773146	2,001578409874044	
1,0935837864243996	1,4006219349210125	2,0318247802852634	
1,0998650300613777	1,4014616947159397	2,0261855105668887	
1,0982008189455932	1,3990675162350974	1,980509019199867	
1,0911807714478776	1,3996817391426368	2,045660984089015	
1,1004589357054957	1,4048719824328069	1,9812725436596301	
1,0985156623889671	1,4030066242738943	2,0220100725287424	
1,1028468899781878	1,4070185043856336	2,00981727237116	
1,0977694883757552	1,4012105390334104	1,9961015858123414	
1,1003169395082022	1,4026159045078015	2,0061932248217387	
1,1011633817993962	1,4060952637998014	2,0384567668539146	
1,0950236502292168	1,409522285521436	2,006778723963742	
1,0914912392142224	1,408973880252322	1,9912872280519684	
1,0945320026184078	1,4066216282843809	2,002439643085543	
1,0981557031461673	1,404768473931023	2,004893676374722	
1,0847779852898294	1,4062845812716847	2,0265901590010333	
1,0734233121835501	1,406111119705834	1,9982378869381279	
1,096335665921322	1,4081666141515883	2,0091429413275934	
1,100924948223132	1,4059133725211208	2,032797940202714	
1,0887162051619332	1,4035967693744376	1,9881433180266148	
1,0936776771745056	1,3981837049449388	1,9939032125699883	
1,09092392467982	1,3982006451528346	1,9912689520628875	0,19367266209075873
1,087583999014878	1,3960974870269012	2,0223950834452835	
1,0939704577788651	1,3976315635568721	2,0301931132770394	
1,090130046470882	1,3935267947851366	1,9996418685342323	
1,0878228824943381	1,3931387669292468	1,9546578667555352	
1,0934261067000153	1,3921959586204773	1,9848423530258201	
1,0929162320520236	1,3924837553975826	2,0051799137470905	
1,095541413452054	1,3929583690734344	1,9902123540128958	
1,0865067942907018	1,3999890186139674	2,012053333603754	
1,0968406411541125	1,4015997809294478	2,0089020506286803	
1,0942962164157095	1,4036485301795798	1,99165696155341	
1,0926516230122962	1,4025536679746153	1,9933473413935052	
1,0967416062614708	1,3981101993622789	2,021467398401542	
1,095146572590549	1,3982822233956163	2,0230543469932836	
1,0793598808804468	1,3957857136289897	1,9633579559492975	
1,0824642263917195	1,396217372371143	1,976094523820864	
1,087203668527614	1,3971073735910295	2,017749057780309	
1,1001262680009984	1,399824674230818	2,000439715880443	
1,0975595533100342	1,4015360464886593	2,018582144713892	
1,0781579655904026	1,4013693860080203	1,9868293831336787	
1,087340876711166	1,4006769480985295	2,0385480146243835	
1,0878034668310006	1,403960485667136	2,0156705128337524	
1,0828372920416995	1,4002988767751363	2,0017462202010514	
1,093488036990516	1,39994755232517	1,9975335953384519	
1,093202058793504	1,396688677223005	2,0039165561670216	
1,0957087926511226	1,4029817822071917	2,0167043074580606	0,1985387451208602
1,105045406962853	1,4017014202912026	1,9929056746664937	
1,1002090853684423	1,4006788018414664	2,003170699076752	
1,09801312995727	1,3995810961442112	1,9982497056681334	
1,0931945524135092	1,3992403733374164	1,976699310488257	
1,10066675752639	1,400669408001153	1,998883151216667	
1,0958628554726475	1,4010720914972756	1,9984716927615391	
1,0889383267173667	1,4034929178629048	1,9813546052980238	
1,0954433871688114	1,401946837604949	2,0567098162491444	
1,076002900896854	1,4015183158402809	2,0151400656196254	
1,0839925789263996	1,3973341996286888	2,003948182558883	
1,087099655264619	1,4004324720733958	2,019713969582863	
1,09569480723403	1,3955362997938037	1,9914727854419385	
1,0990588188875199	1,397867629441407	1,9615452169582954	
1,0938950121982645	1,40036778347939	2,0194658701773	
1,0922916463861079	1,3985940593867767	1,9927733729940362	
1,1016043765147572	1,3970863852131656	1,9781193347919075	
1,0967112745696808	1,4000935415600242	2,0176685691448633	
1,0999708855228927	1,403437787535184	2,011125202202768	
1,1074309935507416	1,4013450914305452	2,011740623516953	
1,1013250500004141	1,4009285253881771	2,0254480015157514	
1,0943881431755305	1,404437457837572	2,006903042638836	
1,106390860981116	1,4062254709036148	2,0155496978322516	
1,0995218555084059	1,407619391937619	2,007237836824882	
1,091638671590988	1,405091310124799	1,992502223009224	
1,0907563462416416	1,4015687922795506	1,9992570660240623	0,19565014964707342
1,0968172919984267	1,403437615449326	1,9975760817155401	
1,0990038670455102	1,4011880599755455	1,973885868018422	
1,1047283466125102	1,3970851142617209	1,9882074818636588	
1,0953998725132243	1,3979361662528955	1,9731609046764367	
1,098190828245029	1,3990365397174338	1,996228878099414	
1,0989861079119936	1,398848274830899	1,9850370109352395	
1,1090434739380937	1,4060361890551603	2,017845827396483	
1,0960980436138066	1,4087622294540099	2,0049289485368034	
1,091393967882668	1,4063018890256318	2,0092095462368613	
1,1037181581344624	1,4128511370638464	2,022494214861962	
1,097386421345932	1,4094152368933408	2,007832708298308	
1,0970031198710335	1,4079026502813352	1,9981146773153415	
1,103958335876345	1,4052018766224166	1,9944721777319778	
1,0941577701130163	1,399728414332514	1,9913797798216017	
1,0890305733537884	1,404027545161693	1,9903249512695893	
1,0801201047377984	1,4021835354088465	1,9879395144236904	
1,0898984609754132	1,400446936931269	2,008782474515346	
1,0875859207255234	1,3943502581890654	2,00726295388302	
1,0945367429893282	1,3987211425333683	2,006689401723488	
1,0934733728036563	1,39592152435916	2,0038837482324796	
1,088561903721825	1,3990122022620255	1,9829162728995857	
1,0823337026278852	1,4012755822014435	1,9774673674221068	
1,0936145641604262	1,4019304541295037	1,9950511081915439	
1,0949351631752562	1,3996056408527655	2,01353442469425	
1,1017742146287217	1,3940858281190796	1,9713691585731161	0,18786989980004243
1,097084368318108	1,3945872240084993	2,0149118381482354	
1,0937938236243157	1,4038752467808293	1,9978107488956096	
1,0945543698210876	1,4038022418900424	1,997224819600445	
1,0959717443301267	1,4056175831014739	2,01340902858549	
1,0909123023547467	1,4055496341281666	2,0063642009025178	
1,0863012248849393	1,400393796167366	1,9709938126865962	
1,103149225301326	1,399955402819605	2,0082777179437015	
1,0887628848394753	1,398549242756771	2,0165046109080644	
1,1022711398345024	1,4041297757529045	2,007568143329296	
1,0957303419926379	1,4089555465981232	2,0239118900387787	
1,0981904370703217	1,4125230912833435	2,010635256215576	
1,0970620985607027	1,412209086159839	2,0446483952750345	
1,0952462254512438	1,4081611358043005	2,004902061525149	
1,0872164812808973	1,4073071494613987	2,0409310261722142	
1,089768901885615	1,4077745362818168	2,023251683188261	
1,0886379844057261	1,406424269399745	2,0445032081292265	
1,098099328630923	1,4064816893917027	2,0476657805401497	
1,100889613500672	1,4062109799864027	2,01755263437485	
1,0982940182229886	1,406137383438972	2,0291704810515068	
1,1025056855152384	1,4081438619026685	2,0130857357313503	
1,090095081978813	1,4051381294547207	2,002003154955456	
1,0911617021902928	1,3982116383817382	2,022353601649385	
1,0871641467056006	1,3997638135209596	2,010839489985157	
1,084480367920238	1,39524671306051	1,9858698489223539	
1,0918018506790488	1,3934109707517728	1,9805831533760048	0,19074521880047013
1,092707730202259	1,390080139189151	1,9767193629695212	
1,0970744130369297	1,3959935159588153	2,017226713800738	
1,0929688376141131	1,39766426405828	1,9718474801351327	
1,0922460436524104	1,3971039348953858	2,025900083812547	
1,0860141926276485	1,4041635414774771	2,014712292254564	
1,089588189562941	1,4001649897635469	2,0122891458824412	
1,0927049834780462	1,4025385810630502	1,9904828060290447	
1,085392963095233	1,4007808793920833	2,0365606448673317	
1,0979009992278712	1,405989792320164	2,0433727333643312	
1,1041895009105445	1,407598519915597	2,01020184828981	
1,1002473105977502	1,4090077435153205	2,0382202111820367	
1,09317203450114	1,409253659910655	2,0277875607793328	
1,0995734291430985	1,4052969294227537	1,9753232717181222	
1,0959667354727642	1,4031492608726652	1,9992803722552008	
1,0987868068748463	1,4045755318187716	2,003242133357886	
1,0981997916045947	1,4036408130315399	2,0274083929801074	
1,10006548526522	1,403914963655056	2,021818422549884	
1,0991622174388818	1,4096856538751084	2,0167327318849417	
1,1034423823629285	1,405075847808458	1,9946655373677291	
1,1058629803986333	1,4037826932700284	2,0191388586717562	
1,1061497117840895	1,4057465000985914	1,9829806620612416	
1,0938950562437417	1,408003524549193	2,0133681004738877	
1,1021740261947883	1,4067977023019878	2,0460182061308854	
1,088739042623283	1,4042870733342199	2,0042803280802217	
1,0921657514204306	1,4015768687420598	1,98782662364102	0,19279605600353
1,0922353290767457	1,4012738576270813	2,036689680679485	
1,0933889195415802	1,403344770626598	1,9644417046831901	
1,0942504000144802	1,4018901405400432	2,0145432435367416	
1,0933052243076076	1,4029852951881256	2,02141353960719	
1,10051953387758	1,4006921218695836	1,9871073637214511	
1,0936048457800107	1,4014675047732212	1,997841204896534	
1,0858748892905015	1,4003311465406167	1,9682535338831133	
1,087293107737231	1,397061991213561	2,0184180379522645	
1,0880909771633145	1,400705743313057	2,020376330647626	
1,088867211186252	1,4011424503234766	2,002730433896966	
1,0906256638329355	1,3997063333700845	2,0402788044419107	
1,091536574465309	1,4051631959601871	2,046290570463574	
1,09229287974562	1,4042869811754752	2,0178221268504015	
1,0919034470135829	1,4048020699685548	2,0007927465519786	
1,0904990389840141	1,4034659332859583	1,993194100900101	
1,0965866356185994	1,403725929125864	2,0124486223555222	
1,099485002969611	1,4062764762547346	2,0283919033008164	
1,1013849075920792	1,406330716576488	2,029366784867412	
1,1060339251214484	1,4084846138058518	2,010504808264557	
1,109092486778666	1,4084564053168984	2,0075845244618766	
1,0941610916244715	1,4056917375887334	2,0055195307137175	
1,1003060810245975	1,40987576148052	1,9884181880979088	
1,0913214735087415	1,4123311309748896	2,005506800493237	
1,1047219703925293	1,4129617149740992	2,02767893544908	
1,0947824821512924	1,4090507694054315	2,012203499277608	0,19648466823044025
1,0963293370277947	1,403121917465976	1,9850403139333899	
1,0914092137321314	1,3981909174763874	1,989724403935503	
1,1050865370072862	1,3978359093701516	2,02968197099691	
1,1005850446923977	1,3986192651143166	1,9935234034089817	
1,0963103335001454	1,3991821822874342	2,00224559321276	
1,098135195219959	1,4018898479427464	1,9942536903295056	
1,0986574420764397	1,4050495059092163	2,00228576219899	
1,0975624981543302	1,3987884266297619	1,9742871991128899	
1,094083313776066	1,3912787088586813	1,9593712674390318	
1,09984614992222	1,393921496279856	1,9899130859192897	
1,1029881838176796	1,396158999074942	1,9754933915213235	
1,0983830899090676	1,3973716777870016	1,9819449941792768	
1,0921862563111413	1,3988397716059515	1,9884129455884423	
1,103349562963421	1,4018354203624106	1,9887896373436647	
1,0946081122937263	1,3996420347018834	1,9784316161528301	
1,100980934639134	1,3989235032048406	2,013978245295981	
1,0962899447983359	1,403772859952726	2,022657995817003	
1,0877376653731163	1,4004405813210266	1,98197589097636	
1,09025630350196	1,4028238619920312	1,9868102820449856	
1,0951987862524637	1,4031951976034867	2,010475371983152	
1,1028413137572297	1,4026544699778072	2,006882099990114	
1,0972010784201347	1,4067189103500877	2,031457943974832	
1,0918379944032894	1,4018441882393617	1,973745105721826	
1,09293934149389	1,399639501675111	1,9889914491167797	
1,0918982683218699	1,3984338181153584	2,019943049974155	0,19559085011592273
1,0936751786059933	1,4009241539946091	2,014638226661879	
1,0893352018247053	1,3961760041956361	2,0030402923603883	
1,0912568328434127	1,3940702607829154	1,9917484279163562	
1,1006565851220118	1,4004037871006156	1,986872894962528	
1,0900745888586538	1,4003234989868079	2,022219865958001	
1,1006013935442456	1,4072607209729242	2,0174574529645337	
1,0983580187606525	1,4076066567370373	2,0613218963204316	
1,1041244597025348	1,4115712822520388	2,031996319673928	
1,0971120950748765	1,401648417018298	1,9960032461803658	
1,0890096980128325	1,3979858627950852	1,9823446760171164	
1,079182144228469	1,4015857318927047	2,014872928287251	
1,087405761315642	1,402948141892306	2,0118593050614555	
1,101882892690249	1,4050446521989617	2,0166191878040745	
1,0975559283445682	1,4054987644147636	2,0377128947555083	
1,094812675782996	1,4019926411202621	2,028132104054053	
1,0932702119332023	1,3991632666504064	2,021301806280515	
1,0856873291790694	1,3977704874134604	1,9827706068134823	
1,0891425037524296	1,4007066104056833	2,013754236585634	
1,0933521362847594	1,4064997246689719	2,0212568544552	
1,0910007066370615	1,4021599027072866	1,9734043730893993	
1,0890265519729332	1,4001153036377465	2,0023417103829746	
1,0839998357468643	1,3987368767593185	1,9881854046104919	
1,0914560290325042	1,3974730578339805	1,9936472062228614	
1,0928690052771528	1,39846407929885	1,9772983544659406	
1,095675266074669	1,4037990132996794	2,012654163555476	0,1965501442999761
1,0989143793393799	1,4014716914864311	1,9745239721363066	
1,0918158616048885	1,3991829207440258	2,0029959002528	
1,0932395137353617	1,4023410168487456	1,9836398450570099	
1,0949876821964408	1,4017970929782502	2,0071126392772927	
1,0872582445639642	1,396394602432357	1,986630468282446	
1,0901796366591716	1,4004114756336385	2,003220908535225	
1,0922910596880102	1,3966331023518443	2,0115804059642515	
1,0853770199386559	1,3971066064649842	2,0285506673673086	
1,0915696746473629	1,3962757178546479	1,9896596393463464	
1,093849810698348	1,3967399460315801	2,0291092838929425	
1,094569828771085	1,4004828785031802	2,022136383526513	
1,0838696945929855	1,4054029831386925	2,020091009781212	
1,090928987208511	1,396594057468034	1,97458180092609	
1,0954100427099704	1,4004822331658968	1,9872450791029568	
1,0876365846862637	1,4003705760456346	2,0115403133470275	
1,0957923379507186	1,3957751027779528	1,9490472254670217	
1,0882324533430539	1,3930421674611824	1,975026257919944	
1,0826723772845575	1,394854848876549	1,9703240344570316	
1,0922587081211936	1,4009910477626955	2,022516994654709	
1,093177340180471	1,3990797515380973	2,008832365786997	
1,0953150353352483	1,4003749707835227	1,9933503266451589	
1,094650068901216	1,4025225692784247	2,018122511577067	
1,1051242582630052	1,3988906282954394	2,0241132600489764	
1,0923140637727888	1,396541874409621	1,9596674967183876	
1,088035005862271	1,3885441222088457	1,9919074332194395	0,19026061672337508
1,0846416862756592	1,3908219972564277	1,9946047568340717	
1,094078215003219	1,3927212626259797	1,9489926359049097	
1,0847130127199363	1,387138762932434	1,9640162665623278	
1,0791250067084934	1,388334086982199	1,9566169448744979	
1,0862742114562585	1,3898845412999272	2,005323766138211	
1,08984112463235	1,3918390728271843	1,9981749058809202	
1,0985081949029507	1,3950955167615209	1,9778121978286263	
1,0932173560832827	1,398525348562593	2,004241058850335	
1,0868553425565413	1,3941979829860276	1,993304726922501	
1,0885401635128693	1,3940118212169268	1,994126376361357	
1,0913881547797677	1,3962955013964002	2,005931065716166	
1,0895670784798646	1,397160460096088	1,984881395162946	
1,0930616059639393	1,40094552812672	2,002680016390635	
1,0999334081629168	1,4004445534878398	2,0088331245059106	
1,0993556260085533	1,4026949617834004	1,9974101063392142	
1,0906399750692573	1,4045241983538606	2,0202376126058805	
1,091840622980823	1,4006472453647776	2,005413090407191	
1,1009215122244935	1,4049224626874457	2,0040363641041417	
1,092610711746784	1,403664519567534	1,9981355817852773	
1,092117611180032	1,398685632614107	2,0162010507546806	
1,0942037831150515	1,4033458326033041	2,0050685060500713	
1,0933176318030176	1,3977840722886015	2,025666058577602	
1,091385487296849	1,3982402044252908	2,0052985903666043	
1,0826080030504628	1,3997873598066752	1,9623154732571462	
1,084466083741351	1,3959157277978083	1,9565552396709582	0,19054961418267727
1,0917952284806285	1,3954501735212133	1,9868680391435078	
1,0870137989302628	1,3989490226792554	1,9865866441350852	
1,0842687878330883	1,3993619295799016	2,0093912964836282	
1,087220281257068	1,4059111632792118	2,0266279066153543	
1,0896283256464192	1,4026085465225384	1,9779912469394514	
1,0906967807767147	1,3950600671241833	1,9891643626276443	
1,0819577071080628	1,3943513720597733	1,998432224651086	
1,0745979352999984	1,3910718348324613	1,990072488981112	
1,094841657816799	1,3887535679924712	1,9830427603165222	
1,0889838355995256	1,3921570371287273	1,965071485671128	
1,085917745597859	1,3908311057063611	1,9822776723929183	
1,0915874401828076	1,3897274030603746	1,9692988443851442	
1,0884944322587649	1,3909117895375267	1,9986369592881954	
1,0956567279707696	1,3945752288107598	1,9779059865508346	
1,0951534462381034	1,3949094810688687	1,9880146285055966	
1,0952565691699514	1,3990195036444648	2,020623045482141	
1,0949601370108524	1,4011398365743977	2,003214468196771	
1,0847271943976493	1,4007599682526028	1,967583758305862	
1,1060702592495457	1,4029579922507631	2,030114582027723	
1,1048583710588276	1,4070436740682108	2,001193234247663	
1,0984542240999402	1,405499865290123	2,0181970347216476	
1,1038129272187427	1,4062054256780758	2,0134511420375447	
1,1075239916209678	1,410370619679075	1,9945277758107176	
1,1032186724583095	1,405897129286701	1,9944938807491146	
1,098044889015714	1,4056237084033467	1,9958523324818815	0,19200883874578895
1,0935514708124687	1,4071549613853742	2,027798672732783	
1,0921916051908367	1,4065080202983662	2,0302841969437178	
1,0952138986001818	1,4029067671140287	1,997588556359916	
1,1024533237887477	1,399947304272624	1,9955115976789621	
1,100895684353046	1,398683389128278	1,9929293893979048	
1,1000227353237801	1,4062266855166925	2,02209568975924	
1,0957155418481357	1,403049117281435	2,017909734095621	
1,0913684340232463	1,4013140281007035	1,9839668655488114	
1,1041179601811517	1,402297269913059	1,9694749443355706	
1,0819256147079177	1,401851497658074	1,9979431079712926	
1,0927487016518458	1,3985887506637065	2,0048960895896872	
1,0926606826793914	1,397170236934619	2,0280877286306294	
1,087781521376453	1,3943269473049245	1,9979491397609186	
1,092959311736892	1,3967694442633785	1,9850254116997719	
1,0862334698362988	1,3980357242329038	2,0209503579764307	
1,0986384864863339	1,4029660753969921	2,0282417717102006	
1,0982788701454367	1,40612884726316	2,0041357431562354	
1,1044297635405866	1,4057522580336517	2,0244159868768175	
1,1020339790571532	1,4063002762917178	2,055955092730237	
1,103050607384196	1,41314840695996	2,0318963586131327	
1,089484678113595	1,4159947875977994	2,037397716314099	
1,0938477405837415	1,4143147439227641	2,0090398349554994	
1,0928180054111223	1,4115629962619882	2,034357546938292	
1,0762293615682366	1,4085164468349816	2,039606521118709	
1,085356384910467	1,4089220683885977	2,0267087769909393	0,20139747839588254
1,0845651727570254	1,4089607032294031	2,0259912293646103	
1,0968222661376132	1,4124481615443147	2,0326289299720024	
1,098374452393435	1,4106406446569038	2,0276507594628903	
1,0981793255154846	1,406821143502374	2,020251831564904	
1,0944316111547325	1,4024182739625366	2,000362633417373	
1,0974652958896107	1,3970865886967658	2,0146359313863123	
1,1058091811084934	1,3987409901441388	1,9927175976610476	
1,0963403828669747	1,394312713270135	1,989877249296353	
1,097721378083982	1,3965137059430845	1,997523220090262	
1,0961578515390609	1,4006689859900825	2,016100501321921	
1,099206636166971	1,4030976559209873	2,0052960632916177	
1,0970954598742644	1,403493488420607	2,0153203376523128	
1,0935876797082307	1,406132776509387	1,9951335951441278	
1,1009574932709514	1,4045957727335576	1,9988908634332117	
1,1045769514701795	1,4050369525619928	2,003615961066009	
1,103310913730126	1,4036050861299183	2,0253467866509784	
1,098977337804219	1,4032040096822072	1,9908345715100482	
1,0954487121179388	1,4031143327126077	2,012078547972866	
1,1002652177242054	1,399712669045428	2,010677761674526	
1,101673422326269	1,3995644581015458	2,00608347077893	
1,0871941928114044	1,3999488413249828	1,9894748741153416	
1,0966654700497953	1,3983234556764361	2,0321577106437094	
1,0991120263251861	1,4008344122629963	1,9970711882507235	
1,0957034436076782	1,4010775599330731	2,0115256387218925	
1,094021563903248	1,4021038444346694	2,0013112314411305	0,19534743538947236
1,0929026797458972	1,3992470105647987	1,9816282017261864	
1,0998354739725322	1,397680343262045	2,0294368482049765	
1,0972692334187075	1,4025959944655808	1,9947068309362677	
1,0915434544389486	1,3998984827060097	1,9971906533894128	
1,0923410696119549	1,4032243793620218	2,003454271492536	
1,0969011170397627	1,4008337230388725	2,011148869478969	
1,0980129505367606	1,4004568068972776	1,9924613777994928	
1,0828445337305812	1,3969119146800628	1,9838446345706606	
1,086450683762791	1,3945116664045798	1,9682059811313513	
1,0868611150817993	1,3943481111535945	1,989457615435476	
1,0901739972848703	1,3954447552821059	2,006872136046034	
1,094029069622739	1,4008366437250086	2,012954341354954	
1,089784854840323	1,398318620740361	2,0028405679294683	
1,0937917038974632	1,3958190401078423	2,0077932643257963	
1,0947335854550762	1,3966857984117835	1,977454919861718	
1,0926750557147873	1,3982234729201486	1,97429682789156	
1,0871634518852564	1,3974907215547319	1,9982879756580363	
1,0905393035103936	1,3963871346502876	1,9743129176977283	
1,0919808263038089	1,3980747254233503	1,9793143266052513	
1,0956593968959012	1,3983830926951777	1,9889695830547711	
1,0935861597757475	1,4011977546721281	1,994772882379674	
1,091292362009094	1,4048742390425775	2,004487926724174	
1,090481240536448	1,4121841388286969	2,045342839964141	
1,093852765675222	1,4089015377157708	2,0174886318026974	
1,1005119928382208	1,4040968463334011	2,0149646221749338	0,20012188268146008
1,0920577897008905	1,4019211542987342	2,0231240630915117	
1,0912985259302996	1,4005121562217215	1,9957727339003062	
1,0882190214781002	1,3999435919489278	1,99830196778031	
1,0795968917699492	1,3951099385094605	2,0114815587868495	
1,089171947141471	1,4003878358185864	1,9911499730864954	
1,0907621865491348	1,3955139170498796	1,983933664756848	
1,0909762196611217	1,394657372027456	2,0195335161507106	
1,0976266273091158	1,3980616439978621	1,9976984639904358	
1,0898002979604773	1,3954999690519643	1,985558447370047	
1,0900108929334216	1,3949030861662135	1,9751225822339118	
1,0927014767870298	1,3880814553884497	2,001199322686411	
1,0841635155603297	1,3905140529263817	1,993978892090429	
1,0848430900307857	1,3858287031162024	1,9700007745281085	
1,088907799144405	1,387849961687118	1,9838439514383348	
1,0876893118164388	1,3845760081811003	1,9809642201872202	
1,0889284998310385	1,3873359413366524	1,992271868942674	
1,0897997741009189	1,3930649658817453	1,9775552910831182	
1,0912366437472873	1,3933077791337722	2,008797681871526	
1,0996875537987836	1,394785326006828	2,001801851711534	
1,0811562459325066	1,392491032561567	2,0153709522869923	
1,0804716424447984	1,3886895848294631	1,9838999666068846	
1,0930558175451963	1,3930056342081971	2,0057673536086056	
1,0951478079853025	1,3964019524798883	1,9906168466225385	
1,0960478242686562	1,3946872317010972	2,018824451329961	
1,091467432429082	1,400028392460066	2,024753471088053	0,19623594414083828
1,091892666595378	1,4023165700525508	2,0076418849740367	
1,0862060605181443	1,3961468129710468	1,9740512640983265	
1,0941031990084655	1,3958053736585345	1,9867978268273794	
1,0937538776449371	1,3964112592843647	1,9965005355151249	
1,0953807888403928	1,392916465828076	1,9589721024913613	
1,1004714702378668	1,3919392217478355	1,984989566851619	
1,095177046074432	1,3970989575597548	1,991404139866889	
1,094800033220173	1,4015256879820057	2,0392112705427685	
1,092469479152488	1,401117449051183	2,022923614524793	
1,086150171986803	1,4007185171141765	2,017583082936333	
1,0922957083478446	1,4078467042906504	2,0207417513623147	
1,0945973450619138	1,407725676095875	2,0309884835309835	
1,0969752774371644	1,4092859242218418	2,0216241740871483	
1,099648254211459	1,4102694294725262	2,042706804953225	
1,099837388925987	1,4106967841573677	2,044290547708084	
1,1085200385410905	1,408548861331066	2,0019085336033995	
1,097314464534061	1,4069462932470145	2,0049679269754517	
1,1040996004926753	1,4074537448748037	2,0298533194727444	
1,0980223169843333	1,4078302456998015	2,0003764849254786	
1,0990489330789925	1,4020269842475401	1,9962072009054066	
1,090231622134065	1,3987590309095086	1,9813833593097987	
1,0935385054623001	1,3981260536688094	2,0089134724105318	
1,0948872309632909	1,4004415318416676	2,0025009952892394	
1,0876210768451096	1,4046191835495645	2,039210573619776	
