127,79856868564072	302,7160660510397	496,9845708789425	82,5841864423376
127,60553244308015	302,4378206204126	496,7226589489502	
127,33402856106238	302,04379389325595	496,28248649692324	
127,10804197253438	301,66132736350687	495,8532292805233	
126,81166093109961	301,11526635950213	495,3097770025034	
126,38330413825965	300,57085368031227	494,7267093220676	
125,81753656525642	299,82848966160725	493,9738449934964	
125,3013922419626	299,0806486172142	493,045726105642	
124,86656129625875	298,06381439879283	491,9599136223058	
124,22742220892573	297,0508915003609	491,05000161650685	
123,04516013079359	295,5974902602466	489,274385153978	
121,9258186478785	294,1577670054861	487,42533911091283	
120,69280149533641	292,2164592590478	484,76577100575867	
119,44526293951267	290,2808193314159	482,4501365725029	
117,59972355527167	287,5626031284437	479,6195039151895	
115,9153309818189	284,91776763541935	476,09003699071235	
113,26904077989111	281,15492815304356	472,40978574768576	
110,9479750373735	277,60768739952914	468,83342423375535	
106,88982683973468	273,0596427408491	463,4991036139046	
103,51533878610365	268,54545869744896	459,2017859749328	
99,7496374521964	262,7386461001885	455,45519256824855	
96,941947550817	257,09674018249024	450,4201888945422	
92,0508278588354	249,93102987546254	445,2075170295575	
87,56266410441073	243,06191907438009	434,64887478254144	
80,51760014561445	234,77478724206657	426,08078112616835	
74,3223562889402	226,86498155276075	419,2033720340165	77,60167238337876
69,13374273268484	218,5927506323165	415,5285078230987	
64,39470235686903	210,62212154050295	409,01709817078057	
60,88532302874992	203,40826243107767	406,0416105929209	
56,53830447960543	197,00657970205378	402,73008574236513	
53,50628009499488	190,87109871619393	399,38016733238646	
51,407932893055516	184,594199077102	394,5025160722542	
48,24872908392424	178,31962090920553	386,78990337827446	
46,00022696677217	172,37751183999393	384,0866679916116	
43,9554699154019	167,0788995290801	381,5496129892043	
42,443269047685064	162,10952036439022	375,48992098453806	
41,322238082434595	156,47032823485063	367,05017565123853	
39,887820863297016	151,67141794447477	364,6403445967701	
38,15805660167471	146,4919865290476	355,73523715424614	
36,74519035234659	141,4083957280973	350,5547478388987	
34,984411918045836	136,7957619135345	344,20877091993657	
33,889018782190234	132,57674088651777	338,732937572059	
32,02569939383148	127,95783196440082	333,49330747146473	
30,54113354900088	123,91295489351232	327,53089414697683	
28,844666522743633	119,71800724742673	321,05701720499303	
27,568865638177982	116,05951599660156	315,2589304045703	
26,90343672141679	111,97632187315067	308,459987538526	
25,887912632964117	108,22267743837737	300,766716922562	
25,16218935964244	104,74771337279044	293,58657794582405	
24,24462157900127	101,45131765057663	288,3355967132873	
23,644672436241304	98,41230616815982	281,2333469526322	54,581642581503395
22,681379219928044	95,08859123460012	274,54724764147176	
21,889202127497143	92,24230876746326	270,15767641151683	
20,889149578067098	89,48094921186048	263,85243350639195	
20,253100722313985	86,5974268956324	258,92504133547163	
19,5964655176068	83,89339403400461	251,59236009790268	
19,13977771435664	81,3660636576397	246,17275410780664	
18,73100561527874	78,91192471714574	240,66355919982482	
18,10894211639697	76,45390287030567	235,2760137551613	
17,524939110351312	73,90012309384801	229,4176516203409	
16,711730488842928	71,65103206544438	223,0556295793952	
16,049413932215668	69,60337149244714	218,76006120798164	
15,483375538378263	67,46465465575235	213,28969698176024	
15,030072168472216	65,3737747677756	205,97031937086467	
14,593022629702075	63,30721720780123	200,11908499541576	
14,438462764140246	61,32839692382465	194,34293650408222	
14,155509406491857	59,676354392801656	190,26840721158285	
13,664426499401975	57,956788128180506	185,33236716348998	
13,283989480293366	56,24188886294583	180,85793991746246	
13,022066245265906	54,49885181903589	175,43538938702753	
12,619887842470902	53,02650423168085	169,9616869444662	
12,385252067314154	51,44492574317074	163,913833416859	
12,252362337671054	49,95560116416294	158,95254732771375	
11,818285074809921	48,62731574027589	155,5234298637002	
11,529815483277007	47,216879554996865	152,20002559078944	
11,364035287353238	45,98791157146733	149,48756281336938	27,612693085247514
11,295261656467614	44,728151131451305	145,68509100467998	
11,172595374230827	43,59168048862582	143,1876064931455	
10,8898687913902	42,50323550998033	139,16021240373055	
10,585882499110234	41,539599326149116	134,9294856724883	
10,338675445524075	40,43480568475049	131,40120718712026	
10,210831466488367	39,442420371010925	127,70101821022122	
10,115331800007006	38,48610927503537	124,92431026853143	
9,992359279730374	37,57535620564477	121,8021313983647	
9,784034624806305	36,71819721817302	118,56094323477016	
9,685828861808186	35,833506825851366	114,5819318967588	
9,295069217136804	34,95838930747136	110,63984714211028	
9,093481039821807	34,11492522426788	107,2853470651731	
9,03305585248939	33,34264360276329	103,795095033058	
8,856555029686886	32,4805525001419	101,06356270144651	
8,768941622743021	31,7722991138643	98,70326273366418	
8,755939848165609	31,216526282674078	96,68098905880522	
8,419947485044867	30,617991671291904	94,784825576375	
8,349806401299825	29,932287687891144	91,50940590441864	
8,243513565171272	29,33162801767017	89,35393037754726	
8,178142419297313	28,784904627346773	87,05778882831491	
8,104230642792903	28,206390288961853	85,32728489757439	
8,029131204272739	27,65357485623787	83,93615341338773	
7,8847965350509845	27,137510687594343	81,94112776378253	
7,707099857379177	26,614128332761354	79,46952713524995	
7,635546140456212	26,060708523861294	77,09530606394182	14,020829426264624
7,543215747314535	25,58942984986728	75,74778591495907	
7,452946844263734	25,12892631343605	74,03133877417169	
7,422632849273725	24,69558603400565	71,89138506541681	
7,323658212677442	24,313298047098474	70,28978025561602	
7,271831631029913	23,91716591330705	68,63587285949717	
7,21469597944567	23,49770855641219	67,35662475582623	
7,045697740049248	23,109317797679022	66,11051445337417	
7,009678651059135	22,750220459648578	64,8777508814887	
6,944062723617187	22,399577707475842	63,748888912667866	
6,816894147573066	22,02763487736235	62,11985855544709	
6,708313109546011	21,677014669596243	60,766750487700754	
6,623028698608602	21,39413766766477	59,36030145301882	
6,5016816596250875	21,049807948608304	57,636126477101854	
6,489949290991288	20,72756107610918	56,32825112231333	
6,433618266781093	20,439211251528576	55,16282553533196	
6,411386262990431	20,161919090711187	54,35705280224094	
6,4093328285175035	19,92283189810453	53,83895091487966	
6,398445089037623	19,706306677046243	52,571980387486235	
6,383525944090764	19,48004909426054	51,6687025267514	
6,31406465825331	19,23197748054882	50,93220715313422	
6,296822031853834	18,97055553005721	50,22309313067159	
6,213921264694525	18,73919084019668	48,79709119719632	
6,205241170873581	18,46332834780302	47,673480730499335	
6,201162601007688	18,237718225628566	47,267074926926256	
6,161613633304503	18,061426772243728	46,51433583378299	8,20966130729434
6,121164515751252	17,8544125724003	45,56950128809432	
6,084982772395026	17,632702709545363	44,78937946130667	
6,028026204872764	17,459762833232496	44,14358167291768	
6,021925706712154	17,291997048665852	43,62422944990463	
5,996512153648968	17,11524351854881	42,77419895825045	
5,9735196074629116	16,924926768715235	42,408504293625086	
5,921383028871937	16,74886619717735	41,34782923996737	
5,878417132185267	16,591920514365242	40,89639061193681	
5,858352667121704	16,427932167029144	40,66807729721224	
5,799694505360139	16,28074747027407	40,196842678707675	
5,764846064915138	16,155737748930704	39,539750808652634	
5,716377630338244	16,014771180053014	38,95358749031632	
5,666106188180289	15,834586906914362	38,23925840913733	
5,635152932182784	15,672076786847645	37,774905463085396	
5,549247754919933	15,536772270073952	37,535443585310325	
5,548517519597513	15,38421311646401	36,721886849306905	
5,514230153910254	15,23880684250296	36,33310862694118	
5,474499872994398	15,10131441320222	35,91457495072398	
5,464476350626104	14,963707141354154	35,257034107352	
5,4348777999582865	14,844317492470628	34,819573156041486	
5,407011167381976	14,734424643219981	34,50740427479359	
5,397170058800139	14,634075951142231	34,076523912094494	
5,372234393519123	14,525382062691422	33,66257557835766	
5,337576416678655	14,4262155030402	33,48037623950591	
5,329511061909521	14,315693541341345	33,13316363930889	5,627735202329883
5,32057436966627	14,198092452706812	32,65061368585828	
5,301051817987325	14,091435114469279	32,502211123483875	
5,265183743631772	13,997264820324535	32,006764998656195	
5,255326371591221	13,883218426481845	31,553548883381513	
5,252206611858224	13,789758435864364	31,22056397746087	
5,250571261711412	13,70267247486104	30,950963721727746	
5,2408686699130795	13,614464927094126	30,660274881452377	
5,238935136427028	13,514447371616685	30,360358911227475	
5,230379816323218	13,454195005761362	30,175772830594255	
5,216996490559905	13,390294735027647	30,001537254549525	
5,205344768558322	13,303943028353068	29,256587540640204	
5,18212411337434	13,227036813664286	28,95490162946745	
5,170753380787045	13,14900299263686	28,56295034535188	
5,130202660911661	13,062977087157753	28,317860431583835	
5,128445681251643	12,985443673639194	28,061979682142677	
5,127738327773139	12,920899761148286	27,808793616217475	
5,109686416679912	12,855017668252378	27,65558868191053	
5,1072354337594135	12,793487426988465	27,441395407914825	
5,053054182846833	12,71543621791124	27,321639000274466	
5,051264992306799	12,640235103000741	27,018808188900255	
5,048574656722347	12,577745838055387	26,59788731822639	
5,029416962208852	12,522672683154845	26,459789843109558	
5,028726293178883	12,464164696672743	26,152069219769295	
5,019126947821889	12,40640707956794	25,959209123796736	
4,994646269028573	12,348860084678156	25,677871087381877	4,29755744128212
4,994203525873902	12,289639703376347	25,442365996472457	
4,970198595419932	12,230001872048975	25,195084890987324	
4,968844663794233	12,172241665383686	25,007173772305137	
4,961456910953486	12,111972628939329	24,733150254155866	
4,955294335792954	12,052995260000094	24,531524411901923	
4,955033784739799	11,992991502004728	24,32941686012902	
4,955033784739799	11,932714969752045	23,949720579273276	
4,9504682706828165	11,88055010859208	23,91353785828993	
4,946685787583524	11,825591747444847	23,685106514634107	
4,9199014423383565	11,759661035732833	23,541003744833688	
4,9199014423383565	11,704231236095936	23,263792298917796	
4,915179689679014	11,655451179677332	23,201883675765107	
4,908331308680078	11,612978430054762	23,068262915310882	
4,878367944058771	11,56094369263635	23,014086819590915	
4,869832902510286	11,521343338322433	22,79109308602923	
4,86193415996172	11,479533875475658	22,670693066691445	
4,807252908302698	11,431782352417153	22,62639436925955	
4,807153158222404	11,38328191065038	22,383962216226514	
4,791803652506384	11,331914928357197	22,280667761096808	
4,767847488377239	11,29809093085134	22,182631960581812	
4,767847488377239	11,242395116221367	21,98831621368288	
4,756827793447737	11,195319239119671	21,55782596079527	
4,754980910215579	11,157664652256209	21,47927257674722	
4,7519433394198565	11,101443906152548	21,293351918605623	
4,7519433394198565	11,061785767139556	21,10753299110132	3,5463044573981533
4,683060460969832	11,013628972872581	20,9480755135722	
4,643435297003518	10,972694507360163	20,817583583057914	
4,584521055413563	10,925767240972624	20,675741384179663	
4,5834682367173585	10,893462726877736	20,616189504108885	
4,583387090379507	10,851791979880748	20,556930732384266	
4,582793418971654	10,816941216324233	20,556648996014896	
4,58273744930597	10,789585367057983	20,369036236305853	
4,576450533131574	10,742922357143309	20,283858880385125	
4,572491517532842	10,704855040265562	20,229631600505307	
4,5655869812146	10,666862758090327	20,1533076208175	
4,552327145751394	10,636580864807295	20,032966182118013	
4,552201936367189	10,602933365477499	19,92027299943706	
4,552201936367189	10,563349898677338	19,852023846986913	
4,546601174846947	10,53373826299521	19,67406242613733	
4,532252241551492	10,509189994623446	19,585612204930285	
4,4945634951031	10,478404945704238	19,533869446445205	
4,4945634951031	10,446854989260643	19,418113745960287	
4,482390805880892	10,414506114026075	19,2341640595732	
4,4753541175220395	10,373414346389893	19,201083082220503	
4,4753541175220395	10,340633376972384	19,095990306911887	
4,445362172079022	10,318758889597564	19,055895881590736	
4,445362172079022	10,293618902682278	18,994710270159302	
4,44082736057017	10,27592709588169	18,96720755166755	
4,44082736057017	10,24822603301166	18,91591880991568	
4,44082736057017	10,223549715455864	18,84753416669802	3,0796593891914483
4,4363180546737535	10,195380968680627	18,743838190187425	
4,434219681409544	10,172240545069265	18,657325551073757	
4,434219681409544	10,14680435372417	18,544636347675397	
4,430523195623385	10,120493659971824	18,50825388467986	
4,415541300095549	10,09156658755212	18,48668246744956	
4,4080377551696985	10,066034136103644	18,429200025453486	
4,40560070446017	10,03882380852079	18,309892700915682	
4,404098901582492	10,006552049484913	18,304358996022163	
4,403877828625199	9,980801202085015	18,234372417570206	
4,403877828625199	9,962070446236131	18,17690986669395	
4,398211967624303	9,944615853452461	18,172689728349848	
4,397767634177317	9,925421978740708	18,142421131020534	
4,3896627228170555	9,904643030820091	17,992147796554303	
4,384024257212044	9,86966845309752	17,79203566779216	
4,384024257212044	9,855030368421144	17,776179506473333	
4,382621813478875	9,83352723698897	17,72923723780523	
4,370662663609132	9,805989984683885	17,61876483422305	
4,335832495996965	9,783365405869965	17,51178590196308	
4,324888975550208	9,765315503292802	17,459920933777454	
4,268800967788111	9,739109659242715	17,422637307195178	
4,255325323873304	9,717494314947785	17,42055161791534	
4,252867687218845	9,688347105808997	17,380476050183432	
4,25190519836126	9,67203604278204	17,310183745936087	
4,247170513040814	9,656213072120147	17,29981920198016	
4,247170513040814	9,637819203068887	17,279500043945028	2,789106231168144
4,245352387832718	9,615969320627165	17,268811775194845	
4,232735701037374	9,594198437166746	17,12894035008867	
4,217987828587494	9,575195414683472	17,096728387112393	
4,176789624927504	9,544338300892866	17,060923371907975	
4,163497969487199	9,527409812803826	17,060923371907975	
4,135377418069473	9,501988548500005	16,919354129680347	
4,128677513951796	9,490379184084373	16,810335189543288	
4,127578708174065	9,470091506457445	16,784567601624218	
4,124524331184081	9,448218295941922	16,72497668450541	
4,116494241608433	9,4242773893641	16,628534574511367	
4,116345263307016	9,407978491227043	16,626334915580056	
4,116345263307016	9,390963723686808	16,57525041614204	
4,116345263307016	9,369123662153621	16,456439335848053	
4,1154217757835685	9,342358682153904	16,3705367734038	
4,1154217757835685	9,330111988125918	16,34415468642336	
4,1154217757835685	9,302265759598022	16,285921675407153	
4,1154217757835685	9,283012648526586	16,255939192578932	
4,1154217757835685	9,264096484416552	16,225997669409452	
4,1154217757835685	9,245858238583486	16,20998534393093	
4,1154217757835685	9,214396850439234	16,198063171467258	
4,1014448380217665	9,195725080741655	16,189303445232007	
4,066432064783321	9,168723433332236	16,17778804459192	
4,066432064783321	9,149192804715419	16,124069972924236	
4,034688535361704	9,12760932034972	16,0440918109919	
4,022637727398864	9,108711899123637	16,03520499005094	2,5710459466749813
4,022637727398864	9,095458501176882	16,018587096123284	
4,022637727398864	9,081374674357955	15,975746820961385	
4,022637727398864	9,064113473690162	15,975746820961385	
4,015528260343531	9,047533819064347	15,975675529347466	
4,014702194928447	9,037870819381391	15,969007359810147	
4,009085754959668	9,023906198700267	15,943150339912862	
4,000837771060542	9,002380105442452	15,814873242522795	
4,000837771060542	8,984752433734016	15,78362081407324	
3,998470674737492	8,973177985579037	15,766617605943425	
3,998470674737492	8,961179638985115	15,748419052819987	
3,998470674737492	8,951252702131281	15,740115828080182	
3,9943493810006654	8,93423655317742	15,72889050871797	
3,9943493810006654	8,922774074307554	15,719688537166034	
3,9943493810006654	8,909791832312832	15,688252001533984	
3,981467846163491	8,89189675751878	15,637607508595451	
3,968776560485199	8,875830370641042	15,61311314868675	
3,967536855593535	8,855081133655904	15,57516857005306	
3,967536855593535	8,83832575413991	15,505300581031975	
3,952269093087361	8,821886950667421	15,505300581031975	
3,925463419779607	8,808284032605718	15,43798497736646	
3,922605579883337	8,78936442974702	15,436589660932894	
3,9079299001031926	8,772243337691274	15,433415704555227	
3,9079299001031926	8,755692638141824	15,339127607002215	
3,9079038454501744	8,745210004060114	15,314171028958759	
3,9034300739750596	8,729297612461954	15,278283344747898	2,4188920874857662
3,9026873471349437	8,716148457465478	15,254247576585449	
3,9026873471349437	8,70507543392071	15,250883561838585	
3,9026873471349437	8,692962416867879	15,193706373183023	
3,9026873471349437	8,672718004386942	15,177898876199183	
3,9026873471349437	8,66143808631346	15,150334427260846	
3,9026873471349437	8,643685828610806	15,140944134286064	
3,9026873471349437	8,634479538485326	15,129589237509158	
3,900568102113615	8,624564040173935	15,105750785764137	
3,900568102113615	8,615255120702146	15,089036811470288	
3,8999422108355195	8,603048640391041	15,037302719225522	
3,8899542915535905	8,58640524329066	15,037302719225522	
3,8899542915535905	8,569502695169504	15,037302719225522	
3,875133980810265	8,557559762053387	15,031739051462306	
3,87423735629492	8,545312757129631	15,00663198806749	
3,87423735629492	8,532028839479361	15,004349951497467	
3,87423735629492	8,5183779462496	14,96588053841196	
3,873620790065008	8,504625526432182	14,925001175654959	
3,8698989717713026	8,496013965521056	14,91656206181574	
3,8698989717713026	8,487978043935517	14,868831705900098	
3,8698989717713026	8,480529701583414	14,844762219059136	
3,8679626561284586	8,469320208797003	14,828329585874247	
3,8679626561284586	8,460005359514305	14,824424273508816	
3,861284893180425	8,449787559906454	14,820300441927357	
3,861284893180425	8,443967283194953	14,786280299828638	
3,861284893180425	8,436224657287992	14,742017910385785	2,3075610275498617
3,861208027933375	8,425988468524743	14,712022738338746	
3,861208027933375	8,410343719907418	14,699912870664036	
3,861208027933375	8,398338329693832	14,668673948443857	
3,845940037897205	8,38584072307094	14,630818403662031	
3,826029132021915	8,374605167824292	14,599162532961909	
3,826029132021915	8,361305262714732	14,595649930007307	
3,8070385528547206	8,346677718113002	14,568163431072069	
3,8070385528547206	8,33393143500796	14,504111863935618	
3,8070385528547206	8,323496750895375	14,489852317411108	
3,789725374504605	8,312414245946885	14,487899822909386	
3,7738727822109657	8,297879956727133	14,48568786264629	
3,7738727822109657	8,28111297754997	14,468271344348231	
3,773138199349525	8,271422566915318	14,422574989968506	
3,773138199349525	8,265872988047109	14,420554635008168	
3,77136640804009	8,253798593279516	14,406385886260937	
3,77136640804009	8,238362860112105	14,400688089616512	
3,7615233972416866	8,218855130185522	14,312865373466416	
3,7615233972416866	8,203894097211318	14,214432717960081	
3,759540357763977	8,194476005895977	14,205010886619219	
3,758887960883735	8,182735727345376	14,205010886619219	
3,755622576149612	8,171878008000613	14,165199747977908	
3,755622576149612	8,160935705217694	14,148141168871337	
3,755622576149612	8,152550293920978	14,148141168871337	
3,755622576149612	8,140970850191387	14,124554253790643	
3,753768999746169	8,122634782829088	14,061449749806265	2,176215948830761
3,753768999746169	8,106654573841526	14,046182777361956	
3,751847471651412	8,095930399482205	14,017686652889983	
3,751847471651412	8,08215361666407	13,927650115376291	
3,751847471651412	8,068148361113478	13,908730086356945	
3,7496410919651613	8,059145554502567	13,844664373857814	
3,7496410919651613	8,049793385335084	13,830658366172583	
3,7359318181538996	8,033565020714493	13,816336179975535	
3,724854736442309	8,027735910015657	13,810709141007191	
3,724854736442309	8,015414392076819	13,793330225352344	
3,717714465913399	8,006738765515388	13,785627849104207	
3,717714465913399	7,997092871671379	13,756924365710269	
3,717714465913399	7,991523918474354	13,73047997626891	
3,717714465913399	7,982485913438228	13,723252346979148	
3,717714465913399	7,974578866021364	13,717575241587852	
3,717714465913399	7,965450833417026	13,571188179241894	
3,7009208079460887	7,9563809015854705	13,536722894468651	
3,7002584452111056	7,943987721331888	13,516753665876164	
3,7002584452111056	7,934594765696519	13,516753665876164	
3,7002584452111056	7,924946174184297	13,496907497525754	
3,700133003086467	7,9173788862322745	13,495347868340877	
3,700133003086467	7,90726695435187	13,443243152270588	
3,700133003086467	7,9010075907311625	13,442915420220722	
3,700133003086467	7,895426381962528	13,434480516712425	
3,6810488484150716	7,885950951569331	13,420177036088115	
3,6810488484150716	7,876289542173817	13,41044524538215	2,090085907539478
3,6810488484150716	7,871889109504829	13,407544864847434	
3,6762329793370343	7,865913253299609	13,402613930433478	
3,6733515978022884	7,854764910466708	13,37025959245409	
3,6733515978022884	7,848472947492213	13,37025959245409	
3,6662073231680448	7,836871839235143	13,299652434034329	
3,6662073231680448	7,82604491237572	13,299652434034329	
3,6662073231680448	7,820604957746238	13,299428520323973	
3,6662073231680448	7,808272686168277	13,232455296149695	
3,6655695298030166	7,7971998042193364	13,22643952164	
3,6655695298030166	7,789179355850414	13,21881285656373	
3,65915444720466	7,782682876947224	13,208987513135256	
3,637652340646998	7,773211091199082	13,12086366842193	
3,6367172692260494	7,762162967199995	13,117873219643036	
3,6367172692260494	7,755721731633568	13,117873219643036	
3,6367172692260494	7,750305377659118	13,110043136126478	
3,629349028102232	7,74482449957162	13,091999026705327	
3,629349028102232	7,735672806583575	13,091999026705327	
3,629349028102232	7,730752385030448	13,078317145503433	
3,629349028102232	7,724925741455898	13,069166753139065	
3,629349028102232	7,717280095751679	13,066541267779584	
3,629349028102232	7,713714558438714	13,050705809785079	
3,629349028102232	7,709918529838592	13,043360855730537	
3,629349028102232	7,698735240241698	13,037948389414163	
3,629349028102232	7,692414855968881	13,03710005441606	
3,629349028102232	7,683286003005423	13,011302338447164	2,009405795872528
3,6236556451335162	7,6739137488173945	13,010563847945606	
3,6236556451335162	7,667014138937277	12,956739807726237	
3,6236556451335162	7,659106716705394	12,863146271421863	
3,6236556451335162	7,649282371188738	12,847278874563813	
3,614843208572941	7,640658536524365	12,84496649183272	
3,61450948331681	7,637355272595141	12,822177367012173	
3,61450948331681	7,6272740194662925	12,807502316798786	
3,5858445819247398	7,620979601946131	12,782039749092302	
3,580244608913866	7,612733016794827	12,779199829602478	
3,580244608913866	7,602068125412427	12,73816317966523	
3,571151690951323	7,590107396037444	12,735891278366944	
3,5708746176632826	7,586347624648755	12,720395709962867	
3,5708746176632826	7,57576903208427	12,67920866768651	
3,5598075513136935	7,569161795833959	12,666530936714391	
3,5450241147844292	7,5617637728518154	12,638624954048995	
3,5450241147844292	7,554682875911698	12,612175469358428	
3,544062024884512	7,550198784816559	12,586653725813864	
3,5390058325455316	7,5418994135413975	12,573838036206503	
3,5390058325455316	7,53062328812725	12,54448180800291	
3,5390058325455316	7,522791573037685	12,526333733668393	
3,533587978569336	7,5182125576645715	12,526333733668393	
3,5333276429373246	7,513673012486149	12,525200472440533	
3,5333276429373246	7,505443827206242	12,513733957543327	
3,5331764351011747	7,492286716624611	12,465574802393432	
3,5331764351011747	7,486801681276653	12,438810976416788	1,929083412202131
3,5331764351011747	7,482527509469262	12,376395039244223	
3,532889281012631	7,472613890754469	12,369843501165633	
3,532889281012631	7,466100061187206	12,358211950003392	
3,532889281012631	7,4598474314898215	12,350623851809537	
3,531715640421185	7,454187534677864	12,347986146324049	
3,531715640421185	7,449416082589324	12,340483405423404	
3,531715640421185	7,444576309401668	12,323838112936947	
3,531715640421185	7,436609243661131	12,25602691281125	
3,531715640421185	7,430451030012246	12,252401309298957	
3,5310139070329023	7,420414012050503	12,226984812541074	
3,5306186768137247	7,415353633451199	12,207560874948227	
3,5156359044272882	7,404683444177382	12,110751837011925	
3,510055797832936	7,399137997420377	12,108442476161665	
3,510055797832936	7,394058173784999	12,094198686855277	
3,5066833995620543	7,386793410355057	12,090664183146208	
3,502828745598589	7,37805687517154	12,086763759272213	
3,502828745598589	7,372269713260368	12,07829623778711	
3,502828745598589	7,364069408834102	12,035508111870271	
3,5015158598470406	7,3577744239898895	11,924831330007065	
3,5015158598470406	7,355971032743896	11,91526175485135	
3,5015158598470406	7,3493209239006125	11,899441804891506	
3,5015158598470406	7,346368742335095	11,899441804891506	
3,5015158598470406	7,340138896882265	11,87552167444229	
3,5015158598470406	7,33362658392474	11,833785718085553	
3,5015158598470406	7,329348433236715	11,826483515055362	1,8467355588510739
3,498615589555072	7,319222432537925	11,813370032475007	
3,492905191083547	7,313402766228311	11,812999799267129	
3,490326687009644	7,3084877482291155	11,811350568467798	
3,4887874331359088	7,301704355687645	11,811350568467798	
3,4872393733837077	7,292480066760196	11,762177864632939	
3,4872393733837077	7,286606466364981	11,731710413992637	
3,4872393733837077	7,28288627649355	11,730058990702114	
3,4871339834868262	7,2738929774623395	11,721841774971137	
3,4867197617531214	7,2692362676292195	11,720903516966017	
3,4867197617531214	7,261389097146537	11,678939060343447	
3,4864094966621906	7,2560872762069115	11,661640886521777	
3,4864094966621906	7,250838161646995	11,661640886521777	
3,4864094966621906	7,245089805462908	11,659498838617958	
3,4864094966621906	7,239919780128805	11,625152281659725	
3,4850591175320216	7,235688838583898	11,625152281659725	
3,4850591175320216	7,224294945881178	11,614935903310354	
3,4850591175320216	7,221699725605101	11,614825194592743	
3,4850591175320216	7,216723093746478	11,609062388693598	
3,4850591175320216	7,211324174111462	11,60824160022627	
3,4850591175320216	7,204673504222678	11,510686441393164	
3,4850591175320216	7,199591833246416	11,489764126849327	
3,4656063029148982	7,190699382899623	11,470525612031974	
3,4656063029148982	7,184713831963137	11,470525612031974	
3,4656063029148982	7,178448285370572	11,46599415361357	
3,4656063029148982	7,172334937311721	11,461684375122193	1,7963952862790225
3,4656063029148982	7,16574691029567	11,443673963989971	
3,4656063029148982	7,15822813842476	11,38494900900148	
3,4656063029148982	7,14991896544346	11,368973419538111	
3,4656063029148982	7,1449140901421	11,332925104753171	
3,4656063029148982	7,141944310598651	11,332925104753171	
3,4656063029148982	7,139768136585697	11,331100269419087	
3,4624356200336464	7,1377435304059285	11,331100269419087	
3,452733876078878	7,13191938585266	11,331100269419087	
3,452733876078878	7,130084719966721	11,321804661489939	
3,452733876078878	7,127063114980249	11,321804661489939	
3,452733876078878	7,121008912429159	11,31676469817794	
3,452733876078878	7,114591048138286	11,306322523748468	
3,452733876078878	7,106783973426929	11,305977907495489	
3,452733876078878	7,100713123945102	11,29955852832011	
3,452733876078878	7,094581469580729	11,29348535379784	
3,4499609859771114	7,085642427593331	11,27245948647664	
3,4499609859771114	7,082211970849641	11,237028994911098	
3,4338355737349104	7,076069606355442	11,233004159960604	
3,4338355737349104	7,073439252168332	11,233004159960604	
3,4067563366790523	7,065630305649616	11,222948189446665	
3,399320822277072	7,0629196127386145	11,221589587918757	
3,399320822277072	7,055544627970263	11,208741016180365	
3,399320822277072	7,052637593449596	11,207077166349668	
3,399320822277072	7,048304774261546	11,202868128210344	
3,3987651305774462	7,042665214955902	11,202868128210344	1,7517545215805266
3,3987651305774462	7,0366061523782175	11,175221951202634	
3,3987651305774462	7,033660321177313	11,175221951202634	
3,3987651305774462	7,029334969858549	11,171495402181385	
3,3987651305774462	7,024683756548183	11,16918544605516	
3,3975329798110914	7,018670812394577	11,152644386990628	
3,3975329798110914	7,012988549578483	11,113855892474053	
3,3907557629176868	7,008670468495648	11,113592455046696	
3,379681705850823	7,003158988053591	11,112353818886431	
3,3624946332713073	6,987901982006411	11,112353818886431	
3,3624946332713073	6,98414424952026	11,112353818886431	
3,3624946332713073	6,977728731031126	11,110763988844356	
3,3624946332713073	6,975789723634099	11,110763988844356	
3,3599724393075157	6,972278457104161	11,103365583638617	
3,3599724393075157	6,963726965930357	11,075283408515006	
3,3599724393075157	6,95734339144135	11,035635917029659	
3,3599724393075157	6,95120505072724	10,990645980868937	
3,3599724393075157	6,945574605563837	10,948049630702117	
3,359304901630367	6,93875473122906	10,948049630702117	
3,357992794133116	6,934716293438075	10,943372971347944	
3,357992794133116	6,931863151923577	10,943372971347944	
3,357992794133116	6,927191768862778	10,943372971347944	
3,357992794133116	6,921339997930131	10,941729898140707	
3,3516936762042424	6,917897180089261	10,941479883843066	
3,3516936762042424	6,912928416008019	10,941479883843066	
3,3516936762042424	6,907905322654805	10,92818483148681	1,6950669317128553
3,3516936762042424	6,90316488935821	10,916565492095046	
3,3516936762042424	6,900655682887957	10,898123743154828	
3,348704210529604	6,894879628651827	10,858540540011699	
3,3195177647439853	6,889680463250994	10,856394220322654	
3,3195177647439853	6,886518645949328	10,856394220322654	
3,3195177647439853	6,8837793667661265	10,846218707060267	
3,3195177647439853	6,879653940382707	10,836900091298173	
3,305340278420603	6,87319563602886	10,836900091298173	
3,305340278420603	6,870781279638511	10,836342247340129	
3,302879460935949	6,858496547908251	10,823315886683037	
3,302879460935949	6,854929883351286	10,815792492803125	
3,302045790977711	6,849099316485718	10,80470767003988	
3,302045790977711	6,845965567187847	10,798165059818478	
3,302045790977711	6,840326824459079	10,786954706108155	
3,302045790977711	6,837866242187449	10,785668753355107	
3,302045790977711	6,829892671798428	10,78120663837981	
3,302045790977711	6,825632181433105	10,765629158876706	
3,302045790977711	6,821811411166486	10,765629158876706	
3,302045790977711	6,819036373301213	10,760785089351428	
3,302045790977711	6,816959565002533	10,760785089351428	
3,302045790977711	6,815809546720875	10,748783413376078	
3,302045790977711	6,8107512216967105	10,723361537114435	
3,302045790977711	6,80487937618625	10,700835865409903	
3,302045790977711	6,801511792298694	10,688220001350683	
3,302045790977711	6,796189471607999	10,665413698157758	1,6618289967469477
3,302045790977711	6,7924061981368915	10,665413698157758	
3,2959760002085337	6,784737562540277	10,650206520917756	
3,2959760002085337	6,7819397172464075	10,647003341371699	
3,2959760002085337	6,779342451408298	10,646298771805755	
3,2959760002085337	6,775712105279155	10,64599837340606	
3,2959760002085337	6,769279672702669	10,621449740455043	
3,2959760002085337	6,766822048548675	10,621449740455043	
3,2959760002085337	6,765251699331909	10,621449740455043	
3,2959760002085337	6,761789082618024	10,616644911075836	
3,295350744348879	6,757936233865944	10,616644911075836	
3,295350744348879	6,754351392710195	10,607127363593913	
3,295350744348879	6,750198145519871	10,597726130018147	
3,295350744348879	6,748131812385331	10,597726130018147	
3,295350744348879	6,743949373239754	10,590019196758767	
3,295350744348879	6,741474454721022	10,590019196758767	
3,295350744348879	6,738448391619069	10,590019196758767	
3,295350744348879	6,732826639749825	10,590019196758767	
3,295350744348879	6,727147962816792	10,576656507104406	
3,295350744348879	6,725195545807911	10,569586915156524	
3,295350744348879	6,7208155349392715	10,564347374077583	
3,295350744348879	6,712979681716529	10,554914735081494	
3,295350744348879	6,711558342897394	10,538849083707362	
3,295350744348879	6,707466737479909	10,538849083707362	
3,2944068323803837	6,70392372049381	10,538289293397003	
3,2944068323803837	6,701538375470077	10,536499127832844	1,6232174634989067
3,2943625986737923	6,697531731217583	10,536499127832844	
3,2943625986737923	6,694139494513027	10,535631717258717	
3,2943625986737923	6,686158324613275	10,519821807919794	
3,2943625986737923	6,678074393039737	10,518022883777226	
3,281029310335069	6,671863902008301	10,513745647874627	
3,281029310335069	6,669566900088824	10,511156458398178	
3,281029310335069	6,667306841576579	10,509603892964998	
3,281029310335069	6,665116015659118	10,485686737562245	
3,2808897719833654	6,661630993327247	10,476285155901582	
3,275829299274468	6,655013514353706	10,464318680741451	
3,2757630874416814	6,652334174790835	10,464318680741451	
3,2757630874416814	6,649979733510303	10,464318680741451	
3,275750156765892	6,6466862275467	10,464318680741451	
3,275750156765892	6,641227762423525	10,464318680741451	
3,275750156765892	6,637761574798694	10,464318680741451	
3,275750156765892	6,635083788688193	10,464318680741451	
3,275750156765892	6,632359951246181	10,461561557999996	
3,275750156765892	6,6292410218578315	10,460301989126936	
3,275750156765892	6,625800628641392	10,460301989126936	
3,275750156765892	6,6218276972389125	10,455461857149132	
3,275750156765892	6,613580626022274	10,42353643253464	
3,2737887325982826	6,608549727307333	10,423352624063536	
3,2737887325982826	6,606230754452156	10,423352624063536	
3,2737887325982826	6,603932075841822	10,41033882870947	
3,2737887325982826	6,597952207671899	10,389313529658708	1,5906177998147522
3,2737887325982826	6,593409345388344	10,381098473258769	
3,2737887325982826	6,591937062253802	10,381025721511627	
3,2737887325982826	6,590435564983926	10,381025721511627	
3,2737887325982826	6,586625680835201	10,375248088072853	
3,2737887325982826	6,584546528515493	10,375248088072853	
3,2681347287522264	6,58065810345331	10,374586689351773	
3,2681347287522264	6,578097389830045	10,374586689351773	
3,2681347287522264	6,575567691971873	10,365790094273482	
3,264594756708577	6,571472193039117	10,363585433595052	
3,264594756708577	6,569703136765797	10,3627270359542	
3,264594756708577	6,568051114954155	10,3627270359542	
3,2645172320529747	6,564731181597885	10,359152818140272	
3,2645172320529747	6,56056139629592	10,35742512417786	
3,2643034049093633	6,556540264064162	10,35742512417786	
3,251372575716785	6,54791010237328	10,313421653293254	
3,251372575716785	6,544367560908215	10,310375437305739	
3,251372575716785	6,541850480368785	10,298427702565025	
3,251372575716785	6,536223928313335	10,290296263621531	
3,249540287958764	6,531564611099487	10,270368926786045	
3,249540287958764	6,5275441407991	10,270368926786045	
3,249540287958764	6,52402015992094	10,269759360862649	
3,2384064780892885	6,51988570255916	10,266385340032638	
3,2384064780892885	6,515808865549217	10,26612282025734	
3,2384064780892885	6,512543956305222	10,26612282025734	
3,2383741441002716	6,508489188900719	10,26390792350885	1,5617293989314072
3,2383741441002716	6,50456017964349	10,26254864125841	
3,2104845306503504	6,4985499835606255	10,261162851256461	
3,2104845306503504	6,495724659544875	10,252667280155482	
3,2071443626792626	6,490943866178036	10,252667280155482	
3,2071443626792626	6,486914091134078	10,252410904318895	
3,2071443626792626	6,484703464873035	10,252410904318895	
3,2071443626792626	6,483142471008501	10,252410904318895	
3,202664714499138	6,477894307438458	10,234190070622475	
3,1894848261457924	6,473330329274453	10,210717481985766	
3,1894848261457924	6,4705769097433254	10,20690726078812	
3,1894848261457924	6,46698044951598	10,206714198747468	
3,1894848261457924	6,463335469499046	10,206673185962128	
3,1894848261457924	6,458379795244928	10,18975949297291	
3,1894848261457924	6,456113280077956	10,189672964817417	
3,1800570073598196	6,451880595813846	10,186660276825949	
3,174912117749232	6,446117557041604	10,179994095323861	
3,1742274764260405	6,44138794654491	10,179994095323861	
3,1742274764260405	6,438913066725547	10,179994095323861	
3,153028847666784	6,433865753924883	10,173740668856205	
3,153028847666784	6,431796732143617	10,165896634824161	
3,1459389781437115	6,428569047973622	10,129559254286402	
3,1459389781437115	6,426736654077136	10,129559254286402	
3,1459389781437115	6,425267602973083	10,129559254286402	
3,1459389781437115	6,4199694399260405	10,126800767507195	
3,1459389781437115	6,415284156119334	10,10883902888939	1,5281635845137966
3,1459389781437115	6,414775196384054	10,10883902888939	
3,1459389781437115	6,411442618808541	10,10443754039961	
3,1459389781437115	6,4085168075341725	10,081540286904637	
3,1459389781437115	6,404012158584827	10,080718686113695	
3,1459389781437115	6,399893462051707	10,080718686113695	
3,130451628371253	6,3967479273067624	10,080718686113695	
3,130451628371253	6,39228208385833	10,080718686113695	
3,130451628371253	6,390175057642857	10,080718686113695	
3,130451628371253	6,388161537449293	10,080718686113695	
3,130451628371253	6,383053837489956	10,057861126990252	
3,130451628371253	6,378321918662764	10,047353064619347	
3,130451628371253	6,376548769004081	10,04728579702838	
3,129987238081951	6,375424079361794	10,04728579702838	
3,128856623808326	6,373015089138986	10,046094222851217	
3,128856623808326	6,36967184809116	10,046094222851217	
3,128856623808326	6,367857934650539	10,046094222851217	
3,128856623808326	6,365709033418575	10,045562146521165	
3,128856623808326	6,365101018466755	10,045562146521165	
3,1254455738387703	6,36151599962434	10,037124477521942	
3,108283653292693	6,357301060368405	10,006580017314855	
3,101915474980334	6,355269424075626	10,005656311399843	
3,101915474980334	6,352017174583252	10,001486139521337	
3,101915474980334	6,3497340016567785	10,001486139521337	
3,101915474980334	6,348163146052449	10,001486139521337	
3,0957424608148676	6,344154309161422	9,979501796523376	1,5060830415744317
3,0957424608148676	6,342792691894219	9,977678100175567	
3,0957424608148676	6,34151452495307	9,977678100175567	
3,0957424608148676	6,338944608097681	9,968968683926958	
3,0957424608148676	6,336035066442679	9,96832093577665	
3,0957424608148676	6,330259912118916	9,96832093577665	
3,0808898518649483	6,328809406889125	9,96665484974165	
3,0808898518649483	6,323970429644195	9,95230557482875	
3,0808898518649483	6,321952459231215	9,95230557482875	
3,0808898518649483	6,319501687063334	9,9201890580371	
3,0808898518649483	6,316142504345622	9,90554982283017	
3,0808898518649483	6,313223606668871	9,901932117953216	
3,0808898518649483	6,308603217308015	9,873955356836772	
3,076465891026704	6,3042147215102124	9,854963421924284	
3,0763994425051937	6,302846557878514	9,853555793069223	
3,0763994425051937	6,302027264808474	9,851192374210239	
3,064204614075247	6,298317682724604	9,851192374210239	
3,064204614075247	6,297044505859726	9,849024010547993	
3,0634000947805307	6,292134928147266	9,848138661263965	
3,0530210734403407	6,288923371712979	9,83872420849054	
3,0516598242624626	6,284728245919817	9,83872420849054	
3,0516598242624626	6,2810447684767	9,83872420849054	
3,0516598242624626	6,280319757213554	9,83872420849054	
3,0516598242624626	6,278018637550129	9,83299375686571	
3,0516598242624626	6,274333707064938	9,83299375686571	
3,0413024992604996	6,271144480139697	9,832499034405448	1,4904803219488596
3,0413024992604996	6,267930576440957	9,830037948044538	
3,0413024992604996	6,265520787042696	9,829975088461898	
3,0413024992604996	6,26271167622106	9,826149871993476	
3,0413024992604996	6,260655164272605	9,817912201816581	
3,039943818741729	6,257428410677112	9,817912201816581	
3,039943818741729	6,252719230646194	9,817912201816581	
3,039943818741729	6,2478720413794555	9,811174797030537	
3,039943818741729	6,245009968962503	9,811174797030537	
3,039943818741729	6,243651213522786	9,811174797030537	
3,039943818741729	6,24057923539019	9,806140760472514	
3,039943818741729	6,236107531472832	9,806073680385316	
3,039943818741729	6,2327580606058595	9,806060210223318	
3,039943818741729	6,2322482117641576	9,805878686210233	
3,039943818741729	6,22847097274752	9,803480325992831	
3,039943818741729	6,227459465978956	9,8024562408323	
3,0396392829275967	6,225808284394881	9,8024562408323	
3,0396392829275967	6,218034798886504	9,8024562408323	
3,0396392829275967	6,215919189876813	9,8024562408323	
3,0396392829275967	6,213189710572064	9,794522334446338	
3,0396392829275967	6,209251867535361	9,789101541075734	
3,0396392829275967	6,206030598204904	9,77831275983947	
3,0396392829275967	6,20226521841159	9,770233473138171	
3,038027223716864	6,199345255817377	9,761293739781935	
3,038027223716864	6,195905216860781	9,75609117797759	
3,0350486228084974	6,192397434915733	9,749879969477226	1,467746347817778
3,0350486228084974	6,190457467831307	9,748904712275998	
3,028145685487701	6,187769215257281	9,748904712275998	
3,028145685487701	6,183253326354837	9,748326350710503	
3,028145685487701	6,182629172668212	9,747946872369665	
3,028145685487701	6,178987473635239	9,747946872369665	
3,028145685487701	6,175389332318778	9,723736102734055	
3,028145685487701	6,17252540579468	9,723736102734055	
3,028145685487701	6,169171591549062	9,723736102734055	
3,028145685487701	6,167925042898017	9,71927535120023	
3,028145685487701	6,161719694075975	9,71927535120023	
3,028145685487701	6,1591453285256845	9,718906997724305	
3,028145685487701	6,154249270510983	9,717480531294457	
3,028145685487701	6,153573030726303	9,717480531294457	
3,028145685487701	6,149231363651564	9,717480531294457	
3,028145685487701	6,147570489856751	9,714288654382925	
3,028145685487701	6,142615072757575	9,713539876299016	
3,028145685487701	6,140917049801094	9,713539876299016	
3,028145685487701	6,138826331953435	9,713539876299016	
3,0272612313414426	6,134032304685487	9,705969373737107	
3,025664179923969	6,1323244346161445	9,69485737490469	
3,025664179923969	6,129868817220154	9,687019493720326	
3,025664179923969	6,126983832844349	9,680642474312693	
3,025664179923969	6,1255377804955655	9,680642474312693	
3,02563086337559	6,122756519371162	9,675780864351644	
3,02563086337559	6,121773372568513	9,675780864351644	1,4424103873317735
3,02563086337559	6,119815285148019	9,67330707799618	
3,02563086337559	6,118275606761307	9,67330707799618	
3,02563086337559	6,116309031409806	9,669852629394864	
3,02563086337559	6,1148376916087726	9,669347487262161	
3,02563086337559	6,113522531690577	9,669347487262161	
3,02563086337559	6,109207689310593	9,647389642307987	
3,02563086337559	6,10517762787044	9,618578197617444	
3,02563086337559	6,102003590013761	9,585312778483116	
3,02563086337559	6,100115874562662	9,585312778483116	
3,02563086337559	6,098624235312526	9,5795847594076	
3,02563086337559	6,096898209515539	9,5795847594076	
3,02563086337559	6,0937264221817635	9,579285630331684	
3,02563086337559	6,09139400300972	9,578866324251024	
3,02563086337559	6,0898422436643465	9,568859269286401	
3,0130381886339905	6,087291113225652	9,567947227680168	
3,0130381886339905	6,084402014189153	9,566484438885574	
3,0130381886339905	6,082745046785804	9,560823311693802	
3,0049841754204247	6,080544852078702	9,532432177652543	
3,0049841754204247	6,078154335731584	9,532432177652543	
3,0049841754204247	6,077556984206834	9,532432177652543	
3,0049841754204247	6,075733221102241	9,532432177652543	
2,999335007972103	6,071090604521589	9,516994239073478	
2,999335007972103	6,069074295463046	9,51649585353835	
2,999335007972103	6,068076119012899	9,516058579835628	
2,999335007972103	6,065053188365563	9,51537416481492	1,4183429543360722
2,999335007972103	6,064265422182939	9,51537416481492	
2,999335007972103	6,060782560040371	9,502281625011266	
2,999335007972103	6,059890526506514	9,501955305590965	
2,9991450804519193	6,055457665473236	9,492998698739637	
2,9991450804519193	6,054978884286095	9,492998698739637	
2,9991450804519193	6,053327411169115	9,49118100371841	
2,9991450804519193	6,048714089371154	9,490558439722479	
2,9991450804519193	6,047674496522364	9,48048344124928	
2,9991450804519193	6,0431302128831375	9,472956705076617	
2,9991450804519193	6,038462122430939	9,449882054441911	
2,996059264123385	6,033044748700552	9,44494137137277	
2,9804322778784558	6,0289850687890825	9,44494137137277	
2,9804322778784558	6,025664766730573	9,444807527431264	
2,9804322778784558	6,025044311470853	9,444807527431264	
2,9804322778784558	6,024764637235693	9,44474432481618	
2,980336935140076	6,023005547333774	9,43677675499277	
2,980336935140076	6,019851447572785	9,43677675499277	
2,980336935140076	6,015639776021815	9,419635227878556	
2,980336935140076	6,012982749673764	9,419635227878556	
2,980336935140076	6,012497923559559	9,4189110446171	
2,980336935140076	6,009954442493875	9,409918203433488	
2,980336935140076	6,007350381227342	9,40977315910976	
2,9653284850944686	6,00249597983129	9,35654434282914	
2,9653284850944686	6,000916701400546	9,35433835583406	
2,9653284850944686	5,9998557014495315	9,33331195806137	1,395491500658942
2,9650906246571345	5,997761854498753	9,326592369924414	
2,9650906246571345	5,996451529244362	9,326592369924414	
2,9650906246571345	5,992853407677818	9,313879928112353	
2,9650906246571345	5,991436226045732	9,309974493661773	
2,9650906246571345	5,98929311096684	9,309736594997212	
2,9650906246571345	5,9866558271215915	9,309512591710353	
2,9605395960093746	5,982859378488285	9,30944042702465	
2,9605395960093746	5,978885425891085	9,308373842761418	
2,9605395960093746	5,977220425456425	9,307145848446783	
2,9605395960093746	5,976563917927727	9,307145848446783	
2,9605395960093746	5,972991341452806	9,305682145449067	
2,9605395960093746	5,9709206960980135	9,296769788010643	
2,9605395960093746	5,969679731702521	9,296769788010643	
2,9605395960093746	5,9684550216131695	9,296769788010643	
2,9605395960093746	5,9675829572422945	9,296358186124246	
2,957051130854688	5,965113485315542	9,29299566087152	
2,957051130854688	5,964006974025938	9,29299566087152	
2,957051130854688	5,961861459848128	9,29299566087152	
2,957051130854688	5,959460173260271	9,278918012487699	
2,957051130854688	5,956847987228237	9,278918012487699	
2,957051130854688	5,955763618421367	9,275680348901636	
2,957051130854688	5,954409796156855	9,275680348901636	
2,957051130854688	5,952708619032365	9,275680348901636	
2,957051130854688	5,949784058806343	9,272914941875374	
2,957051130854688	5,948169682679224	9,272914941875374	1,3801435393059522
2,957051130854688	5,946320743982142	9,272914941875374	
2,957051130854688	5,944492374336594	9,264808821278377	
2,957051130854688	5,943224267005987	9,264808821278377	
2,957051130854688	5,941589981523473	9,26274115787755	
2,957051130854688	5,938893209436879	9,262218369736036	
2,95691424421048	5,937201213954066	9,245099857460218	
2,9557272821474614	5,9337100180478215	9,198102756805419	
2,9551735800947925	5,93036783151946	9,198102756805419	
2,9551735800947925	5,927796723355737	9,198102756805419	
2,9551735800947925	5,925440381147235	9,174829957101966	
2,9551735800947925	5,923721969828262	9,170559410984604	
2,9551735800947925	5,922533880490002	9,170559410984604	
2,9551735800947925	5,921720774025473	9,169196490240822	
2,9551735800947925	5,919121085556527	9,146263625709725	
2,9551735800947925	5,918253279769211	9,146263625709725	
2,955156754039082	5,91397199702997	9,146263625709725	
2,955156754039082	5,91223435623344	9,146263625709725	
2,954432049859654	5,909024812426904	9,130209310601748	
2,954432049859654	5,9078418486504924	9,130209310601748	
2,954432049859654	5,906174316050012	9,130209310601748	
2,954432049859654	5,9045458551777985	9,130209310601748	
2,954432049859654	5,903816767972524	9,130209310601748	
2,954432049859654	5,90117458013549	9,128433542730242	
2,9525300352315207	5,899707475700487	9,127981862612815	
2,9525300352315207	5,896963199487084	9,11730556703025	1,3546227999370393
2,9438492202454576	5,894518320583565	9,11730556703025	
2,9438492202454576	5,892508305677244	9,110852434989058	
2,9438492202454576	5,89183514358031	9,110852434989058	
2,9438492202454576	5,888423870645373	9,11080720768466	
2,9438492202454576	5,886983721471987	9,11080720768466	
2,9438492202454576	5,886194909913252	9,11080720768466	
2,9438492202454576	5,884828417124778	9,11080720768466	
2,9438492202454576	5,883753309293067	9,11080720768466	
2,941736592996412	5,881722786997371	9,096509934991618	
2,9403566336274363	5,878200492559373	9,064888844881112	
2,9403566336274363	5,876612131064187	9,062017983718526	
2,9272567474586855	5,871115455881509	9,062017983718526	
2,9272567474586855	5,86890465760184	9,062017983718526	
2,9272567474586855	5,868019964951137	9,062017983718526	
2,9272567474586855	5,865187046585367	9,059232116279913	
2,9271786067276184	5,8627788726319405	9,059232116279913	
2,9271786067276184	5,861157880976607	9,036744315880698	
2,9271786067276184	5,857910819655524	9,036671887818136	
2,90247984551891	5,85627519686469	9,036671887818136	
2,900370214790066	5,854988483318284	9,023918008036011	
2,8958154871611788	5,852818824982848	9,01729413782236	
2,8958154871611788	5,85056623084587	9,005840649140621	
2,8958154871611788	5,846422629028648	8,991455339880368	
2,8958154871611788	5,845108911601128	8,981013073356454	
2,8958154871611788	5,844049755930465	8,978459919061171	1,3387484869170208
2,8958154871611788	5,842923872392508	8,97203356621967	
2,8958154871611788	5,8421810435343025	8,97203356621967	
2,8958154871611788	5,8415794818856694	8,97203356621967	
2,8958154871611788	5,840593761855641	8,969887341858435	
2,8958154871611788	5,837099260852082	8,933959256859666	
2,8958154871611788	5,835474926117715	8,932085942258245	
2,8958154871611788	5,83297109867136	8,932085942258245	
2,8900859028016135	5,830610338750533	8,932085942258245	
2,8900859028016135	5,830173937234091	8,930604000276741	
2,8900859028016135	5,8284693656448034	8,930604000276741	
2,8900859028016135	5,826834115941581	8,930604000276741	
2,8900859028016135	5,824304803436995	8,930604000276741	
2,8900859028016135	5,823188794478304	8,930604000276741	
2,8900859028016135	5,821006179774272	8,930604000276741	
2,8900859028016135	5,819808260707984	8,930485673184151	
2,8892184283053126	5,818590011836642	8,930485673184151	
2,8892184283053126	5,816187900030911	8,918403910306637	
2,8892184283053126	5,81524269597775	8,914774105372269	
2,8892184283053126	5,812795367645313	8,914774105372269	
2,8892184283053126	5,81150172130436	8,910745082216378	
2,8892184283053126	5,810198691200498	8,910745082216378	
2,873732753329321	5,808041443522431	8,91065682012454	
2,873732753329321	5,807124460793508	8,909037053538615	
2,873078179858702	5,804803377399561	8,909037053538615	
2,873078179858702	5,803065393928332	8,907696131753262	1,3248247779563767
2,873078179858702	5,801956869486084	8,907696131753262	
2,873078179858702	5,799822219891588	8,907623793950513	
2,873078179858702	5,799171692548453	8,907046941259102	
2,873078179858702	5,798055242208603	8,90701882038451	
2,873078179858702	5,796906499451885	8,90701882038451	
2,873078179858702	5,795052785967636	8,89299421774865	
2,873078179858702	5,794140077016729	8,879591057570563	
2,8665209174001465	5,787904218637549	8,856874165661377	
2,8665209174001465	5,786803814179549	8,856874165661377	
2,8665209174001465	5,7858640670860275	8,856802621012571	
2,86533477226437	5,784748994636883	8,855996319795874	
2,86533477226437	5,7828772741442105	8,854555942633558	
2,86533477226437	5,781886498403151	8,854555942633558	
2,86533477226437	5,7787369901652275	8,854555942633558	
2,86533477226437	5,776729178659952	8,854555942633558	
2,86533477226437	5,77429443853111	8,854555942633558	
2,86533477226437	5,772788188378581	8,848742299617703	
2,8643146398784847	5,771173494355014	8,848742299617703	
2,8643146398784847	5,769889538376827	8,848742299617703	
2,8643146398784847	5,768225874490022	8,848742299617703	
2,8643146398784847	5,766638554027847	8,848684524325352	
2,8643146398784847	5,764874071464385	8,848684524325352	
2,8643146398784847	5,763840939507454	8,848668063430006	
2,8643146398784847	5,762947662603556	8,848668063430006	
2,8643146398784847	5,7609052883944765	8,848668063430006	1,3147727592541067
2,8643146398784847	5,759519316732485	8,845535970086042	
2,864159565087667	5,7587353248397	8,845535970086042	
2,864159565087667	5,7577465845979034	8,845535970086042	
2,864159565087667	5,7571714302236785	8,845535970086042	
2,864159565087667	5,7554445505306315	8,845510998872005	
2,864159565087667	5,751118084998464	8,845510998872005	
2,864159565087667	5,749544034451766	8,845510998872005	
2,864159565087667	5,747953815571185	8,845510998872005	
2,859842667867731	5,744617279491892	8,831023292787284	
2,859842667867731	5,743147747289114	8,830784634226573	
2,859842667867731	5,742585540488618	8,830784634226573	
2,859842667867731	5,741609583296519	8,830784634226573	
2,859842667867731	5,740376253802034	8,829156912262082	
2,856261755027355	5,739292034633226	8,819568629586303	
2,856261755027355	5,737102016092607	8,819568629586303	
2,856261755027355	5,735677531927544	8,819568629586303	
2,856261755027355	5,735193237088346	8,819568629586303	
2,856261755027355	5,735016299508715	8,819568629586303	
2,856261755027355	5,732469515589563	8,819171073665872	
2,856261755027355	5,729804783867797	8,819171073665872	
2,856261755027355	5,727852681789943	8,819171073665872	
2,856261755027355	5,726726042025797	8,819171073665872	
2,856261755027355	5,725971497342348	8,819027989412804	
2,856261755027355	5,725032138341799	8,819027989412804	
2,856261755027355	5,722707687599403	8,813414456175199	1,3052446560223785
2,8481457827264207	5,719846041040044	8,813414456175199	
2,8481457827264207	5,718593499171899	8,813414456175199	
2,847542057181701	5,717093473911012	8,804772665865228	
2,847542057181701	5,7157481577376466	8,80241411921052	
2,847542057181701	5,712861238131356	8,801846164663562	
2,847542057181701	5,71198014157701	8,801846164663562	
2,847542057181701	5,710165019312127	8,801812078656472	
2,847542057181701	5,707361555286794	8,767098420713989	
2,847542057181701	5,706978704998304	8,767098420713989	
2,847542057181701	5,705324734356754	8,767098420713989	
2,847542057181701	5,703589307814973	8,767098420713989	
2,847542057181701	5,700756627073554	8,757669980505502	
2,847542057181701	5,699301165661731	8,757669980505502	
2,847542057181701	5,696117665282441	8,738296439476779	
2,845219579197702	5,6941307108817965	8,738296439476779	
2,845219579197702	5,691519525654456	8,738296439476779	
2,845219579197702	5,688656923847434	8,738296439476779	
2,845219579197702	5,687510625765031	8,723298620749835	
2,845219579197702	5,686174205097555	8,708747536553814	
2,845219579197702	5,685687105456633	8,708747536553814	
2,845219579197702	5,683228874669515	8,708747536553814	
2,845219579197702	5,679176310659539	8,702307192833791	
2,845219579197702	5,677552468261195	8,701467527718352	
2,845219579197702	5,675491219905746	8,701467527718352	
2,845219579197702	5,674978036761277	8,701467527718352	1,2891839586663871
2,845219579197702	5,672315350972282	8,695175138981304	
2,845219579197702	5,6697206307141474	8,687817972027162	
2,845219579197702	5,6681863182564065	8,687817972027162	
2,845219579197702	5,667260513251085	8,687817972027162	
2,845219579197702	5,663902307745697	8,68175422982914	
2,845219579197702	5,66270508570268	8,68175422982914	
2,845219579197702	5,661929170858206	8,68175422982914	
2,845219579197702	5,660664261235121	8,676754639655098	
2,845219579197702	5,660503118966786	8,676490322064145	
2,845219579197702	5,659363712780606	8,676490322064145	
2,845219579197702	5,658729128269308	8,674021152843702	
2,845219579197702	5,65612615180455	8,672804122427102	
2,845219579197702	5,654864264409558	8,672804122427102	
2,845219579197702	5,652064679911524	8,670315073393166	
2,845219579197702	5,64952579338686	8,650996196742211	
2,845219579197702	5,647878719557764	8,641840470648441	
2,845219579197702	5,647259582524514	8,641840470648441	
2,845219579197702	5,644280442240725	8,640393164086486	
2,845219579197702	5,64309579920464	8,636846345290351	
2,845219579197702	5,639929612369043	8,635627915956768	
2,845219579197702	5,639521068718402	8,635627915956768	
2,845219579197702	5,6392905463761	8,635627915956768	
2,845219579197702	5,635978461661781	8,626423539314706	
2,845219579197702	5,635632138075287	8,625008185220665	
