127,83498179332146	302,7397123753249	496,84187542351305	82,59379111850006
127,80383567103628	302,69249459796936	496,77388263680956	
127,76391742116625	302,63024824657003	496,70036041191486	
127,72351392916157	302,5677016921516	496,6214793338447	
127,68082228972592	302,4804429207169	496,5410963788396	
127,61712849858043	302,3931163356799	496,39496003202095	
127,54200086811467	302,2716556097801	496,23050001102195	
127,42637961702138	302,1450222662858	496,095063541816	
127,32830402429228	301,976847776311	495,85678805395224	
127,24028743682551	301,8058355298776	495,61385848546234	
127,06985272237814	301,57253905507275	495,24779437073056	
126,93197049726652	301,3400615773232	494,93777956402954	
126,71374707833182	301,01184299837655	494,5738284263923	
126,52385376813841	300,6852086434938	494,1104369303774	
126,2426213261808	300,22651232538186	493,70180437489	
125,9010099205581	299,76908796706346	493,1571299189078	
125,53717624476907	299,1332601251585	492,44242000615986	
125,07179523965702	298,48338140580165	491,70195099920244	
124,50485736235468	297,63205885923776	490,5833245973775	
123,89999179091994	296,7760433170337	489,47383702670936	
123,1939485991003	295,5906325225094	487,9591013615718	
122,616639265274	294,4080076645219	486,78386307860455	
121,48674183715771	292,78901377807836	485,55650867875784	
120,43710129091583	291,1591916361283	483,7476282452541	
119,16919718645683	289,0453394880252	481,535987887055	
117,7464166838468	286,9469658831147	479,6793899289937	80,9413781081743
116,08851535004844	284,10447909742106	477,24869987022873	
114,28257958467923	281,2982993883214	474,362124037449	
111,24311818789128	277,5453606370869	471,9540482569436	
108,89514602041012	273,951898110716	468,5271111524906	
105,4930947330924	269,76787899405093	465,1189877537701	
101,9455907688794	265,4440701841389	461,4065025853958	
98,4684431652931	260,151944635989	456,59941339875047	
96,4117830914714	255,26577640666792	452,8459557515827	
91,54856944921917	249,7894125162586	450,1843967675071	
88,47541378801253	244,47638776378088	448,6020811725992	
85,67397767078512	239,08969313063434	444,79147449391417	
82,32966609700327	233,80585873892042	441,7839051467007	
78,69838893624727	229,115374087784	438,41752435979487	
75,66465218555498	224,29182516168194	436,23349881671	
71,77741525873877	219,71879867967516	433,51174090516093	
69,19292983298294	215,64699365439515	431,6090946565522	
66,41136557799341	211,10593899308623	430,20328883843683	
64,04274845868181	206,85517498559474	425,934494357538	
61,94316751292926	203,03688989158192	422,83013911958443	
57,83580213407874	198,75160703873826	420,9474207616454	
55,90544733372907	194,66585189942413	418,5003234366829	
54,418551365836564	190,5701548704622	416,35987508722536	
53,328146105042855	186,86294131724853	411,73374056483044	
51,82229951658383	182,85011422249758	408,8338019204056	
49,00504902319864	179,00554934816043	406,4360908743692	79,04875694519394
46,18366190668504	175,12752421622298	401,85362412549426	
44,83241632138195	171,34568463712375	399,40193893252274	
43,637695090574134	167,72788814052063	397,5488752821386	
42,33739563139059	164,3095277778733	394,37820910816686	
40,77681130259007	160,65939278696254	392,9822408587144	
39,901221962975725	157,33756105780438	389,88850068762804	
39,00779854983488	153,7960401455826	386,8645885118094	
38,092956756438966	150,5520120460211	384,4909325752802	
37,28953553689897	147,4241192064413	381,757501350034	
36,0634981587927	144,0328240699616	379,58104745822806	
35,366019832451755	140,7408909655094	375,36926079474733	
34,27638437078248	137,7343472776928	372,68076114900344	
33,70175463272685	134,96360417968776	370,1027189448193	
32,9107701641219	131,91345801043332	367,5806959498635	
31,826237938272314	129,0050627473037	363,760474513956	
31,493041697614846	126,34462159471373	362,2141133900716	
30,480127694451916	123,66820193185555	359,93778441770627	
29,48920458194089	120,94215075181707	356,7872367925067	
28,344313853421554	118,31883376470081	353,3753540791184	
27,710533348408948	115,82554832186827	350,0114444867064	
26,890434809259762	113,41792785193806	347,36517748148935	
26,3383018561626	110,908800657021	344,7522126778518	
25,442557942383242	108,62904018786138	342,31852423728907	
24,8507822388277	106,40174438242225	340,42784820838256	
24,167185186835	104,10262249667808	335,12864985283454	61,65919593444258
23,60600705545851	101,85493089224072	332,48859325435564	
23,200653421467468	99,68657820998507	328,06322405292406	
22,510431223808297	97,59944002840808	324,59177989128153	
22,062185184633044	95,50102448516036	321,39836571048477	
21,425383613585794	93,4316278481174	317,4016680472629	
20,95313581104373	91,50941325432944	314,3129347250869	
20,529769036218784	89,52124614159251	309,9942432288941	
20,02050604091734	87,6245248048112	306,0953501530166	
19,565790731595225	85,7692086310814	302,3295971395978	
19,198948723341395	83,79053710697404	299,2894493471982	
18,84440129897304	81,98460429124947	293,7788038254198	
18,287786854084406	80,32202373539852	292,14606175469163	
17,810024789698588	78,61236838223459	288,7304974472222	
17,222586175751882	77,02472641676755	285,0800601349217	
16,94893622081999	75,56712972054054	281,5645641647545	
16,58991122768585	74,07687466321164	277,97075987063994	
16,31108278707859	72,4787371540897	274,7315423895473	
16,151531375508863	71,12328297611568	270,68300897503553	
15,872087540537914	69,75833845810249	268,924298178698	
15,474094732975274	68,2973537879735	263,7214852262066	
15,26627032724506	66,93087106667436	261,2327099407861	
14,82665598397867	65,71577384591691	257,292436161445	
14,558791912369001	64,38273596150029	254,79556079998784	
14,224582302260686	63,094484756718686	251,2852291654405	
13,941601093440754	61,99125033104197	246,56422967494018	43,28609013133915
13,777681117154618	60,86054940141478	243,6578811478047	
13,36496711857747	59,68655291674534	239,56663803971813	
13,053601881375908	58,54715566625817	236,3338307637765	
12,947836100775383	57,52021435084241	233,7678846702899	
12,558043717585416	56,402982746528	230,82146692413662	
12,515768156147615	55,43659226745447	229,13742261928329	
12,40378603033961	54,427791755332336	227,4124963716499	
12,100487001601737	53,439207832784774	223,04524889751553	
11,90405181183123	52,42323866878622	219,68089467456775	
11,604915622127137	51,44178617003993	217,40645074779692	
11,377965702345648	50,521376494514435	215,49013118199747	
11,24112110391217	49,5178476993218	213,1157658152532	
11,116248029878683	48,580512094974395	207,73273549851498	
10,901319670628036	47,82878806543485	205,9220125493257	
10,782634181558814	46,972888982302436	203,06381750452695	
10,660245351435323	46,08439371986653	201,27767293204877	
10,44641771645277	45,23506301648412	198,0465622637642	
10,254494036369206	44,540446255307344	195,93936014205295	
10,18401912254141	43,844848038945955	193,18839774865177	
10,046468534516706	43,12151896691108	191,41909763233616	
9,993486415690487	42,39271923597237	188,7184831776922	
9,76656846812553	41,72066393292153	186,39980507191567	
9,661342480675382	41,00879044838611	184,24559078319314	
9,485390622962353	40,298709708682026	180,9992643013624	
9,419885165006242	39,701479449592476	178,37191363836607	29,690879637040215
9,292648734161931	39,10676389918172	175,07107591245028	
9,168527007397952	38,53578150063714	173,1449443283753	
8,969686946629274	37,9767192976946	171,44696211897204	
8,861750340531211	37,35204874631881	168,56032146373207	
8,807841555121678	36,834054547518626	165,81660861903185	
8,754198603524113	36,29268467844261	164,05205574156662	
8,598174971173133	35,73118055665203	161,68542124043339	
8,461852663483343	35,17951524440963	158,12443756960948	
8,45734503180999	34,63214106420689	155,61395326949386	
8,381636667902633	34,1254894614422	154,20605829405557	
8,34133454870382	33,62215873623801	151,89559923270355	
8,157620756191337	33,12157884544377	149,04471737623456	
8,043844446467478	32,60969806119731	146,50550282948188	
7,952823358222861	32,18122173221346	144,56714630905185	
7,918938816594979	31,723817858816236	142,63497882627115	
7,708744818552377	31,312413256172405	140,03571887794044	
7,645416419250559	30,88386875326826	138,9214062725647	
7,619867418049219	30,39835202680198	136,8838661833382	
7,526230447928341	29,96622378157454	135,13925295615664	
7,401617114410036	29,56798193372939	133,3541671918669	
7,279554278838919	29,206910482162044	131,86874126351648	
7,207387171293204	28,907203351906333	131,1447856139134	
7,18056917860095	28,559452416129062	129,63197577501992	
7,127584048420106	28,231601500337796	127,99451597324774	
7,04081954834807	27,882955945900907	126,41397585893972	20,52365984185073
6,9611519416310355	27,49697748247303	123,87590813586077	
6,889684657257822	27,16579702465312	122,5483332135782	
6,823512815591639	26,830762506028446	121,3502723476697	
6,7725543513855575	26,509583675690948	120,72885394184941	
6,760545596254714	26,173784796343583	118,81023237987479	
6,750298237252419	25,885292618249736	117,31368631649076	
6,694582229420091	25,59794365917451	115,80557031253694	
6,694582229420091	25,307032342119225	114,49852942998834	
6,6643973519013455	25,02287322623745	113,16335049989706	
6,628752310636591	24,736975999236805	112,00419973743625	
6,583042522817184	24,478764531781113	110,67825744112906	
6,566815297494298	24,229774144698794	109,1086880957848	
6,462004749073048	23,93523339822117	108,1607261993165	
6,441154928535176	23,658483875535694	106,72301788774139	
6,3734739806090355	23,37523910547136	104,646559549749	
6,367027608641693	23,17099330595088	103,60242968322422	
6,2550171105529735	22,95888929730438	102,5443281185288	
6,238324932004236	22,744046884081687	101,77582978506103	
6,172961517090483	22,50829528750509	101,26795043472265	
6,11172521981049	22,24333008920629	100,06237418612673	
6,103256326753007	22,01557418798478	98,9020468324407	
6,0231664387275545	21,7836545728282	97,56114412075756	
5,9747444597891395	21,600225138184527	96,38393208901464	
5,9520232701814795	21,417442824030136	95,64066594354259	
5,917680766092037	21,21935835898911	94,61503039677477	15,292139935075616
5,902592880544346	21,012895266995542	93,18486673061237	
5,84568317810182	20,812696588223304	92,13854903452133	
5,788790740197945	20,6010514914013	90,29167482685662	
5,772691995424233	20,41132080763231	89,18567197800789	
5,756633379540039	20,249356735771748	88,39362554881653	
5,741278725768038	20,090051482134967	87,71739047956416	
5,704455710948692	19,89852645409099	86,85701881569729	
5,703580314021972	19,74317748080986	85,96630722786898	
5,693765575918093	19,569155669839052	85,02319671623454	
5,658718020944147	19,389623928506726	84,3760357895645	
5,642740802714335	19,232081443474723	83,51872525274823	
5,642740802714335	19,08213289073734	82,91888569270617	
5,6125510114135455	18,902102195000378	82,09537934614697	
5,5697078788350405	18,744649844312914	80,06795974690458	
5,524526293586917	18,608333951742154	79,67014834809027	
5,52123302160764	18,480697561522668	79,22344510945116	
5,487247439218035	18,334842512766805	78,65247788544025	
5,429886651435678	18,199989477776256	78,31831628303125	
5,3839787820807805	18,054123141820995	76,84379849090963	
5,351527791144157	17,910681108039572	76,14423914131322	
5,351527791144157	17,789901497559764	75,52274932696783	
5,295022498808107	17,66017355533955	74,61292970187172	
5,295022498808107	17,53460186945108	74,25035781537	
5,2745378312494395	17,398182175611083	73,03670795151858	
5,273287383557124	17,2971701675908	72,8348563015583	11,877987424283198
5,267646082762371	17,187321987481624	72,24454585029355	
5,252034923203711	17,07710396914077	71,99966704198314	
5,225134259776046	16,932013992370813	70,75540516938283	
5,184877356434974	16,811972382731025	70,27171826110757	
5,1553606633343865	16,664053136664837	68,8866571642858	
5,060480497181854	16,540705138578822	68,08070789538722	
5,051607780475863	16,42550474552667	67,74972639581799	
5,042854608285221	16,313983620250614	66,99752238032292	
4,991048787233222	16,19727452755745	66,56679901107074	
4,941992018929845	16,084220432817343	65,79539317575814	
4,915618447702744	15,984451976826604	65,34592797656506	
4,908641801758854	15,89868684135036	64,57990779354297	
4,908641801758854	15,801044355948738	64,12821369930708	
4,908641801758854	15,703773052263749	63,623107274295634	
4,871764192220566	15,593825697122456	62,68123607676459	
4,834306191304471	15,499407709151937	61,79649964115408	
4,822643485600064	15,385270982508958	61,207907952218946	
4,769588458846606	15,286383029784906	60,74630878379192	
4,746533321608471	15,18974778495338	60,60188337627232	
4,745475861594498	15,095043242137333	60,260855850073206	
4,732674093088305	15,001711942245484	59,744715951193946	
4,710647328740721	14,924621600171104	59,416894464581944	
4,710647328740721	14,830755485755606	59,145008343229705	
4,688925679317963	14,7464639631935	58,48442118962033	
4,662872424029894	14,672922502864687	58,27991994363944	9,527127072725763
4,662872424029894	14,588391643769109	57,950253664018575	
4,649189018585968	14,514541696225413	57,62421628554041	
4,639858309409996	14,405390766843796	56,62824997638966	
4,589934450065169	14,331575147558647	56,055352407202896	
4,579733787053454	14,25959282182046	55,994114989500865	
4,568641623569485	14,184710591889871	55,36209478630489	
4,568641623569485	14,122383786114888	55,19504910071048	
4,550672607771278	14,045578179059863	54,91829219298695	
4,531823560692878	13,970371420277598	54,375397561933596	
4,52277277895219	13,903799639502147	54,20861713454371	
4,505155054359904	13,82407791522536	53,95184693321095	
4,500708385024454	13,756944784731576	53,32617322123467	
4,488489720760461	13,704906742477483	53,04108241961755	
4,4780322422864804	13,631208643028513	52,55259770544583	
4,445638040391662	13,5682066640135	52,308908499492674	
4,435163538346734	13,497131386877939	51,812995471551886	
4,425053460247643	13,414270547793445	51,11795964469438	
4,416491844621083	13,345321387292628	50,56356088075152	
4,416088253972244	13,278483129310214	50,34156525203737	
4,404265082353509	13,221102390519533	50,05398295637494	
4,397887487930898	13,163364290383821	49,934412597024895	
4,372146000825314	13,10396033039202	49,32773526565952	
4,366125035698627	13,029006458278554	48,76317478011145	
4,352077545279938	12,957731663639178	48,52685558886199	
4,338751497306943	12,891642301461022	48,32076199945491	7,960842777114303
4,331586640601112	12,8341198526361	48,1585238561997	
4,331586640601112	12,78551110190018	47,95102543201756	
4,331586640601112	12,727851547264855	47,64729116161926	
4,329996482329246	12,67996854490457	47,51158677357834	
4,322069340069579	12,623575155244648	47,285271476134604	
4,307096079361388	12,559822129264237	47,070856979096305	
4,296206414999732	12,487504924039808	46,72202095715362	
4,278118983654229	12,441031203849555	46,59491692582673	
4,255226005955649	12,40182709940675	46,41136883635262	
4,250145861812605	12,365353100525704	46,34518318224602	
4,239353922120329	12,313846729530065	46,16594914043452	
4,239353922120329	12,267467973587275	45,91879699559473	
4,23361394192528	12,200779575193105	45,52437936560819	
4,1933669044682595	12,153195053707039	45,4446439493021	
4,185218858512513	12,108825910965336	45,17259869468026	
4,1845489353373555	12,067166982737758	44,94301816423294	
4,183250953371488	12,015937973669018	44,50891011279626	
4,175667420492548	11,965800817707887	44,23605080339493	
4,163236564870844	11,911278454249295	44,06843251220454	
4,142040037203751	11,870726073531259	44,016367327417626	
4,141933829101708	11,823967840384912	43,69055020872855	
4,1304631814474515	11,786071861505619	43,50024475027175	
4,102064525028785	11,733972112826208	42,94358869844626	
4,056954611627364	11,685666705516585	42,69595772442321	
4,023965216985874	11,634788304728952	42,40993843262205	6,9565342556744065
4,016357454378893	11,593796211379313	42,25127909711662	
4,015445083264646	11,564214901105402	42,22580045202157	
4,0086151616212735	11,527709074831382	42,05475790710722	
3,9896734172271806	11,491741920566245	41,86403616332301	
3,968136109643228	11,446410010825192	41,58410720352602	
3,9679940602037744	11,39820224344409	41,31334304564741	
3,9679940602037744	11,359198313572987	41,043381902026695	
3,9666855873745464	11,306693938997006	40,97553408992267	
3,9518850752182106	11,256621203728708	40,64026921629369	
3,9344862346657776	11,21117957875641	40,48121279836599	
3,917588377681375	11,178372297675885	40,28064237553917	
3,9143869630750636	11,126756344576126	39,38060052687447	
3,9143869630750636	11,089975267046038	39,27079690260731	
3,8873195052872918	11,052399284114182	38,93545484161913	
3,883722484278902	11,006445650162373	38,60746981205595	
3,8704745882150373	10,980657853369165	38,50635750567701	
3,868692075756345	10,944263174127116	38,3487181938708	
3,8639369302582396	10,9051063734293	38,247177786710274	
3,8436238139710235	10,87005916874225	37,91689688336715	
3,840301565812344	10,839421502556013	37,84252169811024	
3,815423711438853	10,7853474447657	36,930799755785934	
3,8033401475091857	10,753976948818101	36,69743573907202	
3,8025302717945446	10,72181503449135	36,58200332379344	
3,801309483569593	10,678850788423182	36,10098410291056	
3,7972694234538307	10,64589719620759	36,007726362047876	6,029495401181536
3,7935117185697442	10,608339081192469	35,79681183261852	
3,7738473489584177	10,573961125608337	35,64639934976685	
3,7708404107429323	10,546928228767975	35,57959770401308	
3,757826646073362	10,521526532871002	35,502774047651684	
3,7381270728141853	10,48956586947342	35,45103035012954	
3,7381270728141853	10,460333474791717	35,42620298373012	
3,7381270728141853	10,43027599492451	35,29487269476552	
3,7274994672523496	10,400423873174873	35,23700252316376	
3,7266531492376886	10,367334883220378	35,16589261885379	
3,721231217000818	10,343368669117913	35,15588720535429	
3,721231217000818	10,321637326536438	35,14670588991633	
3,704892974638723	10,296636978095062	35,122019044466285	
3,704892974638723	10,271494714992198	35,04124579946777	
3,6816433556765293	10,24589341927833	34,9394456155051	
3,6575788628245145	10,21348837796787	34,530894177828124	
3,6575788628245145	10,184711640108631	34,504160388054586	
3,6575788628245145	10,148714031567446	34,330724863671485	
3,6565154879247617	10,113692932193352	34,06101762769405	
3,6565154879247617	10,081551317427824	33,69569000519743	
3,655878913023447	10,045157511120214	33,03421254592779	
3,653565763218653	10,019411781387515	33,025080187990646	
3,647537667570709	9,995704147354465	33,01174078644681	
3,647537667570709	9,96952744464953	32,90448675539014	
3,629466350856348	9,951829289900001	32,89709157318882	
3,629466350856348	9,92564121354964	32,87996086544455	5,502952528926247
3,613286417564877	9,89627746432109	32,58330856542168	
3,5854919318892335	9,860778623775898	32,00630345246651	
3,5813436278739594	9,83313120908581	31,905980328058664	
3,561324808479739	9,80639106828976	31,80621143157432	
3,558639706451584	9,785177026659822	31,785079996373387	
3,5515022038104083	9,74613742964037	31,290316702937307	
3,549166939291664	9,721878436862989	31,2622049725335	
3,548307149721698	9,702950118199446	31,09256574849732	
3,536942181703523	9,682901353902253	30,851286121119532	
3,5119061001655583	9,659642200370326	30,765482257598435	
3,5119061001655583	9,63030511917109	30,20584202798536	
3,5119061001655583	9,600201870405652	30,1291741707246	
3,5111382853018807	9,58117443950997	29,81551065980654	
3,4869097945242427	9,56252664347446	29,787311192871726	
3,4869097945242427	9,538109844017775	29,721468929405006	
3,484789521871022	9,52131069204152	29,640903399005712	
3,4812822292987526	9,503178282080674	29,588127415428236	
3,477499269634338	9,475411960016025	29,53568900053589	
3,4708741441865016	9,447630745414132	29,47352019239672	
3,4559185723459183	9,428572370312374	29,460161257139216	
3,4543016764604726	9,404809329369748	29,407287628237018	
3,442956296670037	9,39002145746814	29,407287628237018	
3,4373249839492312	9,37697619616333	29,39698862006724	
3,426073583222508	9,357173263064	29,339456709606	
3,4253502088747974	9,335601780552153	29,28574380224368	4,929860854895289
3,4019091015315035	9,309937941256544	29,222737963500858	
3,39050648167335	9,292318673543747	29,194525775856647	
3,39050648167335	9,266935133294966	29,149890815902328	
3,39050648167335	9,243350522611152	29,129893641490685	
3,3834204277407594	9,219403873196796	29,077890611502976	
3,3834204277407594	9,201094939764957	29,03088374637573	
3,3688635603664405	9,180052757729342	28,851481239864018	
3,3688635603664405	9,158313310460867	28,798408805180784	
3,3688635603664405	9,135664397890102	28,709664507726192	
3,3688635603664405	9,119967033260458	28,694207790324572	
3,3581674183212793	9,10052974924144	28,682497293683287	
3,3581674183212793	9,074443522520374	28,5278110319619	
3,3399458680697687	9,056663457494707	28,38548704492298	
3,3384975368854324	9,042368604094497	28,346685155288764	
3,3384975368854324	9,026858169437268	28,24914005480783	
3,335163958954795	9,015024212141824	28,248759841398968	
3,335163958954795	9,00103575521429	28,178663587651464	
3,330151866817163	8,983609982810666	28,16171640553089	
3,319716206452439	8,964066947016114	28,058318449159675	
3,319716206452439	8,944686379286884	27,868667511251015	
3,289096598895982	8,927665477895962	27,745442487589518	
3,289096598895982	8,908169248873563	27,709024347277126	
3,289096598895982	8,893613865948426	27,688930885746633	
3,283199736739209	8,878001769440681	27,64412993442695	
3,283199736739209	8,861257179777695	27,558536982018282	4,665275815833511
3,283199736739209	8,84281752214224	27,47486765438307	
3,27937863960097	8,826267208413752	27,461119233957042	
3,2654017835143265	8,80361617490272	27,42731334027149	
3,2555593038355477	8,781195415455743	27,40344990607005	
3,2537082936021102	8,759266535591161	27,377588080240272	
3,2516190918425183	8,739508225022242	27,336836060977962	
3,246653101671381	8,722735836123409	27,333610588011396	
3,245185358076658	8,706449398679036	27,28800560048296	
3,245185358076658	8,68604367964576	27,24414815085453	
3,245185358076658	8,675947988152638	27,171736773668304	
3,2418081972824906	8,661581242585893	27,13355385131544	
3,2216946418855654	8,643171934559266	27,075146260882097	
3,2216946418855654	8,626764568624662	27,038587252315306	
3,2216946418855654	8,608649475550243	26,97379082387153	
3,2215345290855324	8,594168717392979	26,964132704368115	
3,220882844102994	8,583113029741812	26,85746539132921	
3,2152504608946813	8,561593360043096	26,779061531288292	
3,212343089278862	8,547240998173278	26,72321867898823	
3,21034824034414	8,531946196009855	26,707601721028936	
3,200631754728459	8,514843485548088	26,63902424994968	
3,196796929222963	8,501438241074837	26,556028996727647	
3,196796929222963	8,490976081153951	26,548185586384236	
3,1864932417654734	8,478943033509246	26,51744987997254	
3,1864932417654734	8,46480396294994	26,482586220359316	
3,1864932417654734	8,44809918113903	26,401201684005265	4,461931262119824
3,1864932417654734	8,43251200882443	26,28874288566758	
3,1830145239277696	8,414251490398975	26,253948737264	
3,1830145239277696	8,387625900323057	26,24782502028972	
3,181518507993908	8,375027851028234	26,22223419317778	
3,1692989014621187	8,367859562007085	26,183406592362786	
3,16050287085368	8,353257619995688	26,15697225970002	
3,158283082757533	8,337300477379266	25,947570566260097	
3,158283082757533	8,321687605878052	25,932415358830845	
3,1389427415793705	8,298997398578459	25,903489481080374	
3,132429207913047	8,285496363603432	25,872379956514465	
3,128330735249706	8,274034012495754	25,83796658900486	
3,128330735249706	8,256967336159061	25,835417361729046	
3,128330735249706	8,241780754654092	25,729177114205882	
3,128330735249706	8,22737844158259	25,60336653605279	
3,128330735249706	8,215594710323483	25,601289376165123	
3,1120141980200224	8,193448169805697	25,601289376165123	
3,0975678280959333	8,175728630940652	25,569545815082463	
3,0890546818367373	8,157898994149233	25,528959668168216	
3,0717160515991333	8,134339065172377	25,51838409220203	
3,0717160515991333	8,114473294902844	25,476717831736714	
3,069015445693383	8,096538944935231	25,4748816484985	
3,069015445693383	8,087149717581404	25,433012139065344	
3,0606002434666344	8,075975167601836	25,433012139065344	
3,0606002434666344	8,059611053068528	25,399122098585654	
3,0606002434666344	8,047343117329529	25,336816799781914	4,14852364684893
3,057348291462964	8,030897818983913	25,33670985075912	
3,050754561819267	8,013429745907365	25,320335988519304	
3,041904001987661	8,002258271156212	25,304184795480708	
3,0355466859170104	7,992589344126274	25,281875462358418	
3,0355466859170104	7,975951727126495	25,206744455687446	
3,0344158885256256	7,961756276359221	25,147935170604217	
3,0344158885256256	7,950160417967594	25,12347716646315	
3,029532190382416	7,937039598888511	25,08206916955065	
3,0056257644467745	7,921520369157915	25,06328875838532	
3,0019121476860335	7,9106905590630605	25,02945364600341	
3,001630095697316	7,896004588259241	24,99977764456628	
3,001630095697316	7,8857808432033565	24,968067716406807	
2,997013982589106	7,870572575768698	24,964516030679437	
2,997013982589106	7,859258536506672	24,93082787901706	
2,997013982589106	7,846471100908006	24,92351620087241	
2,997013982589106	7,830787089166154	24,922041241050547	
2,9942525370001767	7,814238528746704	24,866579413626184	
2,9815364962883426	7,8022981567775345	24,83386421635013	
2,9804748944103836	7,792146716692647	24,817346517349897	
2,9804748944103836	7,784616607074117	24,803955387291825	
2,975467462300522	7,77485984588764	24,803955387291825	
2,975467462300522	7,7630718822057485	24,791618267169056	
2,975467462300522	7,754846594353641	24,791618267169056	
2,975467462300522	7,745819309217349	24,791618267169056	
2,975467462300522	7,735424938340247	24,784872188105137	3,9901731798637923
2,975467462300522	7,718316733431898	24,77996070176997	
2,9599849901720052	7,700310854942594	24,77996070176997	
2,949127121511899	7,6865633229049415	24,708649410744957	
2,949127121511899	7,677498950440684	24,70358127550571	
2,949127121511899	7,667590772275025	24,678813581343253	
2,9482343741824555	7,657729039998758	24,63707469498849	
2,9482343741824555	7,649893142041532	24,62045955714101	
2,9465084765372462	7,638247013850413	24,61080559834224	
2,9465084765372462	7,628236530028825	24,59991261684076	
2,9376952315057654	7,618903801713998	24,59243792707948	
2,9325787715421905	7,607126842916092	24,583782652520846	
2,927329151985092	7,598749224691222	24,583782652520846	
2,927329151985092	7,586453270282345	24,55135333020663	
2,927329151985092	7,575760932304329	24,44265416964212	
2,918919581189414	7,567067559987579	24,42621228412195	
2,9179587758661643	7,5562728776056804	24,42077055618007	
2,9087862183613122	7,54009691679781	24,414506059460543	
2,9087862183613122	7,528445873080558	24,385154831976262	
2,9087862183613122	7,5198586188221075	24,367204696745524	
2,9087862183613122	7,507753412930257	24,292777608249807	
2,9087862183613122	7,500680205694635	24,280370192151686	
2,900400624858087	7,489901395675772	24,182458249837044	
2,8991730887924727	7,483252378815309	24,182458249837044	
2,8991730887924727	7,452919523001944	23,1411305840351	
2,8991730887924727	7,444784072288419	23,1299779617254	3,7118727614744063
2,8991730887924727	7,426130618490225	22,64218628651458	
2,897968566509824	7,414659923760953	22,64218628651458	
2,891365013540006	7,406107234723961	22,620258113685992	
2,8832736167311004	7,393805482148043	22,58616196758984	
2,8832736167311004	7,382441501163751	22,559295193590142	
2,8832736167311004	7,372870552997991	22,528377634114875	
2,8832736167311004	7,360023975336393	22,497784682347472	
2,8793454390432207	7,341499829176103	22,196242951338228	
2,8793454390432207	7,3319075652514	22,18493456376993	
2,8793454390432207	7,321179630592767	22,124581747801145	
2,874278679253189	7,308038771848174	21,83200231322446	
2,873652853325906	7,297895899070722	21,828569580103164	
2,871498687258326	7,284918000907119	21,82669179881722	
2,871498687258326	7,27672721587939	21,76888368424394	
2,8372864294462112	7,26824460088101	21,756235078023302	
2,8372864294462112	7,2605391285102465	21,750408463084568	
2,8372864294462112	7,255295046313888	21,731704978081417	
2,8364649387455554	7,246756741744909	21,609660362560458	
2,8364649387455554	7,239401847749579	21,609660362560458	
2,8364649387455554	7,232106158384186	21,605098336545456	
2,8356716973321827	7,224258008903884	21,602385163357802	
2,8287633044307814	7,212862353639689	21,368004312524853	
2,8275043048479778	7,203621258404016	21,35490121502859	
2,8262225666400314	7,195836566304126	21,35209729013254	
2,8262225666400314	7,185733259011163	21,343938517115497	3,446114875913959
2,825211047348944	7,178505230539007	21,326901993338947	
2,825211047348944	7,17553093179466	21,326901993338947	
2,825211047348944	7,164341670909465	21,29083734284981	
2,825211047348944	7,157150370886178	21,29004066639027	
2,825211047348944	7,147739412272632	21,285865469754825	
2,825211047348944	7,138293309968954	21,16692455049217	
2,825211047348944	7,12927423800688	21,11623387625204	
2,825211047348944	7,120941434942601	21,11547574974678	
2,823346910576554	7,112031908210103	21,100273866642983	
2,813523376839027	7,100736407183383	21,049324258653495	
2,813523376839027	7,087901370303689	20,777248545215922	
2,813523376839027	7,081070823771121	20,776839788565677	
2,810746635387271	7,0743775821559485	20,726930604862588	
2,810746635387271	7,065058159334867	20,694644217999652	
2,810746635387271	7,053468056925521	20,67884261351003	
2,8100795641837704	7,048116060960343	20,643902795210234	
2,8100795641837704	7,040228243478279	20,59340120064272	
2,8100795641837704	7,032152736307308	20,549904789758703	
2,8100795641837704	7,018636693488959	20,4406406724525	
2,8100795641837704	7,0131100468414775	20,41992388003613	
2,8099477531868344	7,003383911928628	20,41965935605926	
2,802416425840676	6,993616729966414	20,389783675001308	
2,7997705404016857	6,983090276053175	20,333693608944923	
2,7997705404016857	6,972435377126032	20,304064585127893	
2,7997705404016857	6,965664262100502	20,28136972902446	3,2779264417394507
2,798959439335415	6,955502576177339	20,28136972902446	
2,798959439335415	6,943860399479679	20,254753361639743	
2,7985615407654576	6,936472511246572	20,25240920839432	
2,7985615407654576	6,927155128375266	20,201353811020255	
2,7985615407654576	6,91872269159018	20,17054021451786	
2,7948080836279727	6,908671912405531	20,17054021451786	
2,792875715914893	6,89871490316941	20,166232917536835	
2,792875715914893	6,888630598909998	20,16529875179667	
2,792875715914893	6,882772060791695	20,162951507335187	
2,791076460170811	6,875547348189733	20,12683438345349	
2,791076460170811	6,868813233689858	20,12683438345349	
2,791076460170811	6,863501354521474	20,123070469801963	
2,791076460170811	6,8558969042488425	20,060605196581122	
2,791076460170811	6,849205184452788	20,049360082342066	
2,7904690293184187	6,844275896564803	20,035278670280878	
2,789303543210118	6,83650550353063	19,982601344330725	
2,7838803152478637	6,825548652952772	19,943237472622574	
2,7838803152478637	6,8187609883639	19,943237472622574	
2,7823747954832743	6,812877131998228	19,943237472622574	
2,7719580213637727	6,800314449329097	19,810943603981684	
2,7719580213637727	6,7957860311955445	19,80687089149189	
2,7719580213637727	6,787536187111729	19,726686756445666	
2,7719580213637727	6,780069751282805	19,723899727812256	
2,7719580213637727	6,7745988975508045	19,70939653528085	
2,76901562096277	6,767339454204599	19,70939653528085	3,182529654270484
2,7668034283977287	6,760612702491669	19,70939653528085	
2,7642206059239727	6,752153803990675	19,685364402332983	
2,762760394512037	6,746096990481773	19,665627802564213	
2,762760394512037	6,738179841345548	19,657725585051438	
2,7620069522477	6,728478243698447	19,61730255342962	
2,7620069522477	6,72137417310568	19,596432158726845	
2,7620069522477	6,712999003286905	19,589449601573428	
2,7620069522477	6,7094485257871925	19,579111089936344	
2,75938248434387	6,703882463593065	19,558804153373384	
2,75938248434387	6,698604838193851	19,51254022676148	
2,75938248434387	6,6916095141272125	19,471573291475234	
2,7576513785180077	6,684743905298518	19,460248868851682	
2,7576513785180077	6,678466192650464	19,460248868851682	
2,7576513785180077	6,670629477879044	19,460248868851682	
2,7576513785180077	6,664738979711393	19,421991941843608	
2,749255903802663	6,659475831455662	19,42156649710365	
2,749255903802663	6,655321151290105	19,41946373496146	
2,7452384803354524	6,642219290955183	19,412650290428324	
2,7452384803354524	6,636343000131219	19,389447313992854	
2,7452384803354524	6,627869200696641	19,3753289387557	
2,7452384803354524	6,62312319920189	19,3753289387557	
2,744195026122889	6,61873567585744	19,3753289387557	
2,744195026122889	6,612707457614034	19,35165385718186	
2,743768054170835	6,603929191435741	19,265260609780547	
2,743768054170835	6,593069311727794	19,234362579332338	3,1092619053323265
2,743768054170835	6,585938848249623	19,21673641715831	
2,743768054170835	6,577945165680905	19,157896369296576	
2,7388873666817948	6,5715741465792235	19,11461937476913	
2,726702405631595	6,564816751553728	19,11230119481668	
2,718782558449683	6,559477326901341	19,099596006076602	
2,718782558449683	6,552600164299448	19,05809877279311	
2,718782558449683	6,545877099807035	19,054836069479208	
2,718782558449683	6,54009253009795	19,054836069479208	
2,718782558449683	6,5323486883281054	19,03450883051395	
2,718782558449683	6,526260811747615	19,02290438381855	
2,718782558449683	6,51847829001304	19,007572914928218	
2,718782558449683	6,512734050087363	19,007572914928218	
2,7178722602597896	6,504067922791926	18,974513690057112	
2,717559640076635	6,492732156028394	18,953815656304503	
2,7142496222322596	6,487309982668928	18,910682700381525	
2,7096284437592675	6,482521813979573	18,898638334943943	
2,7018229573101524	6,478828689713817	18,89447028419482	
2,698582407456584	6,473719067665132	18,882048783015613	
2,698582407456584	6,469090910334953	18,86854320029009	
2,676210957631269	6,463118938910679	18,86854320029009	
2,676210957631269	6,454203307812944	18,819526048564047	
2,676210957631269	6,447288532303029	18,80327947528224	
2,665837386230163	6,4416100820365205	18,795523198336852	
2,659366666838167	6,434925107779845	18,794414468375034	
2,659366666838167	6,4281265380450225	18,78108562271695	3,035552062946421
2,6575718672802604	6,422724837444902	18,777344234341793	
2,6538969354371136	6,416904458425291	18,777344234341793	
2,6538969354371136	6,411760943176867	18,76154548101161	
2,6538969354371136	6,4042008708293	18,735630364140956	
2,6509973517296896	6,3992958208843955	18,735630364140956	
2,6509973517296896	6,391530358156232	18,67613105382055	
2,6496062902592867	6,38684708102218	18,674045870341466	
2,649602999261652	6,380333287776454	18,66489335779486	
2,649602999261652	6,376207727514099	18,652165509498033	
2,6483652011708716	6,370720891142041	18,649705539899987	
2,6483652011708716	6,366196220747961	18,633333276270665	
2,6483652011708716	6,359715161860232	18,625990596988	
2,6483652011708716	6,357075056469109	18,62589811578506	
2,6483652011708716	6,346991606559481	18,60234700882354	
2,6451818673916194	6,342798230606908	18,60234700882354	
2,6451818673916194	6,336574490612524	18,541731520297265	
2,6388459571959344	6,33156288490377	18,523590442915136	
2,6380178854981455	6,326625497771536	18,523590442915136	
2,6380178854981455	6,323552184232169	18,523590442915136	
2,6342580599993157	6,317355242258259	18,450982508693382	
2,6342580599993157	6,313859765120435	18,450982508693382	
2,6342580599993157	6,309416256382491	18,44348238597648	
2,6342580599993157	6,305877253684363	18,44234460559462	
2,631245153065633	6,2973766506709445	18,44234460559462	
2,631245153065633	6,292268960603142	18,44234460559462	2,986223565807842
2,630444544533189	6,287559931669993	18,400123408828083	
2,630444544533189	6,279842076924695	18,390160232215592	
2,630444544533189	6,274133330699609	18,338642224549865	
2,6247550673605855	6,265450059403711	18,334687256095535	
2,6247550673605855	6,258674132708357	18,30988332333249	
2,6247550673605855	6,25321622220878	18,308549158434978	
2,6247550673605855	6,250144463695444	18,30360205142152	
2,6232377494797827	6,24401192719132	18,29904856117112	
2,6232377494797827	6,238159267063765	18,29904856117112	
2,6226484602131355	6,231960091429746	18,291899732526197	
2,6226484602131355	6,2282008389302055	18,287893883983802	
2,6226484602131355	6,224294369725126	18,241883767579083	
2,6226484602131355	6,219338051572801	18,237478892442926	
2,622534775556969	6,212683912260989	18,23718556966506	
2,61923267853148	6,205713177925981	18,215033066514067	
2,6172429630699305	6,198841797753679	18,18710858957818	
2,6172429630699305	6,195775875984017	18,18691727163161	
2,6172429630699305	6,191176983485816	18,18691727163161	
2,6172429630699305	6,186136046834207	18,18448959968348	
2,6172429630699305	6,180572891866462	18,181478081610923	
2,613160072668744	6,17485061656194	18,122030698516316	
2,613160072668744	6,169230541673106	18,122030698516316	
2,613160072668744	6,1669641248551885	18,122030698516316	
2,613160072668744	6,163304390189439	18,076771576337563	
2,609558567608678	6,158014785557694	18,068662759750044	2,924083794132273
2,609558567608678	6,155479512712119	18,06442122384995	
2,609558567608678	6,149443276072877	18,050383626264455	
2,609558567608678	6,143843914475886	18,050187364696896	
2,609558567608678	6,136545423299797	18,013227531631273	
2,6076098066628766	6,132082045807692	18,013227531631273	
2,6076098066628766	6,125400000365064	17,965907872561253	
2,60280266844783	6,122292255341185	17,956459511433312	
2,60280266844783	6,118802413625562	17,956459511433312	
2,6022168306166176	6,114404738876458	17,919418860953527	
2,5998635444568605	6,107098371898548	17,90547936456509	
2,598269073223416	6,1012271770643	17,899413646933986	
2,598269073223416	6,096225191357581	17,899413646933986	
2,598269073223416	6,089375269788982	17,899413646933986	
2,5981444761630326	6,083924972267877	17,899044662715415	
2,5981444761630326	6,08035272462629	17,877637407105002	
2,5967438565419734	6,073944941373544	17,866929902747657	
2,5889529787836345	6,070815677978492	17,85859930379529	
2,5889529787836345	6,06279710343726	17,83642409533793	
2,5889529787836345	6,058949504771881	17,821735281961843	
2,5883293451675415	6,051308475846531	17,773070562945477	
2,5799953077190354	6,046956246483746	17,773070562945477	
2,5799953077190354	6,044968098559365	17,73651171462754	
2,5799953077190354	6,040493056282446	17,727083940960107	
2,5751758973016052	6,03664263462225	17,686449816847052	
2,573867007451093	6,02868397090702	17,66213235718084	2,860711660417373
2,573867007451093	6,025100712732609	17,654327300504086	
2,55078083022085	6,021721188258404	17,654327300504086	
2,55078083022085	6,015367119451562	17,65416449765831	
2,55078083022085	6,011680580506912	17,625272369518925	
2,55078083022085	6,005883782839091	17,625272369518925	
2,550368695459602	5,998622513687606	17,621236670465944	
2,550368695459602	5,992461862696973	17,609409869425075	
2,550368695459602	5,985467431499514	17,600871925414992	
2,550254212649456	5,982225471962314	17,600871925414992	
2,550254212649456	5,979972286679233	17,600871925414992	
2,550254212649456	5,975853338432997	17,600871925414992	
2,550254212649456	5,970658254974943	17,596904310882447	
2,550254212649456	5,962563857099845	17,58572314916271	
2,550254212649456	5,956905973098105	17,579088326641823	
2,550254212649456	5,953666201106392	17,579088326641823	
2,5496759696822924	5,947752526560077	17,579088326641823	
2,5496759696822924	5,942538643680631	17,579088326641823	
2,5496759696822924	5,937489281862878	17,579088326641823	
2,5496759696822924	5,9322735541715925	17,579088326641823	
2,5496759696822924	5,926488009006679	17,56971870709042	
2,5493605071896193	5,920351102823742	17,56425964207837	
2,5493605071896193	5,916367290491186	17,561247856167927	
2,5493605071896193	5,9130073349536625	17,524794342625995	
2,5493605071896193	5,908959292527757	17,524794342625995	
2,5493605071896193	5,903677939151192	17,516407034155705	2,8145982261017544
2,5493605071896193	5,898563343496469	17,51622949674659	
2,5493605071896193	5,894065997879755	17,509370561208595	
2,5493605071896193	5,889962008209177	17,50901220536417	
2,5493605071896193	5,884977850530066	17,40113102344099	
2,545211818693509	5,880383407503493	17,386624765863385	
2,545211818693509	5,8758227461351025	17,382415157187747	
2,545211818693509	5,8716415289679915	17,38128832998158	
2,545211818693509	5,866202522417176	17,369616550833772	
2,5440676618318356	5,858257385968297	17,281495742968765	
2,5440676618318356	5,847525631621111	16,899940595195407	
2,543785213256991	5,844035095314776	16,895582598375235	
2,543785213256991	5,840396615694325	16,873462927428488	
2,543785213256991	5,83563825198186	16,873462927428488	
2,531968792499484	5,8280254837282985	16,777426615539312	
2,5318474104162014	5,82381948503779	16,776702374989043	
2,5297869561668334	5,805929693872266	16,130071231038052	
2,5297869561668334	5,790577682822824	15,679477342919348	
2,5297869561668334	5,788580824685183	15,679477342919348	
2,5297869561668334	5,783612807039158	15,679477342919348	
2,5280990746331935	5,77980218014627	15,677686586609331	
2,5280990746331935	5,771641005414086	15,652816993427926	
2,5280990746331935	5,760852438285622	15,533639113392413	
2,5280990746331935	5,7595844476311	15,52510168383469	
2,5201701916452697	5,757220776657806	15,517559441928974	
2,5201701916452697	5,746420137043169	15,167382129899108	2,473099645786858
2,5196754277218822	5,742722619544644	15,161687242622124	
2,5161347838720967	5,737201282398844	15,144618386834566	
2,5154663926282446	5,728918473990596	14,986878884445243	
2,5154663926282446	5,7213054862384976	14,898876072427216	
2,5154663926282446	5,717481169941863	14,834438438523732	
2,5057274582864157	5,712870702873317	14,817648324722589	
2,5010383189386927	5,709578120667129	14,817648324722589	
2,5010383189386927	5,6997702475570895	14,505699620413097	
2,5010383189386927	5,6961921234986335	14,436081928985486	
2,5010383189386927	5,691651390917486	14,43341675193466	
2,5010383189386927	5,685791884494935	14,41972583155205	
2,4986405218799077	5,683396551965268	14,41972583155205	
2,4986405218799077	5,680447121492789	14,413470403733161	
2,4986405218799077	5,675998234876549	14,355521012365392	
2,498507514173146	5,662534155638063	14,069158848854778	
2,494946458655734	5,657701918621407	14,066349545199346	
2,482383182703161	5,65326655081138	13,988106602250888	
2,482383182703161	5,648966859807732	13,979157419115708	
2,482383182703161	5,62381610700609	12,95678847166135	
2,482383182703161	5,616511499830587	12,758952670674212	
2,482383182703161	5,600487422575925	12,137886872890085	
2,4739236568964937	5,595745802614324	12,09354086614393	
2,4577022240837065	5,59263477341954	12,08370665247325	
2,4577022240837065	5,589820939223209	12,08370665247325	
2,4577022240837065	5,581974072399129	11,874203257807443	1,9979898764264334
2,4577022240837065	5,578085257609465	11,84604135338509	
2,4577022240837065	5,575477459749711	11,84604135338509	
2,4577022240837065	5,573113100059094	11,84604135338509	
2,4577022240837065	5,571234211995723	11,82461686412235	
2,4577022240837065	5,568611490666882	11,819601027082344	
2,455329408606463	5,563038464218936	11,815666482363174	
2,455329408606463	5,559599727389187	11,815666482363174	
2,4463668703367385	5,5550838421425155	11,815666482363174	
2,4463668703367385	5,551110828592216	11,72250940299757	
2,445146726915334	5,547023343225345	11,707887653729854	
2,445146726915334	5,545127390397513	11,684449086041559	
2,445146726915334	5,541977505600387	11,684449086041559	
2,443984019483298	5,5391435899534915	11,677093805455852	
2,4428025344596005	5,534852234087862	11,677093805455852	
2,4390855537319593	5,5316462748295585	11,66130224292002	
2,436615828897268	5,526616752893046	11,66130224292002	
2,436615828897268	5,522252557420483	11,661188509759565	
2,436615828897268	5,520657561737104	11,661188509759565	
2,436615828897268	5,518735508906754	11,621116931582044	
2,436615828897268	5,516024922281727	11,621116931582044	
2,436615828897268	5,509561553820531	11,470384318428357	
2,436615828897268	5,506927360228226	11,470384318428357	
2,436615828897268	5,503152475381424	11,434068796862482	
2,4300871045883867	5,498813249822538	11,380675678696932	
2,418280882224318	5,496500688420246	11,380675678696932	1,9161298222713006
2,418280882224318	5,4932413630583445	11,372471618881125	
2,418280882224318	5,491043023960848	11,372471618881125	
2,418280882224318	5,488425486889692	11,372471618881125	
2,418280882224318	5,485342048301875	11,372471618881125	
2,418280882224318	5,482058730789401	11,372471618881125	
2,418280882224318	5,476502036058318	11,364147439978652	
2,418280882224318	5,472997772547866	11,36182885429708	
2,417404820512205	5,468678569545984	11,345430300287001	
2,4125500207246873	5,463490394335285	11,33854920885155	
2,4125500207246873	5,459669044626146	11,337750907915074	
2,4125500207246873	5,4557642736201055	11,326221434373235	
2,4125500207246873	5,453426703451469	11,325392790849037	
2,411930253336924	5,447593508432982	11,313468169879528	
2,410674373405605	5,443719682959824	11,310679970449101	
2,410674373405605	5,441938097661408	11,309017462544805	
2,4099603081924035	5,437592682979601	11,296668696170487	
2,4099603081924035	5,433096756675345	11,296668696170487	
2,4099603081924035	5,430176089918792	11,29636018269303	
2,4099603081924035	5,42722504877913	11,29636018269303	
2,4099603081924035	5,423115932755352	11,280136550287496	
2,4099603081924035	5,420749747636324	11,280136550287496	
2,4099603081924035	5,416895454712315	11,27859194988269	
2,4099603081924035	5,4143417173819435	11,278269042614156	
2,4099603081924035	5,4123672491368415	11,262327158099025	
2,4099603081924035	5,410038231885507	11,23204644965838	1,8793621253763093
2,4099603081924035	5,407630160937315	11,223633016530327	
2,4099603081924035	5,404330972504216	11,182851020046785	
2,4099603081924035	5,401729699094329	11,167512810709296	
2,4099603081924035	5,395085192774242	11,040500120818278	
2,4099603081924035	5,393040801438812	11,040500120818278	
2,4099603081924035	5,390232233642149	11,021275792739116	
2,403132615860096	5,387394012895362	11,009299428215026	
2,403132615860096	5,384461682103005	10,984037539974668	
2,403132615860096	5,379410174654029	10,984037539974668	
2,403132615860096	5,375590396867283	10,8867586728242	
2,403132615860096	5,373693230693989	10,880671784900352	
2,39681032994277	5,3687381034106805	10,87476625939228	
2,39681032994277	5,36486896883295	10,868025858912146	
2,3914331544389187	5,362029040266208	10,866305263968451	
2,3914331544389187	5,357999037509987	10,858832242959119	
2,3914331544389187	5,355096640993629	10,858262692588822	
2,3914331544389187	5,352620514101646	10,853128869956793	
2,3862094873650546	5,34792495372298	10,763824527527715	
2,3862094873650546	5,341946493629546	10,761614571755054	
2,3862094873650546	5,339095040538541	10,72004016440628	
2,3862094873650546	5,334499299101603	10,71108954735112	
2,3862094873650546	5,329050152637402	10,705623064639758	
2,3862094873650546	5,323982063821213	10,703297485309628	
2,3862094873650546	5,32108113299147	10,703297485309628	
2,3862094873650546	5,319016598197083	10,700205022354073	1,7958671257593535
2,3862094873650546	5,316188950812471	10,700205022354073	
2,3862094873650546	5,3119734616908545	10,687222749221098	
2,3862094873650546	5,310326555512253	10,687222749221098	
2,386075041992655	5,3068562928458896	10,687222749221098	
2,386075041992655	5,303528911439643	10,677838218795896	
2,372136631432969	5,298616517252118	10,660740302738452	
2,372136631432969	5,295868117027164	10,653294215388279	
2,372136631432969	5,291823107354337	10,647700121574019	
2,369655076281107	5,289364244194697	10,643209210436366	
2,369655076281107	5,286406316749341	10,627821596442768	
2,369655076281107	5,284740809520599	10,627821596442768	
2,369655076281107	5,2841389257770865	10,627821596442768	
2,369655076281107	5,28000172286014	10,623501684982774	
2,36880556964968	5,274767988898666	10,61908565513231	
2,36880556964968	5,271603517103986	10,612123686825846	
2,36880556964968	5,267994328899352	10,612123686825846	
2,36880556964968	5,265010078425828	10,610294664136063	
2,36880556964968	5,263117871264453	10,610294664136063	
2,3664421439112946	5,257126390232886	10,588727046239859	
2,3664421439112946	5,254587285114601	10,587203751420878	
2,364901778289509	5,250207163028232	10,57803587237517	
2,364901778289509	5,247270841660164	10,577173635510585	
2,364901778289509	5,241084485662787	10,577173635510585	
2,364901778289509	5,236156359164372	10,577173635510585	
2,364901778289509	5,232673161249506	10,577173635510585	1,761336697710621
2,364901778289509	5,228845517387914	10,577173635510585	
2,364901778289509	5,226727395227301	10,577173635510585	
2,3638855301939863	5,223512029992109	10,575079052008684	
2,3638855301939863	5,222094647094769	10,575079052008684	
2,351404630821894	5,220488310729857	10,572474534936607	
2,3487420090715174	5,213250929512127	10,509846297932965	
2,347638487737743	5,211233653364461	10,504482271957784	
2,347638487737743	5,2043237618741065	10,48152227402307	
2,347638487737743	5,201540751371795	10,48152227402307	
2,347638487737743	5,1984586500561765	10,479092067420122	
2,347638487737743	5,196879092025998	10,476236176773586	
2,343890873187713	5,194197198196445	10,44128124722795	
2,343890873187713	5,192184909055085	10,44128124722795	
2,343890873187713	5,190201203351515	10,436943501906944	
2,3420574970348484	5,188016705829641	10,434643392135683	
2,3420574970348484	5,184649184097541	10,434643392135683	
2,3420574970348484	5,181442331600044	10,434643392135683	
2,3420574970348484	5,179143153665596	10,434643392135683	
2,3420574970348484	5,175918485835195	10,407629188330889	
2,3420574970348484	5,174425887413068	10,407629188330889	
2,339545568037367	5,170619538534154	10,386901749779884	
2,339545568037367	5,169335453425501	10,386901749779884	
2,339545568037367	5,167166480584846	10,386901749779884	
2,339545568037367	5,163850269398445	10,380450706593287	
2,339545568037367	5,159924264700253	10,365742800786666	1,7275926019186243
2,323148720878089	5,1580475630168925	10,365742800786666	
2,323148720878089	5,156163398532991	10,364790466912252	
2,323148720878089	5,153658288462964	10,364132239613056	
2,319925265846332	5,152384927068413	10,360446371877028	
2,319925265846332	5,148807244180973	10,358235640042347	
2,319925265846332	5,144846392339859	10,358235640042347	
2,319925265846332	5,143687067924419	10,351344007372093	
2,319925265846332	5,140868234991769	10,351344007372093	
2,319925265846332	5,137987949850467	10,273516713976589	
2,319925265846332	5,134780161097069	10,273425827489786	
2,319925265846332	5,130976571811937	10,265217695808097	
2,319712918719956	5,128351409150431	10,263936274611405	
2,319712918719956	5,125573747274769	10,225519033394145	
2,319712918719956	5,124050705796887	10,225519033394145	
2,319712918719956	5,123174989282105	10,225519033394145	
2,319712918719956	5,12137775326821	10,225519033394145	
2,319712918719956	5,116553987390718	10,190032617876845	
2,308178033693721	5,113158197864486	10,190032617876845	
2,3066620656428456	5,111439754153142	10,187269981255833	
2,3044573961576647	5,109569955294223	10,187220025721944	
2,3044573961576647	5,105423338862217	10,187220025721944	
2,3044573961576647	5,1030539488257345	10,18397541831599	
2,3044573961576647	5,100243034091094	10,17762076922449	
2,3044573961576647	5,098493296722941	10,174801438197608	
2,3044573961576647	5,096650813426804	10,174801438197608	1,694666231138455
2,3044573961576647	5,094988927751187	10,157965813691954	
2,3044573961576647	5,091246181211104	10,157893694037652	
2,3044573961576647	5,0894479069764715	10,157267320046666	
2,3044573961576647	5,08768757413319	10,155259632681929	
2,3044573961576647	5,084676649278619	10,155259632681929	
2,3034230115815477	5,081681806426352	10,155259632681929	
2,3034230115815477	5,080390157713149	10,155259632681929	
2,3034230115815477	5,077684063524253	10,155259632681929	
2,3034230115815477	5,075000343221172	10,155259632681929	
2,301582251449763	5,07168545151257	10,155259632681929	
2,2997514986799827	5,070011339461691	10,131439992300034	
2,2997514986799827	5,067156409377528	10,128098006058517	
2,2997514986799827	5,062924658374203	10,128098006058517	
2,2997514986799827	5,06031440618892	10,127378780918995	
2,2997514986799827	5,0589336865715735	10,127378780918995	
2,2950815864667873	5,057039851882256	10,127378780918995	
2,2950815864667873	5,05503624313746	10,127378780918995	
2,2950815864667873	5,053902866518666	10,118298838102916	
2,2950815864667873	5,052750010200054	10,113560857613981	
2,293922505171588	5,049658689212644	10,110678357232997	
2,293922505171588	5,0470328241099445	10,110678357232997	
2,293922505171588	5,044292617214964	10,105074821041166	
2,2813684540402663	5,04201344460149	10,105074821041166	
2,2813684540402663	5,036328769799574	9,94557203265328	
2,2797806161594223	5,0328199041660335	9,94557203265328	1,655590909946023
2,279057988267412	5,030520000618598	9,945559684285763	
2,279057988267412	5,029646858662218	9,937120445113358	
2,2697486427402294	5,027162076621227	9,934440448013891	
2,2697486427402294	5,025668557633146	9,934440448013891	
2,269008808323704	5,023988366361306	9,932924974757306	
2,269008808323704	5,022061279271691	9,932924974757306	
2,269008808323704	5,019495751072905	9,930672718550198	
2,269008808323704	5,018085338624623	9,930672718550198	
2,267653754595566	5,015414124346584	9,930672718550198	
2,267653754595566	5,01406365772178	9,930672718550198	
2,2646061165184252	5,012308133743705	9,930136169776503	
2,2646061165184252	5,009549937769128	9,929919289323612	
2,2645992210577304	5,004874748460072	9,929919289323612	
2,2645992210577304	5,002913585072979	9,929919289323612	
2,2645992210577304	5,001360178565473	9,929919289323612	
2,2645992210577304	4,998654581437735	9,926344227472354	
2,2645992210577304	4,996238139707488	9,920458467685656	
2,2645992210577304	4,993314627549675	9,920458467685656	
2,2645992210577304	4,990915998503521	9,89827596208565	
2,2595999371297015	4,986911321128827	9,89131202912023	
2,2595999371297015	4,985246816363333	9,886423591509278	
2,2595999371297015	4,984172441631384	9,879286905704388	
2,2595999371297015	4,979066983031192	9,848101396651801	
2,2595999371297015	4,9766065079240915	9,83982917477149	
2,2595999371297015	4,972717246217061	9,814243498976829	1,6293659877233395
2,2593626509199325	4,969501895803753	9,814243498976829	
2,2534496724662123	4,966678338086146	9,814243498976829	
2,2534496724662123	4,965245953223129	9,814243498976829	
2,2534496724662123	4,9636586527599516	9,800099184185205	
2,2534496724662123	4,960876922126597	9,798059663710262	
2,2534496724662123	4,958327860131857	9,766965670372729	
2,2534496724662123	4,9549490005203	9,743436084731766	
2,2534496724662123	4,950674912750814	9,743436084731766	
2,2534496724662123	4,94886491925047	9,704395688784963	
2,2534496724662123	4,9460261555493465	9,691081421291694	
2,2534496724662123	4,943473785150494	9,654629804478828	
2,2534496724662123	4,941460995867029	9,653619445708129	
2,2523207674633996	4,938521365571111	9,646029715699681	
2,2523207674633996	4,935233630109783	9,640602219102085	
2,250431860881948	4,93327426416764	9,640602219102085	
2,2499158066205003	4,930922602232485	9,640602219102085	
2,2491800065997767	4,93015495627953	9,63817593002378	
2,2491800065997767	4,928547802336647	9,636908184095825	
2,2491800065997767	4,926035716828695	9,636134633156953	
2,2477778899210583	4,921041540051033	9,632613162602327	
2,2477778899210583	4,9194003606923244	9,631738430924308	
2,2477778899210583	4,918335566681696	9,631738430924308	
2,2477778899210583	4,916988054476457	9,631738430924308	
2,2477778899210583	4,915003891902175	9,631738430924308	
2,2477778899210583	4,914482504931002	9,631738430924308	1,6027735829280434
2,2477778899210583	4,913777531582948	9,631738430924308	
2,2477778899210583	4,9109446232875555	9,618606063374388	
2,2477778899210583	4,909002670929488	9,618606063374388	
2,2477778899210583	4,906551471930264	9,613151499066454	
2,2418170994671085	4,905052604524997	9,613151499066454	
2,2418170994671085	4,9019698226618535	9,590891152473288	
2,2418170994671085	4,900565743585971	9,58217395192702	
2,2418170994671085	4,899232773329917	9,58217395192702	
2,2418170994671085	4,8961007732626705	9,578636099154375	
2,2418170994671085	4,894278188711666	9,570041098962221	
2,2418170994671085	4,891795633760224	9,565976038183567	
2,2418170994671085	4,890561272105794	9,565976038183567	
2,2418170994671085	4,889440407485101	9,562894420294484	
2,2285413722087455	4,887457174256371	9,562894420294484	
2,2162300271032347	4,883346003891436	9,53375165537413	
2,215936650781202	4,879546601951493	9,527135629149587	
2,211239845443059	4,876951037207057	9,520137637939936	
2,211239845443059	4,875657255846509	9,511813881336328	
2,2031735358565636	4,871878559329883	9,501429680120758	
2,2031735358565636	4,869172260339209	9,49503509544372	
2,2031735358565636	4,868201916314849	9,49503509544372	
2,2031735358565636	4,867034331187163	9,49503509544372	
2,2031735358565636	4,8641331204411555	9,49503509544372	
2,2020995216224617	4,862888011372334	9,488408709272457	
