2066,4276131014635	4055,093572731876	6085,727098177186	892,6126144142014
2007,0069935411877	3983,169049952863	6019,9307037968	
1954,9071240741614	3868,7873787234885	5921,023061282358	
1933,576022471189	3770,258842546199	5837,275033947753	
1873,9675444655952	3635,0674317744183	5737,693745036099	
1823,8423175270832	3520,8485947326994	5562,113913978443	
1778,516808968835	3407,7671161709445	5402,787438871542	
1751,929077330033	3321,5309347204143	5282,188698555738	
1682,7478791280055	3228,5749775329546	5124,605026787539	
1638,8569174081913	3147,9974708497534	4929,735912283384	
1611,4126529961752	3070,520489760173	4740,298035566356	
1590,942398858509	3006,8510735103587	4610,803349259419	
1556,4871565056997	2937,600518580786	4534,715732228833	
1523,1037150658367	2872,692641637282	4375,489921421893	
1467,6099749612154	2798,942183037078	4256,15804256065	
1427,0522767397376	2732,1930711541213	4163,160057696958	
1337,8634164644218	2646,9520696789014	4051,0463071675567	
1291,0593763814818	2576,623807805468	3960,079658542253	
1241,0386487647754	2509,852881490093	3883,512371314292	
1199,9068979639408	2451,479197407639	3813,8948664735617	
1144,951815793044	2387,4372942312098	3731,4660589876016	
1060,0807525515388	2327,935322120242	3662,80635619361	
1021,9341317798436	2268,925491941604	3585,7779714527824	
981,8174123748898	2210,4931440582145	3546,5987544310665	
941,494592868686	2152,473201182234	3485,364576737924	
911,902219511242	2099,8713236715635	3419,9735779872058	539,2233707641668
881,2099594826183	2051,3126490366544	3368,231323065966	
833,782268690716	1996,4133945304345	3289,5670333335834	
812,6536364260896	1954,273007436353	3255,990723943121	
782,0167725527401	1906,5857204096815	3174,4453918819736	
746,6541225596964	1861,3073037794027	3103,7361011916564	
724,8999203858668	1817,2015932155812	3058,132509566289	
703,4486153099393	1777,8209808030713	3016,43489010135	
685,4107120374002	1739,923768939803	2970,384925246671	
672,2858015708817	1701,1081570554709	2925,1328661266384	
654,0832947083801	1665,481180272979	2873,440954143724	
631,3351868054558	1627,8580640832085	2828,2753914845343	
600,1923443595853	1593,3824142552867	2775,6001011828957	
578,9357782995995	1559,8124597981002	2733,8278970142383	
560,2409785073044	1526,2376607258423	2682,390347374458	
543,0639038771378	1494,77994275119	2649,3807970738108	
532,9801783648952	1465,3048208124371	2614,4978480902473	
518,0030852036713	1433,0797606130022	2586,027893259968	
505,9176826302574	1405,2468982302028	2542,877180192886	
494,98249865271026	1377,0767197085797	2508,7824262776103	
478,07556669570636	1349,707594979751	2462,232956127117	
469,71081093312523	1322,9154020438118	2424,124765147806	
461,83157692303547	1296,3283025569622	2381,707969323572	
452,54294051783427	1270,2906391312706	2341,2171039240757	
446,5000360015749	1247,1111427211313	2300,4782095202295	
434,33257940084326	1221,7028746059423	2271,2158998247814	421,6688584345964
425,7316442243723	1198,9520709203885	2239,8647653967946	
414,22601015838103	1176,617612171502	2219,523553177145	
405,0862774550414	1156,3905237234808	2197,1238808246662	
399,31358360413134	1136,5026469951915	2170,7029264246403	
393,38980090773606	1115,597795741691	2145,412164920364	
388,24829040520575	1096,033791968287	2121,456295207862	
377,9945260474126	1077,7815283722757	2107,209318067155	
371,0246956916515	1058,0297688604796	2074,6001237953465	
367,1427036500299	1041,2629356919474	2042,7517063291548	
357,1586068460758	1024,2671373654432	2013,974249663338	
354,18357176983886	1007,2806962038442	1986,6699098971862	
347,6776649203464	991,2355880279885	1959,116433445947	
343,174172942288	973,4653399651903	1928,2149523437213	
337,9436532910674	958,2648916154341	1900,6647242364152	
331,1097345702983	943,2952853273913	1879,010909415084	
327,90833859163496	927,1884033168031	1863,679551710253	
324,7033869565204	912,200680246204	1840,6756771975342	
317,6074890225815	897,9150036416265	1810,823407216309	
314,69447635074624	884,1886030330929	1797,1662594874704	
312,0417427595311	871,1946398754267	1782,0864835225602	
307,42919232241957	858,0918884029302	1760,3699327169786	
305,6172238858348	845,866144951601	1731,8457176923773	
301,02813118081775	835,1763598173882	1714,6544930076736	
293,561407315074	824,1943794308613	1686,0159860925226	
293,0077898748493	812,8641092331089	1664,2633457008953	315,8664936219573
288,1844426894136	802,061029361111	1638,703933976833	
286,17338366623767	790,1475494809283	1620,6200357821704	
280,9405920031975	779,5633490530222	1598,8349857788132	
278,1054907484672	768,6410968169367	1583,251701710203	
276,89235166227814	759,3407689450796	1570,3061234594616	
273,74084073112317	748,8133803559017	1541,1391304086815	
271,84956645726675	740,0539845794141	1526,5509092069444	
269,43343405776056	730,8347662176159	1510,4970484085034	
267,522792190647	721,3577883499305	1496,431363533174	
264,1323639791586	712,7378052681258	1477,4967279307334	
262,75750684927135	704,2879500438872	1471,0784948380547	
260,25600156320326	696,0197242104086	1459,8736474397042	
257,7518879926624	688,9061325596339	1447,5596684078864	
256,7224047069821	681,3707946590724	1435,3994136980775	
253,2251727964016	673,5314109112754	1416,7446617377955	
252,42707677784654	666,1055509105753	1399,5863753192045	
250,57075947415962	658,175139292594	1387,01997840736	
250,10319916657912	650,4249163241676	1369,6116854990971	
248,20343725920688	643,3463964657958	1349,4651724786354	
246,77159505339213	637,0722866627136	1337,988851021128	
246,3963045151244	631,3426749164997	1332,6653529470682	
245,23264685997117	625,9744450711796	1324,6821492085041	
242,04142065376635	619,9911816704289	1317,3082338585666	
241,0837583472932	613,9429988096172	1304,40348974297	
239,64716540320725	607,6547935980344	1294,6856809986532	231,56438712664948
237,93862267390162	602,6176823811763	1282,438122094011	
236,7427660141944	596,8776888425552	1268,6781561861912	
235,29062442642268	591,5175851373451	1255,3983490295655	
232,98012492547295	585,5265459600952	1235,6271321941101	
232,1495848162425	580,2247898916106	1225,451026756337	
231,34606651894995	574,7099324970474	1213,8292094893143	
230,73180483174517	569,8138849075845	1209,6313195134103	
230,2498250639016	564,8739794510827	1204,0402876643668	
229,49316654194095	560,1540362441706	1191,73046231591	
228,06180685221997	555,9879002307981	1182,9952411235226	
219,3592144258704	551,3654670751316	1177,1785124806158	
218,52765063814476	547,6967419919581	1162,4984530969973	
216,97707414600924	542,8213999301777	1155,1125482012885	
216,86935245789863	538,9683548835168	1139,397843185032	
216,11906261177478	534,4792665236581	1134,280459228184	
215,32026973320455	531,0790307073341	1120,5104389326739	
213,9259281227926	527,9232407835351	1112,9041188165481	
210,54293990287027	524,706885060181	1105,429164935461	
210,04848919374098	520,2141313360289	1096,003953035172	
209,6087761937372	517,0806101418945	1086,9013805215773	
208,6586202511113	513,5003658718813	1080,1313941507217	
204,1359407074008	509,80267749578707	1070,1666472515533	
203,97205521793737	506,7972357292563	1059,5220959970293	
203,25812020920938	503,9957339046356	1051,9292188101822	
201,4773729856124	500,5800230517426	1043,0904724755846	173,89975637863137
201,10080962598855	497,9261024837986	1038,7183753182571	
201,00840318728618	494,9194138299962	1029,2981669946128	
200,46005413582162	492,1730179672053	1024,0979632430242	
200,10668837985577	489,2573502245293	1014,5797155698806	
199,80047124593978	486,4609434958853	1004,2612431925253	
199,80047124593978	484,1224252705473	998,1133883492819	
199,29193913606926	481,6360744315069	994,3931709515438	
199,06863923155493	478,66513523681175	988,2655201903736	
198,84445270567332	475,77206642443724	975,382359008465	
197,89343973067153	473,7385408307385	969,5455414536559	
197,1733028016027	470,9273254020803	964,0418068326644	
196,69348983526586	468,98955172939947	957,5368139466223	
195,78300176959377	466,86416543410996	951,827046426031	
195,44871396909846	464,782694992956	942,7600742945386	
195,44871396909846	462,27620601520925	931,6964746763742	
195,18489551570127	460,1718770281026	927,749145152883	
195,18489551570127	458,43714473929634	926,0249713806654	
194,83294012109806	456,2545512749735	921,4713648003966	
194,79197624437526	454,093993151316	915,3483993855896	
194,74990435798745	452,04710317772253	906,9947474968349	
194,30847906539933	450,1423995488489	897,4388553650901	
194,14506511299416	448,073729119921	892,8357155699663	
194,14506511299416	446,2385367087505	890,5823344531751	
192,83322625436773	443,8868322623858	884,4889554708785	
192,82814631084057	442,04071636061855	871,2383107965364	140,5216518089797
192,459264529171	440,218994655346	866,0542597977937	
190,4164613114815	438,1101397704555	859,6287192040744	
190,18009973030294	436,52720479761183	853,8388145012863	
189,99878017211896	434,6977436539049	847,4207265478954	
187,77171409711448	432,96941077047245	842,4543694551679	
187,6380254700755	431,2032843258258	839,4040239420207	
187,5902869265839	429,6940920569603	835,710364437875	
187,22301223464524	428,1512664391858	831,3812787831073	
186,8544343876451	426,4567284360495	828,5137122134604	
186,39189527588553	424,7414277746933	822,7299494363027	
185,9201705335676	422,9426479546842	818,4447425666734	
185,1878198780135	421,4363765765406	814,3712974656258	
185,15371184734263	419,8172870045743	811,7799315413993	
184,35240735732924	418,6925316173349	804,6944679948174	
183,01850829717168	416,8827473566778	797,7206519241441	
182,74422302259939	415,4383572106072	792,5371359575561	
182,07544723772236	413,73870724239407	779,4564745936793	
182,07544723772236	412,47691270185373	775,726199510617	
181,314602735681	411,33911567638074	771,9790804081438	
180,7348601895932	409,96351735183487	768,437863572958	
180,32764585824106	408,58091001394973	762,187561189993	
180,25507679086695	407,372247740407	759,4130906093912	
180,10577353252359	406,2467410793372	754,5942699590319	
180,01886833464349	405,3710146983953	748,1663130920097	
180,01886833464349	404,17076052273086	739,8703211780962	118,3057671045632
179,64999646515082	402,855741771152	735,2737893611438	
179,3053726438793	401,6026211277235	733,6980527475703	
179,3053726438793	400,354251390099	729,2779153696134	
179,2492604756947	399,41066702548653	727,1037782329296	
179,2492604756947	398,5549800625036	725,0324949858136	
179,2492604756947	397,769504639564	723,8767310569629	
179,02078414739898	396,92643883459243	722,3205774382061	
179,02078414739898	396,1450480106371	719,601635430582	
177,456933038633	395,19476044780936	714,6777948601564	
177,42097890660855	394,23241138361846	710,5447407352679	
177,38238816172532	393,3176094468219	708,9647859273838	
177,36780698504126	392,4100752236081	705,4490198862209	
176,8413709394684	391,51652851802044	702,4124611168107	
176,8413709394684	390,5952976013034	697,4114831913894	
176,80692474149112	389,412387162409	695,792055802773	
173,9114510401899	388,38287203527324	691,1817427964648	
173,55821069522764	387,46398563786636	687,4402269960113	
173,24819235261282	386,63214574585504	686,424118092524	
172,89912596152945	385,60000877019263	685,315821653689	
172,3119273048496	384,7641748910414	683,9524031463096	
172,3119273048496	383,736957142532	677,8596586732351	
171,58426892026125	382,7954977199348	675,7025606098924	
170,511509810828	381,9290627107226	672,7385419504459	
169,99398443537197	380,85482151178905	669,2583906198234	
169,99398443537197	380,37805056823106	667,1292078752813	106,36698305181191
169,9832045937462	379,7979800589276	664,5242688071635	
169,41773239969064	378,9581959963206	659,7977728866433	
169,2428436152901	378,1225180753109	658,0226013265678	
169,12870787504792	377,0762459668601	656,64486258372	
168,9834037609097	376,17379773101544	655,8399530308598	
168,66044402348896	374,98301508867985	648,9850499508393	
168,42148892472594	373,91914369799895	643,8680330316383	
168,3484777715707	373,323289228091	643,3624666024089	
168,29798204154974	372,4135589547293	640,0769021935761	
167,9483070373775	371,7089373962803	639,2983033572807	
167,9483070373775	370,63788253100466	637,1720691956101	
167,82682692595208	370,0027886389775	636,873408750494	
167,82682692595208	369,3081988765867	633,8985055313742	
167,80778426491707	368,5271106065347	631,8253074041603	
167,77117593724515	367,83302135764797	631,7572130824258	
166,99945431051762	366,92013607951304	630,3062824826634	
166,42727246842875	366,01132233406315	629,664284746783	
166,42727246842875	365,27235116995996	628,4717969280327	
166,33579204061658	364,45523086958275	624,0717981100192	
166,10340167830196	363,78920681339696	622,5232510569393	
165,98040075958866	363,1702973367837	619,9520388718078	
165,76549382088356	362,4831320712131	619,0145567385559	
165,7385564555024	361,8094551511485	617,9573991169831	
165,72656162461223	361,08439004818234	615,8563897277331	
165,71505118227526	360,38934820394024	615,7983126007579	97,39017184022434
165,7059068944016	359,86721388973245	612,9488978781801	
165,7059068944016	359,3832336866402	611,0451465759929	
165,7059068944016	358,6021997510415	610,3680337115312	
165,5778783999105	358,20901476195434	609,7446759746995	
165,44144964467034	357,53675946554614	607,2307347586948	
165,419316637759	357,0896123550972	607,1824769465658	
165,419316637759	356,5417743702057	605,3293725365799	
165,419316637759	355,911675471456	602,5175956167943	
164,58678173736047	355,0877324098206	602,0143474894859	
164,58678173736047	354,67336321471834	601,7593234444475	
164,4754284224789	354,18322650822853	600,1063401168466	
164,15814855651143	353,528282600878	596,4196040281693	
164,15452504369642	353,02772620788323	596,4182433448881	
164,13454568969547	352,5004462094112	593,7284867391347	
164,13277623968756	351,94094627781055	593,2257591680527	
164,03936587541452	351,40697591337744	592,8204694895495	
163,79365206384634	350,4919967978912	589,3256405399336	
163,29435021075926	350,06857853481256	588,3298391434547	
163,14090889352178	349,67544868708364	585,4761106804549	
163,14087455534204	349,1894669167497	583,2839564632092	
163,14087455534204	348,41831965290845	581,6740417247993	
163,14024851556724	347,9946682386017	580,7671416882933	
163,1384930353273	347,31337621920716	577,9009860639859	
162,9944365612075	346,73145352672714	576,1073069873465	
162,8825943574023	346,28134362873135	575,1259610785992	90,72938398911518
162,6905848551007	345,57601687736815	572,957844950833	
162,60380719038304	344,98889264584983	570,2278314536521	
162,60322026711836	344,42630701342927	567,9492951952302	
162,4936614546555	343,91747418432647	566,5284091542924	
162,4936614546555	343,51364229247054	566,4689630281881	
162,4936614546555	343,2811347569784	566,4684615336533	
162,37879222613418	342,85091527508916	566,4684615336533	
162,37879222613418	342,48021472115784	566,2196494804501	
162,26838736655992	342,021706540315	564,544866941052	
162,26838736655992	341,6596220258956	564,544866941052	
162,26838736655992	341,26593354605257	564,3566408537505	
162,26838736655992	340,74816313082556	564,146571560291	
162,26838736655992	340,1692708437216	562,7144203349346	
162,26838736655992	339,658722423001	562,2185489825401	
162,26838736655992	339,20691488183	561,4968255641647	
162,26838736655992	338,64138051346816	558,5455787803472	
162,26838736655992	337,99944138260645	557,6395334189841	
162,24138564801032	337,7520690540734	556,9669176342245	
162,24138564801032	337,3377905304701	556,2497691477241	
162,24138564801032	336,96505127471704	556,0000892536667	
162,24138564801032	336,4482321260146	555,3872373801421	
162,21394577022815	335,95372580950675	554,5049701000954	
161,47263821328877	335,47008225468846	553,749247533379	
161,29794196129743	335,04580405430187	552,0888432440166	
161,29794196129743	334,55490713739886	552,0888432440166	86,33289602275329
161,15637239031872	334,30886647880135	551,4543597870576	
161,15637239031872	333,86824377510055	550,4857453737882	
160,58589515745646	333,6081031437575	549,7810215995736	
160,58589515745646	333,18360110214616	549,7774586439076	
160,58589515745646	332,92476009229324	548,4083741291635	
160,58589515745646	332,6098016705412	547,9639694083173	
160,12367310320272	332,2506127286239	547,3241317856294	
160,12367310320272	331,8077904133117	546,0956190987143	
159,09487203780205	331,23688297874463	544,0055033982206	
159,09487203780205	330,8402461832334	541,6265681153578	
159,07041771232826	330,38479130500315	540,8574337651578	
158,8612713500127	329,9627541171288	539,2601565904029	
158,8612713500127	329,6185967619091	538,436267438793	
158,8612713500127	329,3517682036041	537,4528437530433	
158,8609018023737	328,9721017391025	537,4380202991957	
158,8609018023737	328,7290344587377	537,3685400275393	
158,8609018023737	328,20051869397975	536,3156504609614	
158,8609018023737	327,91046290719447	536,0927127432219	
158,85944988121776	327,4144566773257	536,0416197279244	
158,3718048043066	327,1495384231012	536,028654938093	
158,3718048043066	326,91263591358734	535,2273723338186	
158,25354632633113	326,5461322207207	534,6523783102169	
158,20598227387742	326,23572209810374	534,1474994912596	
158,10170164470387	325,7038844614206	533,2464424479459	
157,99406846166048	325,2589175124963	533,2464424479459	82,27842586989755
157,99406846166048	324,94699914084117	533,2464424479459	
157,8761976918693	324,52063827827345	530,4564223236765	
157,8761976918693	324,22019811874105	530,3391901740974	
157,85075078584225	324,0153562337927	529,0826246073444	
157,63836854601175	323,7675098301248	528,6478155491811	
157,63836854601175	323,442615925899	528,028952477268	
156,3301373465058	322,9896022031763	527,3086716798422	
156,10734281061835	322,52948469461177	525,3207754276793	
155,71081433869003	322,19640638204396	523,5631321825803	
155,71081433869003	321,88950904079195	523,312559251457	
155,68477115632837	321,6531449955695	523,312559251457	
155,68477115632837	321,399333973043	522,7173691934203	
155,68477115632837	321,1859114995775	521,986399035903	
155,68477115632837	320,8845099060914	520,9501980943904	
155,68477115632837	320,5153697446004	520,5368251682244	
155,5663601030096	320,2033161133376	520,3672275920303	
155,5663601030096	319,9093764333391	519,6945330790832	
155,5663601030096	319,59410455787497	516,9131540665971	
154,28217674794152	319,1388565898713	516,9032950613004	
153,9657622953282	318,7675293211795	515,8933017250253	
153,9657622953282	318,45821972030166	515,236796764158	
153,86267381656643	318,23833984065493	515,1911969167639	
153,80768655273937	317,8780929914913	514,0172443236988	
153,5043307734415	317,5420205540043	514,0172443236988	
152,80762932128516	317,1085116185347	513,7971869327738	79,12298629475139
151,98137820282335	316,7922079794942	513,7971869327738	
151,98137820282335	316,49287930599655	512,6843251944279	
151,38089910593013	316,2381502578102	511,79521078299297	
150,79414758673127	315,89769933822384	511,79521078299297	
150,79414758673127	315,592105415404	511,09355281509147	
150,73590279807004	315,36279459038496	511,09355281509147	
150,73590279807004	315,13760529310326	510,25912584994956	
150,69487552424806	314,9630065466019	510,25912584994956	
150,69487552424806	314,65927889465155	508,7927169166906	
150,68483467902422	314,4456149435849	508,61305447137113	
150,6459734314872	314,1051903035921	508,27169751241877	
150,6459734314872	313,73331941267816	508,0956591455895	
150,6459734314872	313,50257792183373	507,3469183890822	
150,53773916645136	313,3235937481724	507,15865429647005	
150,063742306114	313,0968318410503	506,84341343573624	
150,063742306114	312,8783121596833	506,71386771819994	
150,063742306114	312,4956317635272	506,63653891153893	
149,9045099102489	311,99936588300307	505,74348618487073	
149,9045099102489	311,6347529673089	505,57155833884593	
149,9045099102489	311,424813478274	505,4936924521959	
149,85304731398435	311,05129915926585	505,4823515615023	
149,52083467429773	310,8368581057649	505,4823515615023	
149,52083467429773	310,4735347561407	505,29332849152917	
149,52083467429773	310,1597879827545	505,29332849152917	
149,52083467429773	309,7493346401696	504,626861950227	76,67415348045851
148,9199168034135	309,54796628315324	503,9644564684159	
148,9199168034135	309,1020194025536	503,9644564684159	
148,9199168034135	308,83525463020464	503,4637296155845	
148,78231503693416	308,51481365647936	502,73911989786836	
147,80727543802467	308,15560266970795	502,7358269957491	
147,80727543802467	308,0429503311018	502,6905045669019	
147,80727543802467	307,8973004978381	502,1446434830245	
147,80727543802467	307,60826527762913	502,1446434830245	
147,80727543802467	307,13368861737325	501,73109600305594	
147,80643408413619	306,88888020612535	501,73109600305594	
147,80643408413619	306,48167155672695	501,6004086755534	
147,80538208012408	306,2861826366404	500,4368369596471	
147,80538208012408	305,9284410560379	499,9673500885034	
147,80538208012408	305,7212700558743	497,68545524989264	
147,7748583380596	305,59902831447306	497,6739905430033	
147,7748583380596	305,3562134418044	496,05257398219	
147,7748583380596	305,19060244181384	496,05257398219	
147,7748583380596	304,89980230946026	495,7258813164309	
147,7748583380596	304,65863934622564	495,72097966675494	
147,7748583380596	304,5130448380363	495,36511363231676	
147,7748583380596	304,2496991168108	495,0869503336025	
147,7748583380596	303,95409568638786	495,0869503336025	
147,7748583380596	303,76090106254793	494,5943653947837	
147,7748583380596	303,59450562638364	493,7903647953601	
147,7748583380596	303,35346912003973	492,6645343456869	74,50974567145673
147,04573212206535	303,0924109817862	492,58833507641407	
147,04573212206535	302,7689508082292	492,58833507641407	
147,04573212206535	302,63959577927915	492,58161175568307	
146,9097505069418	302,35870865656227	492,0001185488385	
146,86264898246594	302,0653555080753	490,8411337932331	
146,832741007233	301,8239639415067	490,0163971299047	
146,832741007233	301,57778163097726	489,1920266884724	
146,6387819399757	301,1687570354898	488,5732035735312	
146,6387819399757	300,88630974030013	488,52744162403775	
146,6383784991491	300,73201071751447	488,28812848594595	
146,47634143093245	300,5621211913411	488,08968496071327	
146,47634143093245	300,38116628392726	488,08968496071327	
146,47634143093245	300,2100245081792	488,02824198473763	
146,47634143093245	299,8265377066545	482,47891721841444	
146,4416103401991	299,59290864587643	481,390851981434	
146,4416103401991	299,49434979839936	481,13951206740217	
146,4416103401991	299,28542206841996	480,3358729083408	
146,4416103401991	299,0595211173595	479,4645940132104	
146,42249267419686	298,93865270545814	479,46163221362957	
146,41493766998417	298,82880261956774	478,63345977934483	
146,41493766998417	298,5592954021224	478,2409768985715	
146,41367442780916	298,42794980002463	478,2409768985715	
146,41367442780916	298,26398011388113	478,2409768985715	
146,41367442780916	298,1102923265912	477,3103845317998	
146,29482123073038	297,9419005686754	476,0388502997874	71,43037196820515
146,29243327997628	297,72816770533444	475,83585930587054	
146,16104097889934	297,50874883249116	475,43670756378464	
146,16104097889934	297,3049643897804	475,02038803180034	
146,16104097889934	297,04503399509883	474,54905781800085	
146,16104097889934	296,7352066637521	474,35949986824556	
145,9600543662926	296,47558548383125	472,9253737390612	
145,9600543662926	296,34127579381567	472,6072884690366	
145,9600543662926	296,1450707457884	471,7916759386959	
145,4240151956621	295,8923106913415	471,39038843499935	
145,23924406393823	295,725361958729	471,3270882454149	
145,23924406393823	295,42119702842825	471,3270882454149	
145,23924406393823	295,1693818501655	471,10822269825053	
145,2391823441529	295,06959141313814	471,10822269825053	
145,2391823441529	294,90351821274186	470,27004227481564	
145,2391823441529	294,74861920797	470,2213722432592	
145,2391823441529	294,5199956794652	470,0807854230204	
145,0085448232236	294,3692851738217	469,9541000859849	
145,0085448232236	294,0682069950368	469,603055689242	
144,57910170021844	293,83166126769737	468,64330768521984	
144,57910170021844	293,660708567245	467,64002078684723	
144,33784312701073	293,4641596981926	467,59475714186976	
143,96943505128425	293,2930707706312	467,5171103450118	
143,96943505128425	293,13694691275157	466,8683061302016	
143,7302899316019	292,93070527384435	466,83081839127624	
143,7302899316019	292,7894220536974	466,7512436743615	69,71223917893055
143,53514292379944	292,6055053506836	466,61505601629847	
143,47278843482508	292,447428858491	466,61505601629847	
143,47278843482508	292,31990879173054	466,61505601629847	
143,43327957435497	292,10304826467836	465,29993521074374	
143,43327957435497	291,8790442760179	462,8319169362014	
143,4010666888264	291,551754774148	462,2825284678861	
143,21532970095197	291,26889424573585	461,8635239851314	
143,21532970095197	291,0509974321871	461,8635239851314	
143,21532970095197	290,85080488175095	461,8635239851314	
143,21532970095197	290,62832583854237	461,8635239851314	
143,21532970095197	290,39208913786916	461,0254733706628	
143,21532970095197	290,17702706247286	461,0254733706628	
143,21532970095197	290,01690388316445	460,8918150754104	
143,21532970095197	289,86998321041847	460,84236031743757	
143,21532970095197	289,6757364120335	457,5047612024973	
143,21532970095197	289,4703116266867	457,5047612024973	
143,21532970095197	289,20323735347375	457,15051725386115	
143,21532970095197	289,11381639805245	457,15051725386115	
143,21532970095197	289,052394618393	457,15051725386115	
143,21532970095197	288,77802944545647	457,1015025692527	
143,21532970095197	288,5978871321237	456,95784685791455	
143,21532970095197	288,5082659389655	456,73240009132525	
143,21532970095197	288,3690296151705	456,08269524299413	
143,21532970095197	288,23633818746333	455,4915120513535	
143,21532970095197	288,1165504292335	455,4544418710578	68,07642215113522
143,14956811527549	287,9680038084976	455,0795131240156	
143,14956811527549	287,8209732383237	455,0014117567536	
143,06562117184978	287,58900417124426	453,5997426515539	
143,06562117184978	287,32683224442894	453,3673800143854	
143,06562117184978	287,0702024072752	452,4212291874678	
142,9834578118282	286,8021452151315	452,213332280001	
142,9834578118282	286,5502935101679	451,1041807422712	
142,9834578118282	286,36887826755606	449,3887476737764	
142,9834578118282	286,24975042394874	449,13117546121276	
142,9834578118282	286,0479897059216	449,13117546121276	
142,9834578118282	285,88911500606866	448,9365972337829	
142,9834578118282	285,7442477173574	448,72201840938004	
142,97940192855557	285,5543496004397	448,72201840938004	
142,97940192855557	285,5002469304385	448,72201840938004	
142,37206696629994	285,2760492941142	448,72201840938004	
142,21038837513558	285,1459329928457	448,72201840938004	
142,21038837513558	285,0108726526665	447,8380711419795	
142,21038837513558	284,9050124846849	446,8372178236267	
142,1705949358404	284,78580714066976	445,7417967210855	
142,1705949358404	284,6948376237948	445,4866274721966	
142,14126539770933	284,55517606030764	445,47278235273086	
142,14126539770933	284,3611521238314	445,23755347454403	
142,14126539770933	284,25131379429155	445,196487500501	
140,5718857567978	284,0626548749966	444,8046654104796	
140,5718857567978	283,88259525916163	443,23326287864853	66,78179518691832
140,55649111447394	283,64799831718426	443,23326287864853	
140,55649111447394	283,4158537756579	441,6325324679933	
140,55649111447394	283,2852750279297	441,6325324679933	
140,5197847615515	283,08995322416166	441,61270251820815	
140,46216631180627	283,0022919334699	441,60256362951344	
140,4547538078798	282,9326384057765	441,60256362951344	
140,35576199631896	282,74512355829535	441,60256362951344	
140,35576199631896	282,6043951288298	441,382275731939	
140,35576199631896	282,3785103670938	441,382275731939	
140,35576199631896	282,2092030611764	441,1474941140439	
139,65328513021325	281,99052432765876	440,58840708848237	
139,60887282048435	281,7589655731099	440,58840708848237	
138,4572277023152	281,4536228318935	440,58840708848237	
138,4572277023152	281,3761038872278	440,58840708848237	
138,4572277023152	281,2224590878837	440,58840708848237	
138,4572277023152	281,0476834910633	440,4284008847424	
138,4572277023152	280,82127266300466	440,4284008847424	
138,4572277023152	280,75804964319246	440,4284008847424	
138,4572277023152	280,6445938331185	440,4284008847424	
138,4572277023152	280,4291437892053	440,0621708632457	
138,4572277023152	280,2288341473914	439,8144915279354	
138,4572277023152	280,07434295507676	439,8144915279354	
138,4333803303022	279,97786757281483	439,8144915279354	
138,4333803303022	279,7153921604175	439,77974026724837	
138,1998079130998	279,5845794443817	439,77974026724837	65,71191443541431
138,1749332305554	279,51010640379843	439,5966033511195	
138,1749332305554	279,4347470508799	438,9120177518664	
138,1749332305554	279,1932328806066	437,12645472305815	
137,5944982458622	278,8391231036504	436,14948211674067	
137,2227127932106	278,74279145751717	436,14948211674067	
137,2227127932106	278,5282622899533	435,82661676914626	
137,2227127932106	278,37729756755203	434,67353057925493	
137,2227127932106	278,30931782900296	434,67353057925493	
137,2227127932106	278,18817547007535	434,10716480736045	
137,2227127932106	278,0698166870357	433,54614104663415	
137,2227127932106	277,95398500758705	433,54614104663415	
137,2227127932106	277,8520813286518	433,54614104663415	
137,2227127932106	277,7622462441245	433,06375607501616	
137,2227127932106	277,58240587940645	433,06375607501616	
137,2227127932106	277,4857140185194	433,06375607501616	
137,2227127932106	277,30390575228	432,99057299422304	
137,2227127932106	277,1534273246185	432,78066382197835	
137,16651599561976	276,9624669198938	432,55280796530565	
136,8007609544703	276,8863646721947	432,55280796530565	
136,8007609544703	276,7501591585427	432,1216238363309	
136,75486445651555	276,51968084797574	431,9985223031258	
136,75486445651555	276,42950331538856	431,9985223031258	
136,53832900255014	276,2444101686296	431,69698230286014	
136,5164924333402	276,1266872940165	431,69698230286014	
136,5164924333402	276,08256558379765	431,69698230286014	64,39439930474526
136,5164924333402	275,5833100903577	431,10378560908595	
136,5164924333402	275,4946504126281	430,8639580176748	
136,5164924333402	275,42638250820767	430,773315180407	
136,5164924333402	275,334991969949	430,773315180407	
136,5164924333402	275,0936176318193	430,7186451098205	
136,5164924333402	275,0230303006609	430,7186451098205	
136,5164924333402	274,83598167140076	430,3451357364631	
136,01917251660322	274,6786472937154	430,30842121657025	
136,01917251660322	274,56570206669306	430,3077040522839	
136,01917251660322	274,35656736279367	430,16250991444366	
136,01917251660322	274,08107273174096	429,97449245756223	
136,01425407009899	273,96603400936897	429,97449245756223	
136,01425407009899	273,79384857468176	429,76935485524416	
136,01399531921018	273,59813068771587	426,8816981313908	
135,98620376900269	273,56256159593113	426,8816981313908	
135,98620376900269	273,4438274339297	426,8703706966503	
135,98620376900269	273,31669788288593	425,5752734185813	
135,90144272785014	273,203867555975	425,5116474200849	
135,90144272785014	273,09467430068094	425,42915902765037	
135,90144272785014	272,95945639847145	424,9079337373628	
135,90144272785014	272,7931990872149	424,9079337373628	
135,90144272785014	272,67518202744424	424,8911320238263	
135,64902071431584	272,52393670470633	424,3569862556235	
135,64902071431584	272,4064796955779	424,2463609867872	
135,64902071431584	272,25595053192757	424,2463609867872	63,122205879678724
135,64902071431584	272,1001693765785	424,2463609867872	
135,6282186593465	271,8767646942552	424,10006270354893	
135,6004208913876	271,72801624644603	423,7010154037894	
135,6004208913876	271,56642862014405	422,9397248379771	
135,6004208913876	271,46962823643514	422,9397248379771	
135,6004208913876	271,2457538222501	422,38649088458357	
135,6004208913876	271,1611160439086	422,2588772847897	
135,6004208913876	271,01008066435935	422,2588772847897	
135,51167203050872	270,9267835711799	421,9361472499858	
135,51167203050872	270,74795685673985	421,91159891001803	
134,769536278504	270,58393342016325	421,91159891001803	
134,769536278504	270,50346892045116	421,70592058812645	
134,769536278504	270,32486605996263	421,70592058812645	
134,769536278504	270,1712356689888	421,6810064190853	
134,769536278504	270,07001732771346	421,6810064190853	
134,769536278504	269,9758318060652	420,9741513725258	
134,769536278504	269,83116664989177	420,8996923273737	
134,769536278504	269,71662904688577	420,661469590497	
134,69939761614566	269,63450736364166	420,661469590497	
134,69934071354942	269,5495859584635	420,661469590497	
134,69934071354942	269,4305351486763	420,3942447397821	
134,69934071354942	269,34376869736445	420,3942447397821	
134,69934071354942	269,25358170822176	420,30612905224757	
134,69934071354942	269,104359625251	420,30612905224757	
134,69934071354942	268,87148933547945	420,30612905224757	62,21241074262205
134,69934071354942	268,6769167938575	420,30612905224757	
134,69934071354942	268,5711223041087	419,74046554581605	
134,69934071354942	268,3588697156501	419,74046554581605	
134,67680803606854	268,2801191295274	419,5659741968542	
134,61437439409352	268,1335309906969	418,7824601206238	
134,61437439409352	268,04574068505883	418,7824601206238	
134,61437439409352	268,02559922041854	418,7824601206238	
134,61437439409352	267,9615122636791	418,4781358488462	
134,61437439409352	267,8729471435761	418,384269036031	
134,61437439409352	267,81299849218124	418,3536934977193	
134,5848007157766	267,66736363707537	418,3536934977193	
134,5848007157766	267,5496247269831	417,48875307126184	
134,5848007157766	267,43474206893353	417,48875307126184	
134,5848007157766	267,3773423319915	417,48875307126184	
134,5848007157766	267,22177391890887	417,1397186035259	
134,5848007157766	267,1444707670514	417,1397186035259	
134,5848007157766	266,989856015377	416,6199484986889	
134,5848007157766	266,82320568820376	416,4776732339714	
134,5848007157766	266,68477462443	416,4776732339714	
134,5848007157766	266,61285998792664	416,4776732339714	
134,5848007157766	266,52802490798064	416,1778657505555	
134,5848007157766	266,4787313759474	415,0581888394068	
134,5560971937929	266,3513430317192	414,41920269487173	
134,5560971937929	266,19627838348566	414,1654460744612	
134,5560971937929	266,07254927272004	414,1654460744612	61,08435541877502
134,5560971937929	265,8911400557141	413,56864737051626	
134,5560971937929	265,7771835053468	413,54713333335224	
134,5560971937929	265,62981157044686	413,2094942188702	
134,5560971937929	265,4877061666405	412,8615567213279	
134,46646501867863	265,30152737064867	412,85519556227126	
134,46646501867863	265,1862364309191	412,85519556227126	
134,46646501867863	265,1624973753951	412,85519556227126	
134,46646501867863	265,0555038615653	412,81054719362504	
134,32036823308025	264,9514293635031	412,5875171062469	
134,32036823308025	264,88213216629936	412,4443760781263	
134,32036823308025	264,7414171083784	411,2731799055561	
134,32036823308025	264,67279830645094	411,2731799055561	
134,32036823308025	264,5504054404626	411,2731799055561	
134,3034278781725	264,40462655324717	411,2731799055561	
133,88544163822937	264,2309667277639	410,1230126201005	
133,72175502411696	264,12114494967915	410,0501854455074	
133,72175502411696	263,96780358558675	409,1654235888671	
133,72175502411696	263,8640456217196	408,8865440943811	
133,72175502411696	263,74797124827705	408,81116521720264	
133,72175502411696	263,6538089018802	408,81116521720264	
133,72175502411696	263,4782002164496	408,63715007952555	
133,72175502411696	263,363818354374	408,63715007952555	
133,72175502411696	263,26555048288554	407,69570445748	
133,72175502411696	263,2138394967413	407,69570445748	
133,16167673970875	263,0147140079208	407,29197795875285	60,06038231161274
133,16167673970875	262,88134215663945	407,29197795875285	
133,1392033534655	262,7911420892904	407,21520522458485	
133,1392033534655	262,69030873201694	406,9480371726757	
133,1392033534655	262,5089359928018	406,9480371726757	
133,1392033534655	262,4845717090382	406,9480371726757	
133,13351914941128	262,4242293528599	406,9480371726757	
133,13351914941128	262,3744741149709	406,9480371726757	
133,13351914941128	262,28607301110065	406,9480371726757	
133,11865662059262	262,1977962862335	406,8746361442638	
133,11803298634243	262,09870109308554	406,8746361442638	
133,11803298634243	262,0194014478565	406,66546525191933	
133,11803298634243	261,9584276278139	406,5098332199444	
133,11803298634243	261,8403247657103	406,5098332199444	
133,11803298634243	261,702903525626	405,1212698984836	
133,11803298634243	261,6490954222876	404,92645776840305	
133,04948491659619	261,5597184405787	404,92087859393797	
132,67852009709569	261,48259648952404	404,92087859393797	
132,67852009709569	261,35922597283957	404,7742284386811	
132,67852009709569	261,31607828273843	404,7742284386811	
132,67852009709569	261,28134369023627	404,41962182365535	
132,67852009709569	261,22432211699163	404,41962182365535	
132,67852009709569	261,110916984268	404,41962182365535	
132,67852009709569	260,9494827006377	404,20502599682584	
132,6602385579689	260,8221989324058	403,6691294385348	
132,42450740939626	260,7412916499631	403,52150627446963	59,17750170730343
132,42450740939626	260,7213030334827	403,52150627446963	
132,4087693538562	260,67349922008935	403,48863557185877	
132,4087693538562	260,5412918999688	403,45080658552934	
131,80371840317184	260,39912109455383	402,4852120558598	
131,80371840317184	260,24791923963045	400,25539380102293	
131,80371840317184	260,1397380718225	400,25539380102293	
131,80371840317184	260,07717987441515	400,25539380102293	
131,6821179339173	259,9011913957075	400,1178054495746	
131,46933068951444	259,87234528305106	399,9289745042226	
131,46468349292093	259,71963229582997	399,7461560580055	
131,46468349292093	259,57293057487675	399,2077289056727	
131,2726153796343	259,5323800029144	399,2077289056727	
131,02504763247535	259,4678585750032	399,2077289056727	
131,02193059036307	259,3278943664756	399,2077289056727	
131,02193059036307	259,2894963992235	399,2077289056727	
131,02193059036307	259,1468588697968	399,2077289056727	
131,02193059036307	259,0941734799798	399,1723897261152	
131,02193059036307	258,86696917687215	398,095498180868	
131,02193059036307	258,8373113580551	398,095498180868	
130,33755128269692	258,7157705002925	398,095498180868	
130,29885759844115	258,6186116589352	398,0950542384583	
130,29885759844115	258,5202371563879	398,0950542384583	
130,29885759844115	258,4006846706165	396,94171954936735	
130,08748019204407	258,2345821906186	396,94171954936735	
130,08748019204407	258,2001088637783	396,4567684289372	58,41619897399542
129,93822344528792	257,9794320976153	396,05965999473295	
129,93822344528792	257,7860293674628	395,8979492186261	
129,87006855786152	257,6925580512679	395,5642662198255	
129,21055709907057	257,5862905256788	395,36221305086605	
129,21055709907057	257,48003144773463	395,26258788011654	
129,21055709907057	257,41050865734144	395,1743635721814	
129,11730685132173	257,34465400707194	395,1743635721814	
129,11730685132173	257,2056999505444	395,00439898461445	
129,11730685132173	257,13648158566207	395,00439898461445	
129,11730685132173	257,0940373269862	395,00439898461445	
129,11730685132173	257,05247602449157	394,9300398959643	
129,11730685132173	256,9663800314166	394,9300398959643	
129,0401453535611	256,8751047111026	394,9300398959643	
129,0401453535611	256,83647706960573	394,9300398959643	
129,0401453535611	256,7784539680779	394,9300398959643	
129,0401453535611	256,6865546727253	394,74750763163655	
129,0401453535611	256,6577608263225	394,74750763163655	
128,617448771174	256,5623760508722	394,73985231481333	
128,617448771174	256,5120511127363	394,52960268877644	
128,617448771174	256,3752505186548	393,9362710977941	
128,617448771174	256,33508268205793	393,9362710977941	
128,617448771174	256,3035102456493	393,8984217349885	
128,617448771174	256,29156031362623	393,8984217349885	
128,617448771174	256,1874438591106	393,6012873610282	
128,48755030537944	256,1516248255692	393,6012873610282	57,948349606184
128,48246750240662	256,0805714787175	393,4107499437162	
128,48246750240662	255,97328618298144	393,4107499437162	
128,48246750240662	255,92380843849523	393,4107499437162	
128,48246750240662	255,82038861274773	393,2007740357536	
128,48246750240662	255,7855561512032	393,2007740357536	
128,48246750240662	255,7515187090075	393,01269919615044	
128,48246750240662	255,48946889058357	392,32651584991453	
128,48246750240662	255,43461658867466	392,32651584991453	
128,48246750240662	255,34923190333294	392,32651584991453	
128,48246750240662	255,32406856754932	392,32651584991453	
128,47852846089685	255,2423137920499	392,32651584991453	
128,47852846089685	255,08964497559936	392,32651584991453	
128,47852846089685	255,04195700066273	392,2790299594672	
128,47852846089685	254,9807426518821	392,2790299594672	
128,47852846089685	254,85717644561205	392,2790299594672	
128,47852846089685	254,66738193085607	391,1303684363786	
128,47852846089685	254,6312752588805	390,4015225118393	
128,47852846089685	254,56564460010836	390,4015225118393	
128,47852846089685	254,4082451968428	390,4015225118393	
128,34673316242694	254,33107277212116	390,35716511499794	
128,2294271674264	254,20257090933285	390,30701981870146	
128,2294271674264	254,1661501226795	390,30701981870146	
128,2294271674264	254,10021666476408	390,2217849432192	
128,2294271674264	254,08565304451338	390,2217849432192	
128,2294271674264	254,0159719992299	390,13164090651384	57,60775741268071
128,2294271674264	253,95882084434962	390,13164090651384	
128,2294271674264	253,9241607826978	390,13164090651384	
128,2294271674264	253,7866037544637	390,12717183269325	
128,2294271674264	253,70590720177952	389,8042036688982	
128,2294271674264	253,62233277233057	389,8042036688982	
128,2294271674264	253,54897731788117	389,8042036688982	
128,06444310336647	253,45454876489217	389,69548646277195	
128,06444310336647	253,4107083584633	389,69548646277195	
128,06444310336647	253,30589930768784	389,69548646277195	
128,06444310336647	253,24428823758313	389,69548646277195	
128,06444310336647	253,10930263857256	389,1197206300041	
128,06444310336647	252,940390213285	387,7187938521844	
128,06444310336647	252,8874452273038	387,7187938521844	
128,06444310336647	252,71628625980958	387,6669182074005	
127,90607825594485	252,64704161526356	387,6669182074005	
127,90607825594485	252,5999966952173	387,57961063327923	
127,90607825594485	252,4259558590734	387,1063542656031	
127,90607825594485	252,34916343088702	387,1063542656031	
127,9040080379543	252,3147290003402	387,1063542656031	
127,87277590860886	252,11291759648836	385,6268704723661	
127,87277590860886	251,94787698685593	385,6263951499745	
127,75815803209468	251,84013602402575	385,6263951499745	
127,75815803209468	251,7798239964841	385,6263951499745	
127,75815803209468	251,70674198321066	385,6263951499745	
127,75815803209468	251,66044423081377	384,93709683220436	56,824009672295404
127,60160711573322	251,59760976988053	384,73721108387633	
127,60160711573322	251,50449408528988	384,29616262751193	
127,60160711573322	251,4566705141667	384,29616262751193	
127,60160711573322	251,44900019118575	384,24197602972816	
127,60160711573322	251,41954984010462	384,24197602972816	
127,60160711573322	251,3581375843622	384,24197602972816	
127,08604888918572	251,1988194184218	383,97008463904916	
127,08604888918572	251,11168486139027	383,97008463904916	
127,08604888918572	251,0627005341461	383,97008463904916	
126,77549447850333	251,0001858785224	383,86391868505893	
126,77549447850333	250,9011378393405	383,86391868505893	
126,77549447850333	250,78577159918822	383,1328206760179	
126,77549447850333	250,76862910089412	383,1328206760179	
126,77549447850333	250,71327102044594	383,0572485676472	
126,77549447850333	250,659799153095	382,9744329429227	
126,77549447850333	250,62550971474596	382,92886832526887	
126,77549447850333	250,56579099130235	382,92886832526887	
126,77549447850333	250,53111752131133	382,90404877243697	
126,77549447850333	250,4545893897415	382,90404877243697	
126,77549447850333	250,4223069927133	382,90404877243697	
126,77549447850333	250,33235299738215	382,90404877243697	
126,77549447850333	250,2583015079971	382,90404877243697	
126,77549447850333	250,2181502870118	382,90404877243697	
126,77549447850333	250,1640185810085	382,90404877243697	
126,77549447850333	250,11848914047943	382,8677702294764	56,33503738308706
126,77549447850333	250,07093789835733	382,78211223832295	
126,77549447850333	249,97551498841048	382,78211223832295	
126,77549447850333	249,86831948859444	382,78211223832295	
126,62143008283749	249,79875231901664	382,78211223832295	
126,62143008283749	249,73467805459595	382,78211223832295	
126,62143008283749	249,61686699966538	382,66306785693314	
126,62143008283749	249,53303877327974	382,50729237391954	
126,62143008283749	249,48636503847737	382,3113944019333	
126,62143008283749	249,42517738052067	382,30049044820805	
126,62143008283749	249,23070105512295	382,2433183028341	
126,62143008283749	249,16992084720982	382,2433183028341	
126,62143008283749	249,12482465192178	382,2433183028341	
126,62143008283749	249,06907734194326	381,71058919257507	
126,6049652089914	249,01359118605436	381,71058919257507	
126,6049652089914	248,95898005643073	381,71058919257507	
126,6049652089914	248,85721477651	381,71058919257507	
126,6049652089914	248,74411593131612	381,5004918314914	
126,59152839002893	248,71372289922445	381,5004918314914	
126,59152839002893	248,6055477415428	381,44888442840113	
126,59152839002893	248,56376735171787	381,44888442840113	
126,59152839002893	248,4943854155565	380,4364925058894	
126,59152839002893	248,42107865335834	380,35910429250794	
126,59152839002893	248,38280641215988	380,29808546856526	
126,59152839002893	248,31556280768655	380,29808546856526	
126,59152839002893	248,28707143344045	380,29808546856526	55,80773154588641
126,59152839002893	248,1766656699652	380,29808546856526	
126,59152839002893	248,1011694665536	380,29808546856526	
126,59152839002893	248,01564862595788	380,21938485112946	
126,59152839002893	248,00358173303798	380,21938485112946	
126,08324335521125	247,91907842927083	380,21938485112946	
125,40750637757314	247,63580767386148	380,0566392294568	
125,40750637757314	247,61361511118477	380,0566392294568	
125,40750637757314	247,56833945752973	380,02209308166823	
125,40750637757314	247,53874931866213	380,02209308166823	
125,40750637757314	247,51083252487348	380,02209308166823	
125,40750637757314	247,44119593116403	380,02209308166823	
125,40750637757314	247,362869416946	380,02209308166823	
125,40750637757314	247,33523720414624	380,02209308166823	
125,40750637757314	247,3196886347571	380,02209308166823	
125,40088300902525	247,23592748605626	380,02209308166823	
125,40088300902525	247,14410462343432	379,11569222327324	
125,40088300902525	247,07318139016346	378,65060640041423	
125,40088300902525	246,9883366679001	377,4732156451173	
125,40088300902525	246,92090270835567	377,4732156451173	
125,40088300902525	246,8660190515851	376,80042015991535	
125,40088300902525	246,7878371923342	376,7349144516527	
125,40088300902525	246,6912887540033	376,7349144516527	
125,40088300902525	246,64712169534664	376,70931556969606	
125,40088300902525	246,6065819563294	376,70931556969606	
125,40088300902525	246,5127944243595	376,7041124757001	55,33796572175077
125,38411453606658	246,47399394586068	376,7041124757001	
125,38411453606658	246,38917873103208	376,7041124757001	
125,38411453606658	246,328475016958	376,55128168159797	
125,38411453606658	246,29872713001225	376,55128168159797	
125,38411453606658	246,24614351198542	376,55128168159797	
125,38411453606658	246,20103512865495	376,55128168159797	
125,38411453606658	246,10466800576665	376,55128168159797	
125,38411453606658	246,0013810920028	376,51699098403844	
125,38411453606658	245,9147457609362	376,51699098403844	
125,04728357036774	245,7500477335372	376,51699098403844	
125,04728357036774	245,66045834200784	376,44542152863016	
125,00207521155508	245,63768410130794	376,44542152863016	
125,00207521155508	245,60590273723318	376,44542152863016	
125,00207521155508	245,51932946337598	376,2806353874621	
125,00207521155508	245,3742301213488	375,50088488847507	
125,00207521155508	245,3557568852792	375,50088488847507	
125,00207521155508	245,3215887269379	375,50088488847507	
125,00207521155508	245,2847400847044	375,50088488847507	
124,97188719698505	245,18509655967387	375,44499915891925	
124,87467897951166	245,06115730895192	375,12924518074266	
124,87467897951166	245,0215390766109	375,12924518074266	
124,87467897951166	244,95858109688012	375,0831800604662	
124,87467897951166	244,9166918328609	374,7594306958258	
124,87467897951166	244,88256956835477	374,7594306958258	
124,87467897951166	244,75375874251017	374,7594306958258	54,88599784343453
124,87467897951166	244,70095520717297	374,7594306958258	
124,87467897951166	244,56832458471624	374,7594306958258	
124,87467897951166	244,46731505823763	374,7375848458645	
124,87467897951166	244,4237215674183	374,721883111853	
124,87467897951166	244,39964820782944	374,721883111853	
124,87467897951166	244,3019262853116	374,7203245051715	
124,87467897951166	244,27332666875975	374,3425149282463	
124,87467897951166	244,2076336101814	374,3425149282463	
124,87467897951166	244,0535251078045	374,3425149282463	
124,87467897951166	244,01688197504535	374,3425149282463	
124,87467897951166	243,8728524844312	374,2668224138886	
124,87467897951166	243,81079537348432	373,6586576452839	
124,87467897951166	243,76204197673292	373,6586576452839	
124,83013666263746	243,701592807365	373,6586576452839	
124,83013666263746	243,6291583416078	373,57888452904297	
124,29088140767519	243,52742895115753	373,51140275391504	
124,29088140767519	243,48342005653387	373,3990598724839	
124,29088140767519	243,43464865618066	373,3990598724839	
124,29088140767519	243,38622820221616	373,2575256157592	
124,29088140767519	243,32112110776282	373,08605515046287	
124,29088140767519	243,26237529051298	372,5397915997399	
124,29088140767519	243,21323397996403	372,5397915997399	
124,29088140767519	243,13138277673232	372,40510000816204	
124,29088140767519	243,05690813588342	372,40510000816204	
124,29088140767519	242,9921951141956	372,0661937640814	54,5345201679186
124,29088140767519	242,82150303018886	372,0661937640814	
124,29088140767519	242,77863544392437	372,0661937640814	
124,29088140767519	242,71770460362015	372,0661937640814	
124,29088140767519	242,63064989954984	372,0471281092053	
124,29088140767519	242,61096198420847	372,0471281092053	
124,29088140767519	242,57166854079856	372,0030393238482	
124,29088140767519	242,55816695118972	372,0030393238482	
124,29088140767519	242,48213980842615	371,76070181527444	
124,29088140767519	242,43728993610546	371,76070181527444	
124,29088140767519	242,40485645966078	371,76070181527444	
124,29088140767519	242,35239461423728	371,7010748700213	
124,29088140767519	242,22722809455547	371,7010748700213	
124,20847368398687	242,1501719688032	371,7010748700213	
124,20847368398687	242,12113675062582	371,3389434631481	
124,20847368398687	242,0582350736624	369,40367122835784	
124,20847368398687	241,9868384427473	369,40367122835784	
124,20847368398687	241,92790131302888	369,40367122835784	
124,20847368398687	241,9137084578883	369,403404887763	
124,20847368398687	241,88272976140289	369,403404887763	
124,20847368398687	241,84109858190294	369,403404887763	
124,20847368398687	241,77715816001847	369,27945456738655	
124,20847368398687	241,66203012198747	369,13713496715883	
124,20847368398687	241,60436724133356	369,0068677393931	
124,20847368398687	241,50283110193058	368,2802788140099	
124,20847368398687	241,44831932224383	368,2802788140099	53,982900830873476
124,20847368398687	241,36974018871857	368,2802788140099	
124,20847368398687	241,32920613849856	368,1426451994762	
124,20847368398687	241,29437716600802	368,06910488093433	
124,20847368398687	241,1820994033244	366,785234116615	
124,20847368398687	241,1470327608714	366,785234116615	
124,20847368398687	241,09006653916825	366,785234116615	
124,20847368398687	241,00253374271705	366,68730206470207	
124,20847368398687	240,97231162140022	366,68730206470207	
124,20847368398687	240,95835930276436	366,68730206470207	
124,20847368398687	240,87455437031764	366,19323545810227	
124,20847368398687	240,84945712847158	366,19323545810227	
124,20847368398687	240,7685686364321	366,19323545810227	
124,20847368398687	240,70741578582624	365,71796225301756	
124,20847368398687	240,60790559248096	365,71796225301756	
124,20847368398687	240,55609939256618	365,71796225301756	
124,20847368398687	240,501164315203	365,71796225301756	
124,20847368398687	240,45032949980552	365,5621253349525	
124,20847368398687	240,38221832142176	365,2300095852302	
124,20847368398687	240,36983044312052	365,2300095852302	
124,20847368398687	240,35910158206661	365,1594887235382	
124,20847368398687	240,26377669142497	365,1594887235382	
124,20847368398687	240,24532246360732	365,1594887235382	
124,20847368398687	240,16755039497716	365,07347362023467	
123,80760075374046	240,09510279685804	365,00259357833806	
123,80610373461522	240,0379918235636	365,00259357833806	53,572938668275526
123,80610373461522	239,96734145511076	365,00259357833806	
123,80610373461522	239,9255582803114	365,00259357833806	
123,80610373461522	239,88187424259067	364,9783200273051	
123,80610373461522	239,8256333293402	364,96215789880245	
123,80610373461522	239,81636050658432	364,96215789880245	
123,80610373461522	239,74288974596712	364,95754282555913	
123,80610373461522	239,72665922497978	364,95754282555913	
123,80610373461522	239,6905795376082	364,94119453421627	
123,80610373461522	239,6817021744888	364,94119453421627	
123,80610373461522	239,6276098739736	364,94119453421627	
123,80610373461522	239,58881851785554	364,6731009856503	
123,80610373461522	239,5434568030815	364,15719818372696	
123,80610373461522	239,52968223182702	363,9716955691111	
123,80610373461522	239,452465006431	363,9716955691111	
123,80610373461522	239,40790761833364	363,9716955691111	
123,80610373461522	239,2867566550634	363,9716955691111	
123,73974378990168	239,12888084653616	363,8420910068614	
123,73974378990168	239,10005848523915	363,8420910068614	
123,73974378990168	239,03871288744173	363,8420910068614	
123,73974378990168	239,01365597910277	363,8420910068614	
123,73974378990168	239,0014395509819	363,7821662161157	
123,61762616707621	238,8856049082207	363,7821662161157	
123,61762616707621	238,8318480451378	363,7821662161157	
123,61762616707621	238,8070925861261	363,7821662161157	
123,61762616707621	238,79527821542507	363,7821662161157	53,17231553001251
123,61762616707621	238,74455643843336	363,7821662161157	
123,61762616707621	238,72848332188602	363,7821662161157	
123,61762616707621	238,71195559394874	363,7821662161157	
123,61762616707621	238,7068053340797	363,7821662161157	
123,61762616707621	238,68376769096992	363,73743483910187	
123,61762616707621	238,60724852701335	363,73743483910187	
123,61762616707621	238,575403938585	363,73743483910187	
123,58584622112988	238,47990863757406	363,73743483910187	
123,57870645057277	238,4433805922888	363,73743483910187	
123,57870645057277	238,40513787927128	363,73743483910187	
123,57870645057277	238,2903091248472	363,5662777884973	
123,57870645057277	238,26219769836666	363,5662777884973	
123,57870645057277	238,18691036520352	363,5662777884973	
123,57870645057277	238,0560791429167	363,4845510077182	
123,55315805569307	238,00544263700192	363,4845510077182	
123,55315805569307	237,9432672391727	363,12968417600763	
123,55315805569307	237,9346692187651	363,12968417600763	
123,55315805569307	237,9090245912846	363,12968417600763	
123,55315805569307	237,8943282018368	363,12968417600763	
123,55315805569307	237,83869848463738	362,9265625727886	
123,55315805569307	237,8031425145104	362,9265625727886	
123,24600261614944	237,76384680300274	362,62277020181375	
123,24600261614944	237,72872620255606	362,62277020181375	
123,24600261614944	237,70443146603094	362,62277020181375	
123,24600261614944	237,59564252662938	362,5870691850082	52,9887817821026
123,24600261614944	237,50030468301276	362,5870691850082	
123,21963881346527	237,43312369953105	362,5870691850082	
123,21963881346527	237,37668791582018	362,5450598860196	
123,16986473902455	237,32316747365363	362,31253622243776	
123,16986473902455	237,30016840062473	362,31253622243776	
123,16986473902455	237,24019114881452	362,1021276808098	
123,06114794107584	237,19990303584092	362,0339205801341	
123,06114794107584	237,1679062720702	362,0339205801341	
123,06114794107584	237,1343297906097	361,71076607818964	
123,06114794107584	237,10221575680168	361,71076607818964	
123,06114794107584	237,06114036716855	361,6608407563063	
123,06114794107584	236,9716143301725	361,579197392246	
123,06114794107584	236,937997798253	361,579197392246	
123,06114794107584	236,8910984205941	361,0246123896424	
123,06114794107584	236,79544673864254	360,8873441416049	
123,06114794107584	236,73309789135683	360,8873441416049	
123,01568201455501	236,6950235040727	360,8873441416049	
122,97319824778884	236,61201400324043	360,8873441416049	
122,97319824778884	236,57432035242644	360,3789271693306	
122,97319824778884	236,55317073668658	360,1778757719845	
122,97319824778884	236,4602871094826	360,1778757719845	
122,97319824778884	236,41934419894147	360,1778757719845	
122,97319824778884	236,41040696916366	360,1033215516016	
122,89588243744578	236,3082342626609	360,1033215516016	
