2007,905889559128	3888,300469570031	6018,527965005291	881,6061824243858
1913,0916837779732	3744,498638586289	5861,598057050608	
1861,441674510405	3629,8029557152586	5721,597489697647	
1855,0380300327631	3542,1602002039817	5558,294255417397	
1799,5469513992869	3448,460056489122	5385,050641743829	
1768,663039862341	3376,0180657076767	5282,310529971399	
1737,4882970125184	3304,486176195048	5133,132138683206	
1720,246006141162	3238,9455604956547	5018,594355306904	
1700,3819865071096	3181,523794904761	4942,421234529248	
1680,605710356983	3123,385060439963	4812,8801695948405	
1648,722461665259	3071,7554276533274	4732,092314445033	
1627,3470071317602	3027,030796867668	4661,52309087579	
1591,340659071757	2982,8112223216403	4540,386755045664	
1571,9049234566453	2938,2204223700437	4465,9443704996365	
1553,4790102090033	2895,5992418388564	4375,279757742299	
1539,4163220195717	2866,1921528978237	4300,255735523538	
1524,4108564100545	2828,123368402301	4245,839910071735	
1511,1656604308105	2794,698272689976	4188,380940149536	
1502,5405478506298	2764,4838338436903	4114,73424997823	
1481,9373970665608	2737,302681387703	4068,6581788482067	
1456,794522538379	2710,3482725228764	4026,5938529779155	
1423,9654760855074	2684,0835436955863	3977,8658014644734	
1420,743054989591	2658,7005565377763	3910,757785582224	
1413,662986563495	2635,2955919029673	3875,709753376763	
1403,7761607817547	2611,0381502151126	3820,201271784902	
1386,7068918406103	2586,920013067354	3774,979006734432	505,57423740392136
1379,964815770408	2565,962002536391	3738,6243121698453	
1367,8363396878083	2544,2467263601643	3695,808677315482	
1348,3048232856681	2521,193257380338	3666,065225007019	
1337,63114939801	2497,45315878966	3619,9615232386072	
1326,9785081888965	2476,130610510978	3590,461889110238	
1308,9316459254221	2455,321530814169	3551,848246495272	
1288,3124268019287	2431,8948644098837	3519,2147688074606	
1265,2319670902796	2409,0059559351653	3487,8125144385263	
1259,674187288051	2382,7607931672924	3431,997783739256	
1248,5651935887527	2358,5733546609804	3419,6121307286494	
1235,6970352163696	2328,484605390918	3392,252327933003	
1220,2634969084922	2301,1381338903484	3364,6572261347637	
1194,5833430792188	2268,4525612934244	3333,6667551323694	
1180,4338311279803	2240,4372899954324	3295,4226709713234	
1144,1831965307977	2208,538758785791	3265,489349457117	
1099,7169205798887	2180,084432016777	3241,546104236967	
1077,0393001283935	2147,6208274854134	3209,039521814168	
1050,0807082963559	2118,7578592455743	3177,40021315189	
1011,960749918264	2079,3914108348436	3131,1245165992573	
981,2237705844475	2047,4913399942664	3097,3875692925185	
933,641522016286	2012,639939815024	3073,4193556931846	
898,8689393709193	1977,8981277213682	3036,929646806384	
874,9187053653221	1938,0808601135138	2997,18803376712	
850,4871248036656	1903,1647494174065	2973,69306178021	
834,3271191398304	1870,4624116008176	2950,0651960035957	465,4546199469737
812,8931434071426	1833,4282385780798	2926,547598436787	
782,1437859638872	1797,024959690558	2885,597475300358	
759,9967427826274	1762,3309320464	2856,2804507515607	
722,8814128757363	1724,1990137671287	2819,894376009025	
708,6372271039304	1688,1371378269616	2788,238995938632	
685,8127220272216	1647,4894865247668	2749,4332079008977	
656,7244835256787	1613,6251548796076	2726,75168929727	
636,7448780980237	1579,0396269847383	2677,2640539728886	
619,4942315518088	1546,417385420743	2644,6086040377036	
600,1507354536333	1513,434949555302	2610,2939060127583	
575,5956073697373	1481,0962975570937	2576,097448156772	
550,9258152641727	1450,1927296754147	2540,0021650482613	
538,8087139924866	1420,054860025206	2503,5863157063322	
527,7944273065998	1390,8862927766195	2474,5752703364296	
514,2190221592746	1363,6658066552784	2444,788857879725	
500,5531919705533	1335,974959140508	2401,6035456735485	
491,20440115380666	1309,1979821579803	2370,936159816277	
482,6458285356151	1283,3015107984204	2324,8906141207035	
471,5957963939142	1256,6787277319102	2288,4277748429995	
459,9743123569491	1231,3618019198357	2260,304408644004	
450,5363938879736	1207,1320957028759	2233,506599666626	
436,89732186052584	1183,5097963299477	2203,7896678168017	
428,8602970895216	1163,165005722267	2171,7793836241844	
424,35996426630044	1141,9879282259924	2148,273830778182	
412,5637258689339	1120,1755136336676	2132,290449146551	388,7971683841986
402,7927375511072	1098,9425134616913	2097,3652972682853	
395,85606518398583	1079,8199707121987	2070,418559848842	
388,84989809350634	1058,5171121759718	2037,2952397580107	
384,828746528037	1038,1874599400137	2005,8429837072515	
377,6735358002437	1019,5547410664445	1981,744522995768	
369,5855319500569	1001,0598010021799	1964,7160241058143	
362,35989757434197	981,9731757810604	1937,67016952095	
358,41195487731477	965,2570195163627	1907,6349105452575	
352,38457010942744	949,3422396355047	1887,3878004431235	
348,0261771707659	931,5436079632424	1867,3445462638233	
345,63394818340197	917,5860148693105	1841,2605394319157	
338,62827967460987	902,1530934013485	1832,6510640757322	
333,09228611132426	886,7749815457958	1814,4699633730522	
323,00287832026794	873,033706531312	1788,5397155231165	
319,99226796786957	857,4403473948328	1754,5059084474365	
318,6482533896576	843,474407833816	1741,438491609854	
315,02340225659844	829,9322988515192	1722,2487432225043	
308,91360659481876	817,6839047403122	1697,2137304615637	
304,7357339794303	805,4593734396162	1681,5560898419772	
301,99136590284206	793,3630044919539	1667,1039885605726	
301,1265446663347	780,493947922138	1642,5610552917112	
296,28102884016283	769,8301610789807	1627,4055513258763	
293,33692473818564	757,6581431251236	1598,7853233104888	
290,724885745839	745,9676220412118	1575,3949999232561	
286,0383923213134	734,91654961331	1560,2313436105565	286,18150597065215
283,9120416558537	723,6352450665926	1543,2740059797463	
281,7061724780918	713,087096860462	1525,565719936535	
279,3192019302898	703,4871672702399	1498,8670246575257	
278,6448605692414	694,4458708500804	1481,558178305825	
276,65180568610265	684,9681388532797	1468,1805757901423	
272,1274704176122	677,0171896901239	1459,9035154608462	
271,62460755992083	668,7544252934724	1446,0978069692885	
267,58668565148184	660,7945254448721	1426,7073894278928	
266,54331399014654	653,8974556844497	1413,7903107724987	
264,2537411746504	645,4912244771878	1393,8170576734756	
261,8660458893298	638,1514592931507	1378,7789750817851	
259,04388210609767	631,0258823212957	1360,2707948110415	
258,52439429368513	624,6315149699374	1344,7016983050646	
257,70169513614337	618,1860559049813	1336,583337041224	
255,88111912049982	612,1059326093347	1333,483075159119	
253,1219728737516	605,7396521375601	1321,2523003055767	
252,36244962107156	598,8909707239796	1307,3863633991155	
251,46985900050706	593,7007562294256	1293,4799609682464	
249,95266461463441	587,6251324231266	1281,7222992404586	
248,83100300338498	582,0778207680756	1267,0144487776986	
247,76168725215254	576,7436345151433	1257,9896824201694	
247,10384104189353	571,1756467010498	1248,171223531078	
246,40294878378816	565,8722729074971	1236,7110065814998	
246,0470790484726	560,7194460662597	1225,0327960225038	
245,08055332146375	556,1350795537548	1214,2106617768122	202,81607278214346
242,94132443931667	550,910434440319	1207,581952531593	
241,3374462087155	546,5930885990957	1197,182227070153	
238,93569184561287	542,192712613905	1185,9867105202923	
237,86708313949916	537,4441685270848	1171,665018564113	
236,1669632111543	533,6321964752605	1167,0878160860673	
235,6811980070155	529,6551822399721	1157,9223231135054	
233,1371710739294	525,6267942523183	1151,5679341271584	
233,07233761631934	522,0727163262413	1141,750580530034	
232,3000567700525	518,3285137683216	1128,721267836094	
230,52347729557118	514,9191244193222	1119,4316965196426	
229,6915396612918	511,2585973934034	1108,7346470992022	
229,31200818274104	507,99553750807985	1094,65385416181	
229,31200818274104	504,7425550960541	1083,328176923991	
228,63213791565772	501,5418627829026	1074,9914684706116	
228,12909809466774	497,8261677019465	1056,7098555242694	
227,80982202273862	494,3734244109494	1048,9210896439001	
227,73744410390074	491,0518374308564	1041,1539339830651	
226,19406293197488	487,7425601608573	1031,0092187320013	
224,6273936843928	484,215629793977	1018,1817670440211	
223,7715702693839	481,0773436763855	1012,817605681224	
223,244269302788	478,1070002143264	1003,2583091824707	
222,25763621074245	475,77319356867724	995,1577001151629	
221,72435021619253	473,36708657965215	983,7565571846369	
220,82615298970865	470,4940408813811	975,8728043374359	
219,84285049510206	468,2403108442531	966,0387085439818	149,21286387642877
218,70435771221918	465,46164320662393	958,3980773317048	
218,14507881146974	462,85815373604476	946,2854760592718	
217,34908205864437	460,61020159510736	940,1418397845196	
216,59337320424228	457,89501538590974	934,2758226217907	
216,36962489106696	455,7030182568237	928,7864261407817	
216,20602855818296	453,15232810244277	916,1663050463134	
215,48187053893386	451,07606546804413	906,6154081007523	
215,11175845672494	448,7454004010258	897,1251881432773	
215,00972635902184	446,71683467029703	889,6552319105671	
214,36664501888387	445,03384887941246	887,8817481169303	
213,66204522409873	443,39331606950304	885,3293880764111	
212,95056728686387	441,04750060326666	874,8016939809075	
212,62732857477013	439,3598488927248	864,6498038849838	
211,92668481711516	437,4192629759691	858,5109891279749	
211,8440262092399	435,71593817424366	848,720336331131	
211,82363457074865	433,8413704461646	844,7925413615798	
211,04175768705645	432,0394174727693	831,630248238979	
211,04175768705645	430,55015741975564	826,3806141741613	
210,70678676715121	428,8884710656688	823,731017234534	
210,66958490115184	427,19315827714456	816,8875147439524	
210,6055508810692	425,84922935916586	814,3959978758104	
209,75075167952085	424,4350421408702	811,0642122707848	
209,75075167952085	423,0941692899887	804,7004761974246	
209,75075167952085	421,87056276742237	800,469795234085	
209,52470295621345	420,36259658194996	792,2980555871112	116,0445862856217
209,07957458120507	418,6183185710771	787,5953499608862	
207,77519259867847	417,06609521844524	780,8378937239431	
207,77519259867847	415,56581018337766	770,6553058573246	
207,52922660021358	414,5802055357718	768,3079339883433	
206,97268207786254	413,0518560509295	757,3047640793495	
206,97268207786254	411,55943644296235	750,5595494160303	
206,83902556346743	410,2270131975772	747,3951138994747	
206,83902556346743	408,78714000808463	739,7066621661995	
206,44267390970842	407,67677035921423	737,4115812791475	
205,64535265108134	406,64948987193367	733,5168777031452	
205,4433536205765	405,3579908793913	730,3433720326241	
205,32272879806408	404,2241806354829	727,0975506452244	
204,78680796564655	403,0840345371955	720,7624449692075	
204,08305656534478	401,68031160015397	718,6092611941099	
203,3911027083649	400,52149165516414	716,4033178460581	
203,24618581981312	399,3554770997486	712,4376746364592	
203,1684283287002	398,3268921321814	706,7409716675403	
202,73854538294802	397,3823496227038	702,555079688872	
202,73854538294802	396,24072353606675	699,4271509644573	
202,73854538294802	395,1511110468167	696,8277156177029	
202,67204269828292	394,26514619434835	693,0876234578501	
202,61925337004817	393,43222895242747	688,3165705869691	
202,30332030016223	392,55801695606203	685,2687983384328	
201,98002527764322	391,3201755851582	681,679633142249	
200,95213523194136	390,13368283890026	678,467239366883	98,20109595344857
200,6499556414902	389,0399767950182	674,9478669070121	
200,53962983180406	388,2938224140911	671,6649972912561	
200,3730729252446	387,4801736639953	666,4843328495793	
200,3730729252446	386,66351951019357	664,9271673674126	
200,03393378989935	385,82142417268386	663,6068896031751	
199,7947079611454	385,0259423202291	662,1784035163728	
199,73738235962304	384,5660962025738	661,1689338346733	
199,16910864423318	383,80152733682627	658,8891123406896	
198,6379558177019	382,9409084749461	656,2034701355805	
198,58055640164116	382,19205510500245	653,5623019117317	
198,44158601163147	381,39284338016523	648,078040929721	
198,44158601163147	380,83917229418614	646,2492007398993	
198,44158601163147	380,21922236641666	642,4442773018861	
198,06470356646815	379,33481650077937	640,7230868727667	
197,9989499163971	378,32576149673673	639,0963304064227	
196,5376706376065	377,4793222448021	637,3902153997902	
196,28090236323243	376,501717277419	635,6654709272003	
196,0278362945459	375,56119120708695	633,0557201418941	
195,74105244277467	374,5798755676668	630,8830585993668	
195,65317435518307	373,81941727284385	629,0134388369669	
195,1408368411769	373,12465296918185	627,575104052641	
194,6714406980601	372,12670469720206	625,0442651645898	
194,5740587685702	371,40923815999764	623,6589623769943	
194,56885195040167	370,7734637754875	622,8135954131424	
194,2598664155603	370,0748084976427	617,3265015893884	88,22597427296503
194,07188406318167	369,60791646585676	616,4164307345687	
194,07188406318167	368,71368131192236	612,0444405811677	
194,07188406318167	368,0041540375538	611,400359027242	
192,1777722981911	367,3006689203883	610,3054282576269	
192,09170580309402	366,6927254232784	609,437666065068	
192,05198285599923	366,06067185604275	608,3800889369065	
191,73084881516846	365,43609767280793	607,2133889643324	
191,42332265427143	364,81927241926877	606,7107278739863	
190,9934291010226	364,31621452541725	604,7177669031847	
190,9934291010226	363,856508764645	598,4120202284819	
190,89563670480686	363,2898798852208	596,3846065602269	
190,74344610688865	362,7005974823774	592,7798139956972	
190,60337432091666	362,1542218181064	591,9718953739805	
190,51766986285037	361,64064272987866	591,1377318301099	
190,45053858398077	361,18175208756765	586,7500687424437	
190,2788366294382	360,56922696129516	585,3040021198597	
190,25275751967013	360,0966275004643	582,6226945114234	
190,25275751967013	359,5393685642785	582,1168217031501	
189,92417626602114	359,00626759468213	582,0555494074052	
189,66350783618796	358,4030656630495	579,9237757869575	
189,5656850616211	357,73371343021904	579,6244157885855	
188,90224383965366	357,0151350027894	576,9407437653326	
188,90224383965366	356,61378771610697	576,3905180928882	
188,90224383965366	355,92483378005477	575,2319860499313	
188,5124739536708	355,37255975758677	573,9312222553452	81,0649120527858
188,5124739536708	354,6583143036379	572,5954012167372	
188,47737412824426	354,22468148248277	570,1129755909612	
188,46303582188335	353,40412974447315	564,0213832906361	
188,30861659923957	352,8426246830918	563,8387699185195	
188,30861659923957	352,37750453134294	561,6594008953857	
187,91343589026565	351,9421217228202	560,1849560036474	
185,85009312721343	351,27076093337274	559,8216612031578	
185,578508101789	350,572715472478	555,0667440511335	
185,5400570322738	350,23924828322413	554,7796554923141	
185,23059449145447	349,78231057647577	552,8166214251294	
184,87525389930795	349,28064861331194	552,3588882761335	
184,87525389930795	348,89637811284445	552,2869247579962	
184,87525389930795	348,47114514063634	551,7964516216541	
184,87525389930795	348,2169162591991	551,0654002641423	
184,4136293172427	347,92985645873244	550,5056721151548	
184,20633705565513	347,3624623117464	550,3750669104197	
184,0898987621127	346,8286588657621	549,4970153976643	
184,0898987621127	346,20063842310236	546,2769146150555	
183,81161270833348	345,71832567776386	543,3426341436962	
183,55602126581252	345,39603829927205	542,3288331832435	
183,55602126581252	344,98169373852846	542,0215222092992	
183,55602126581252	344,70009225265164	541,3814580771743	
183,55602126581252	344,17139107710494	535,1791334095283	
183,55602126581252	343,8859902223173	534,6279264403373	
183,52749197875653	343,5254096445544	534,6279264403373	75,71738025771181
183,09081719033384	343,1202471865015	534,5579220336781	
183,09081719033384	342,7899840325475	532,6653011463417	
183,09081719033384	342,48394583926245	531,9385669987963	
183,03901220089546	342,244578868622	531,3502149800122	
183,03901220089546	341,9404358755497	530,7302883231204	
182,95616687529738	341,6565408784795	529,6029495136981	
182,95616687529738	341,26328629499153	528,5624269648636	
182,92058502677457	340,95223187927263	527,9146919438635	
182,44431885089082	340,66092894600166	527,4778803679696	
182,44365408377598	340,3682285132069	527,4432291299439	
182,24217359931714	340,03859657417655	526,9569962408307	
182,24217359931714	339,6671497197606	526,3692520985755	
181,72262494099883	339,3068270574765	525,8838889657353	
181,6471944734698	339,0351667368019	525,882817309638	
181,6471944734698	338,7325597023201	525,6704372771766	
181,6471944734698	338,42090047960045	524,809380054506	
178,1767975112617	337,9265404452794	524,1186398797893	
178,1767975112617	337,58559857843517	522,3871220871337	
178,00947861782203	337,3233653354028	521,9331213150283	
177,50142748935758	336,8787428970419	521,8573350817625	
177,50142748935758	336,3967804901918	521,4784545391809	
177,50142748935758	336,0281966375603	521,4784545391809	
177,4722584326507	335,6697888402664	521,4784545391809	
177,2441466976503	335,3799995288231	521,3159968498916	
177,2441466976503	335,1091829429388	521,199327446931	73,49852531704794
177,17988864719405	334,8437072198009	519,7827242719165	
177,17988864719405	334,43509801807204	519,7100715906306	
176,96731786115092	334,2233477659439	518,4963980648067	
176,96731786115092	333,94689844582723	518,3169648211314	
176,789397130475	333,6302126813626	517,3343549405595	
176,72836433837918	333,22892209412186	515,1391332212014	
176,72836433837918	332,95340491141513	514,5765618047476	
176,72836433837918	332,6542689364967	513,1041456991086	
176,09325797252063	332,2472986226623	511,70914808848596	
175,9118420322751	331,7992684142153	510,668564072222	
175,74758617253866	331,3328304409469	509,97523376264076	
175,40606109164804	331,0617804965491	509,82135005163263	
175,40606109164804	330,6640703586602	508,95574453696645	
175,40393208517293	330,1997078087162	502,7478295490797	
175,15738208717462	329,97248818121415	502,3507386446747	
175,15738208717462	329,7534816093387	502,20100926925255	
175,15738208717462	329,40652050600477	502,01894708713286	
175,15738208717462	329,1633698544141	501,7655497837179	
175,15738208717462	328,8627310974997	500,90084783484645	
175,0668569903122	328,6282460919459	499,29857661255346	
174,94037239617327	328,3601589539392	498,34090989590374	
174,94037239617327	328,1729039151251	498,1913545590903	
174,94037239617327	327,8986879169138	498,10369911419167	
174,94037239617327	327,6048178382922	497,7041657048498	
174,53699829723783	327,40044748263585	497,7041657048498	70,1949697672603
174,53699829723783	327,1825186399168	497,63462580539914	
174,53699829723783	326,88083382016345	497,61419683141867	
174,32951816492564	326,4941234808976	496,2486962438792	
174,32951816492564	326,3399641293739	495,8527688189851	
174,32951816492564	326,21439158768135	495,8527688189851	
174,28132076052995	325,96913485614624	495,6519260339517	
174,0908176297643	325,8186468277213	495,2854874032226	
174,0908176297643	325,62665306071375	495,26635131728193	
173,73575949282687	325,2243367069948	495,26635131728193	
173,73575949282687	324,93090391168096	494,1515047554356	
173,73575949282687	324,7695240505259	493,73287535428585	
173,73575949282687	324,4828215135052	492,78953528558907	
173,73575949282687	324,2845181130891	492,78953528558907	
173,73575949282687	323,8055788133074	491,6348482017481	
173,62331195951288	323,5901872178194	490,94090869676506	
173,62331195951288	323,338593445716	490,0325933096548	
173,62331195951288	323,02632194864674	489,05798200481945	
173,55576584931688	322,88762284876117	488,9722400639001	
173,5452153779053	322,64995950746675	488,7026405237986	
173,5452153779053	322,4158081235811	488,2125369721904	
173,5452153779053	322,1824347689307	488,18952363391116	
173,5452153779053	321,97251398718413	487,933702876474	
173,49610561752837	321,7292242447132	487,9049060154456	
173,49610561752837	321,66676734443513	487,8549092667515	
173,49610561752837	321,3910729218021	487,49699096256154	67,84494452804599
173,49610561752837	321,07981256015125	486,32531453948826	
173,29088880494967	320,6728610443773	484,25033002006313	
173,2711924717006	320,3694165093107	483,32141464250117	
173,2711924717006	319,9957777405158	482,4083142232858	
173,02498250556891	319,7829041347294	481,9987191275175	
173,02498250556891	319,61062806844683	481,7088619761686	
172,9912440953004	319,4051949181529	481,4814020902006	
172,9912440953004	319,1846049684567	480,4691606168453	
172,1948637659823	318,93120711587187	480,4691606168453	
171,99527381239946	318,6486294187079	480,4691606168453	
171,99527381239946	318,4444717994578	480,32513389103855	
171,99527381239946	318,13907144376293	479,6408111535652	
171,99527381239946	317,80902011012995	479,3796032885139	
171,99527381239946	317,64898560928754	479,2105738769948	
171,99527381239946	317,4365703560964	479,2105738769948	
171,99527381239946	317,1085589805807	477,85000112201124	
171,78376226145463	316,9549117609698	477,85000112201124	
171,78376226145463	316,60250062338537	477,19846034921676	
171,78376226145463	316,3666128235581	476,82846931279	
171,66462040355452	315,7900572867096	476,7600597605286	
171,66462040355452	315,5661641123439	476,52089716282114	
171,62178682919068	315,2312792995078	474,6853168081852	
171,62178682919068	315,03444677015517	474,6841480994632	
171,62178682919068	314,7545728986728	474,3999801641918	
171,59480073311946	314,57705180151606	474,1256165317352	65,82845536897163
171,32340172053154	314,34074112804507	473,93580452686086	
171,32340172053154	314,2279034228411	473,67866240838305	
170,70791605582778	314,04066814547963	473,5575606751594	
170,69464842045053	313,9235818689893	473,5411452698796	
170,69464842045053	313,78786315342836	473,5411452698796	
170,68917711518014	313,6120210179221	473,5411452698796	
170,68917711518014	313,4330365339272	472,5816193861732	
170,68917711518014	313,22826041423804	472,5816193861732	
170,3531722640424	313,02503109708283	471,0393366230016	
170,3531722640424	312,83896888829645	470,6815446561987	
170,21422701452735	312,604952241061	470,3900376763725	
170,21422701452735	312,4976532080288	470,2318369551737	
170,2029576883386	312,2493320312418	470,05824139292855	
170,2029576883386	312,0809253975265	469,93402598077574	
170,2029576883386	311,904988795487	468,7306074322535	
169,98951659251503	311,75105614221235	468,7306074322535	
169,98951659251503	311,55392263833414	468,3519729905108	
169,8600514990232	311,3937824774646	467,913177631949	
169,8600514990232	311,289047442045	467,61456030071827	
169,842971261288	311,08067378673195	466,0338797893296	
169,6733500999888	310,96682672353745	465,8239058034209	
169,6733500999888	310,54902277370223	465,76550053265856	
169,63844416380812	310,32055171615656	465,3319642603868	
169,31507483411303	310,18081198447624	465,1592038692237	
169,31507483411303	310,05809216263276	464,5460106177434	64,51080470435508
169,20751654955217	309,77934860783904	464,5460106177434	
169,20751654955217	309,53526996128124	464,4012609049353	
169,20751654955217	309,3023831314249	464,2545075739248	
169,20751654955217	309,1467316474252	464,2545075739248	
169,20751654955217	309,0393346011565	463,92833771780647	
169,20751654955217	308,8733076014845	463,80441844514183	
169,20751654955217	308,5905961377576	463,0512990413436	
169,20751654955217	308,4903951967765	463,0512990413436	
169,19882571040372	308,2519329044082	462,86431712738965	
168,98521348857986	308,088102282926	462,41493736226244	
168,33822996679086	307,8170442518906	462,2107195554609	
168,33822996679086	307,72750889178155	462,2107195554609	
168,12027028299389	307,63900364299093	461,55099334783137	
168,12027028299389	307,33051104507905	461,4936665943449	
168,11218243599586	307,18876629328344	460,6699091105552	
168,11218243599586	307,0715318898168	460,41800826836493	
167,9685520434618	306,9687352174903	460,41800826836493	
167,82478414624248	306,84594764789887	459,954232319677	
167,61842843993244	306,50678749656277	459,5477926261007	
167,61842843993244	306,29937885761024	458,80314395898074	
167,61842843993244	306,13692486318314	458,3198724987197	
167,61842843993244	305,94516736388863	458,31393153039056	
167,61842843993244	305,7724114997152	458,0645685367351	
167,24304411863858	305,5832505431124	458,0645685367351	
167,24304411863858	305,25271420008585	457,87173229029105	63,383669300545506
167,21249780292487	305,15906780595515	457,74420836476304	
167,19094270131984	305,03733895317544	457,74420836476304	
167,1063001744411	304,91636568360354	457,49098195501705	
167,08419293370514	304,78098270437994	457,49098195501705	
167,08419293370514	304,5023362926225	457,49098195501705	
167,08419293370514	304,40571899359725	457,21989605118995	
167,08419293370514	304,3136361003483	456,9656908042836	
167,0092837584387	304,174353376812	456,9540654828845	
167,0092837584387	303,85456241470746	455,4549906780351	
166,548645598187	303,67904762610766	455,25268923027727	
166,4334849021829	303,6003517629069	454,9528540438567	
166,4334849021829	303,4555573083609	454,867191791376	
166,4334849021829	303,3559441428531	454,867191791376	
166,27718106523048	303,2752823567418	454,77961494149787	
166,27718106523048	303,2044227901936	453,69738648040993	
166,2706581446781	303,0093734073445	453,69738648040993	
166,02434614848178	302,75503080262496	453,569565277805	
165,88974707930066	302,6903900462771	453,569565277805	
165,88974707930066	302,52563558549775	452,6190069617226	
165,88974707930066	302,3036579532851	452,5132372221768	
165,79475748397905	302,13169379434913	452,5132372221768	
165,25392537709848	301,94373393784963	451,5342382965611	
165,16853090472418	301,8691597502948	451,5342382965611	
164,97337521674604	301,4099528367354	451,1162991229654	
164,97337521674604	301,3103229396813	450,4681375563092	62,483477808946944
164,89812067573473	301,0817708577374	450,42207029445143	
164,89812067573473	301,009789742517	450,1631669865365	
164,79447132130556	300,8421458417554	450,10376071077076	
164,72218431123872	300,72407311032015	450,10376071077076	
164,72218431123872	300,58606585733685	450,10376071077076	
164,72218431123872	300,2029409576507	449,5524569059876	
164,72218431123872	300,09843656885255	449,28261689170984	
164,6368349396943	299,99638938687076	447,9799249614358	
164,57712129172035	299,6295460777103	447,7200504097102	
164,56988052475342	299,40437822987985	447,7200504097102	
164,4825405964128	299,10116941199436	447,6267356825124	
164,4825405964128	298,8642221172079	447,48193239076284	
164,4825405964128	298,74697491945483	447,36097935380246	
164,4825405964128	298,65885183804943	447,36097935380246	
164,48111079556384	298,4756339418833	447,25044125768386	
164,48111079556384	298,35838869362664	447,25044125768386	
164,48111079556384	298,24824986151924	447,1800420993243	
164,48111079556384	298,0752598596887	446,7087180102691	
164,48111079556384	297,9703527728849	446,44038113234586	
164,48111079556384	297,8748913817498	446,44038113234586	
164,47632856758918	297,7642082560185	446,44038113234586	
164,46480124693403	297,6796862928231	446,44038113234586	
164,46480124693403	297,6202797851288	446,44038113234586	
164,34831099556604	297,560405001521	446,44038113234586	
164,34831099556604	297,36416449453543	445,6915633811895	61,41347436477053
164,13143787393935	297,1981473875998	445,6915633811895	
164,13143787393935	297,03792669826316	445,6915633811895	
164,13143787393935	296,97674138717304	445,6915633811895	
164,13143787393935	296,75450398224103	445,66526226679935	
164,13143787393935	296,5250477530627	444,6916441770451	
164,13143787393935	296,4258648099708	444,66000869397067	
164,13143787393935	296,25859107539196	444,66000869397067	
164,13143787393935	296,1496885644013	444,55790576134564	
164,10247396719373	296,0094265869772	441,80172658223853	
164,10247396719373	295,9100177559774	441,80172658223853	
164,10247396719373	295,7817497093077	440,3059036081155	
164,074743438804	295,66843729676594	440,3059036081155	
164,074743438804	295,6057384288243	440,3059036081155	
163,42670618220086	295,4014399452876	440,3059036081155	
163,42670618220086	295,1237385418282	440,1044246967446	
163,42670618220086	295,0608521097375	440,0313566424301	
163,42670618220086	294,9871090082336	440,0313566424301	
163,42670618220086	294,70238872815577	440,0313566424301	
163,42555968415863	294,36038761607256	439,9529000547661	
163,35287364036208	294,254583590061	439,87356285604096	
163,29258362960954	294,19113128202696	439,66402187436654	
163,29258362960954	294,16591830313143	439,3644312528169	
163,29258362960954	294,03080513185967	439,3047088096709	
163,29258362960954	293,8201037231572	439,3047088096709	
163,29258362960954	293,70956453801426	439,3047088096709	60,612391543758484
163,15785711047317	293,5755255993009	439,27408667238143	
163,15785711047317	293,3987363992926	435,51964384413327	
162,97554801550288	293,2474607506489	435,32590097360713	
162,97554801550288	292,78820105402684	435,2941077126306	
162,50286536506368	292,5771651512545	435,01588478735687	
162,5018370955382	292,4655186430528	435,01588478735687	
162,4132298571348	292,3026589860338	434,9320752904482	
161,99313467951788	292,13140554260195	434,92392340452903	
161,99313467951788	292,0103036496778	434,623996186023	
161,99313467951788	291,881602995296	434,4039584097411	
161,99313467951788	291,6912827132866	433,17395824448903	
161,99313467951788	291,6176221339926	433,0434724253987	
161,99313467951788	291,53655559018745	433,0434724253987	
161,99313467951788	291,4747570017645	433,03083919427513	
161,67560608807142	291,35645467485347	432,99589995387583	
161,67560608807142	291,2847285885131	432,7582121474279	
161,67560608807142	291,1431907956956	432,7237013156342	
161,58451116711194	291,05749894976015	432,7237013156342	
161,58451116711194	291,01863974984263	432,7237013156342	
161,58451116711194	290,95448738329355	432,7237013156342	
161,58451116711194	290,842871319089	432,4607159823559	
161,58451116711194	290,76446934733895	432,4455879479147	
161,58451116711194	290,6509273984121	431,6954546936827	
161,58451116711194	290,5704002480119	431,6954546936827	
161,58451116711194	290,5019772274608	430,81438954751684	59,662849846202604
161,4924029046318	290,40160157910015	430,40967681893477	
161,4867486286735	290,22511991957964	430,23766100336127	
161,02866264117384	290,0369267067554	429,1294856493921	
161,02866264117384	289,94548974196493	428,85707905328127	
160,99346423650064	289,8345883380928	428,73338452441857	
160,86553150457513	289,6753842013183	428,73338452441857	
160,35663770711034	289,5978329843102	428,6750487490324	
160,32039593725509	289,508634773207	428,6026479207252	
160,32039593725509	289,36687839740756	428,5218314751634	
160,32039593725509	289,272295322908	428,3404282569325	
160,32039593725509	289,22358859812624	428,21275302670676	
160,32039593725509	289,1962837709259	428,21275302670676	
160,32039593725509	289,06894867705137	427,8523898879101	
160,32039593725509	288,8309095884857	427,5759951738908	
160,24737315383243	288,75403289117764	426,98872663508564	
160,24737315383243	288,69503770367743	426,837350026037	
160,0797423270053	288,54388332031135	426,837350026037	
159,91549664416556	288,4626801601781	426,837350026037	
159,91549664416556	288,3961300615777	426,837350026037	
159,73393378449612	288,31556315018645	426,77021269610174	
159,73393378449612	288,2487881740942	426,77021269610174	
159,7129093581155	288,1463238921178	426,19463887243046	
159,60890367624373	288,0900885492335	426,19463887243046	
159,60890367624373	288,0541334733088	426,0546860941924	
159,60890367624373	287,9616234131474	426,02615991884807	58,78036685465005
159,60890367624373	287,68036165321564	425,34330362693925	
159,60890367624373	287,6243012860561	425,3184548316929	
159,53232586866517	287,5481336886447	425,3184548316929	
159,53232586866517	287,41651240211814	425,1027881237713	
159,53232586866517	287,3324222854126	424,94814463656667	
159,53232586866517	287,24653980071423	424,94814463656667	
159,2775604675669	287,1759264471954	424,94814463656667	
159,2775604675669	286,8747296756054	424,94814463656667	
158,91556928038148	286,835653198935	424,94814463656667	
158,91556928038148	286,74401499352183	424,78173616834414	
158,82407675578918	286,6457155194746	424,78173616834414	
158,82407675578918	286,6206600124226	424,613264593014	
158,82407675578918	286,532321306718	424,52900886923527	
158,82407675578918	286,27686500291105	422,43783928153533	
158,82407675578918	286,19225985592874	422,43783928153533	
158,77682018871636	286,08430073034486	422,31286453403635	
158,5743882829407	285,9189823888473	422,12589214724153	
158,5743882829407	285,83907885691264	422,12589214724153	
158,5743882829407	285,7913975037363	421,954340190953	
158,5743882829407	285,7444974339733	421,954340190953	
158,5743882829407	285,59585828150995	421,8717998693304	
158,5743882829407	285,50400180626576	421,40710455617324	
158,5743882829407	285,3885433970609	421,31176698071135	
158,5743882829407	285,3477983261482	421,31176698071135	
158,5743882829407	285,2206572301396	421,31176698071135	57,98145429360112
158,5743882829407	285,12881388024545	420,6941587959721	
158,5743882829407	285,0196359472661	420,685230604427	
158,35157083307138	284,9751599052841	420,685230604427	
158,33461866402737	284,9167141012815	420,685230604427	
158,33461866402737	284,8484610605326	420,6105438061349	
158,33461866402737	284,6849683915753	420,47221011864826	
158,33461866402737	284,5966105649898	420,47221011864826	
158,33461866402737	284,5831889527238	420,44679786859933	
158,30685025824306	284,5171006997547	420,3405317239316	
158,30685025824306	284,4281072867214	420,23501402170405	
158,30685025824306	284,3056243439073	420,0935729997878	
158,30685025824306	284,2775136716955	419,8013808875734	
158,30685025824306	284,15022815104976	419,8013808875734	
158,30685025824306	284,01088805657014	419,2578655857413	
158,30685025824306	283,9742789719443	419,2578655857413	
158,30685025824306	283,8944465940452	419,2578655857413	
158,262050808638	283,8175994606756	418,8314366496247	
158,20037346104831	283,7043624635273	418,8314366496247	
158,20037346104831	283,54351820521896	418,8159879742044	
157,92135345967307	283,3438273996041	418,8159879742044	
157,92135345967307	283,2859472611358	418,8159879742044	
157,92135345967307	283,2395326663746	418,8159879742044	
157,92135345967307	283,1579785195826	418,8159879742044	
157,92135345967307	283,11721737338326	418,8159879742044	
157,92135345967307	283,0877561032487	418,8159879742044	57,66849854677388
157,35697006413625	282,93418512938734	418,8159879742044	
157,35697006413625	282,85304925687194	418,36160089459685	
157,35697006413625	282,73748435895624	418,36160089459685	
157,31005250153828	282,6854555847609	417,9897312485487	
157,21375870323598	282,5749147724319	417,9260702756237	
157,21375870323598	282,5380168320083	417,74349398803946	
157,21375870323598	282,48886577757656	417,70947101949986	
157,21375870323598	282,26650733183965	417,6325575186386	
157,21375870323598	282,1762985791709	417,6325575186386	
157,21375870323598	282,10900824421134	417,6139472885355	
157,21375870323598	282,0597458551367	417,6139472885355	
157,21375870323598	281,9793801267025	417,26060732236243	
157,21375870323598	281,9265423552319	417,0534114286675	
157,21375870323598	281,7342871484886	416,99246909290264	
157,21375870323598	281,56872541606083	416,63925988260365	
157,21375870323598	281,4783999000273	416,60650601298767	
157,21375870323598	281,44602246792874	416,60650601298767	
156,93621449231648	281,3087994215967	416,33954251751305	
156,93621449231648	281,1999824482677	416,0879034395711	
156,93621449231648	281,0883515630514	415,6469482539916	
156,88101408371998	281,003592936783	415,432618905141	
156,88101408371998	280,8526992832506	415,30390101090813	
156,8326715398855	280,7837373613431	415,30390101090813	
156,8326715398855	280,5611302106832	414,55105198052496	
156,8326715398855	280,4008495159036	413,8313161159596	57,18810486819064
156,8326715398855	280,3483901814675	413,8313161159596	
156,8326715398855	280,30820473576046	413,5456638200545	
156,8326715398855	280,12846733222443	413,5456638200545	
156,8326715398855	280,08991998561595	413,5368926975978	
156,78907880596284	280,02348104882503	413,4362204000488	
156,72353685630193	279,9837963795968	413,4207713961306	
156,72353685630193	279,94167785846435	413,4207713961306	
156,72353685630193	279,9064938788831	413,4207713961306	
156,72353685630193	279,86225073573166	413,4207713961306	
156,62755644524077	279,7440837809734	413,40336284906385	
156,62755644524077	279,58850589254337	413,39301835164514	
156,62755644524077	279,5239455228695	413,39301835164514	
156,62755644524077	279,4831078717168	413,2287949730396	
156,62755644524077	279,352890965884	413,1114032109872	
156,3625043426403	279,17944151782655	413,1114032109872	
156,3625043426403	279,1278601993278	412,90003378189243	
156,3625043426403	278,9197290838444	412,90003378189243	
156,3625043426403	278,7772785154307	412,0406780317322	
156,3625043426403	278,73522878365907	412,0164187880038	
156,3625043426403	278,6465654952271	412,0164187880038	
156,09418563084452	278,5730738213286	411,9844008359035	
156,09418563084452	278,51244766459286	411,9844008359035	
156,09418563084452	278,29558010847865	409,70991283104087	
156,09418563084452	278,2473401561984	409,6617605387782	
156,00490255911507	278,19529918659345	409,6617605387782	56,52252795739876
156,00490255911507	278,06618876926893	409,5996150307736	
156,00281318141572	277,978907790209	409,5996150307736	
156,00281318141572	277,8957449742075	409,5996150307736	
156,00281318141572	277,58792063380463	409,59516035542185	
156,00281318141572	277,5582999028523	409,48969539501456	
155,93690020755724	277,4113376723942	409,34856188703617	
155,93690020755724	277,2987146453938	409,34856188703617	
155,93690020755724	277,0165694439183	409,28211508897033	
155,93690020755724	276,98528803154124	409,28211508897033	
155,93690020755724	276,8973456963973	409,15501469775785	
155,93690020755724	276,8566780999982	409,13231521807336	
155,93690020755724	276,8137327422366	409,13231521807336	
155,75801359770423	276,7518965549436	409,00292096208085	
155,7346643194979	276,53063598676965	408,9972143494415	
155,7346643194979	276,48507515531793	408,9972143494415	
155,72306784504897	276,42580960629954	408,9972143494415	
155,72306784504897	276,32056671574566	408,86814631786314	
155,52051984588957	276,1590890290136	408,86814631786314	
155,52051984588957	276,02759003459494	408,8391925682353	
155,52051984588957	275,9922222211363	408,36833502845957	
155,52051984588957	275,95118378434927	408,36833502845957	
155,52051984588957	275,86972505229727	408,36833502845957	
155,52051984588957	275,81443063175954	408,08158237859635	
155,48513968689852	275,74553522340096	408,0655847972799	
155,48513968689852	275,7125757701728	407,7048620067978	56,215579393675526
155,48513968689852	275,6453870401266	407,7048620067978	
155,48513968689852	275,4669745236507	407,5087274094865	
155,48513968689852	275,4432683628509	407,2515341960046	
155,48513968689852	275,3657071185274	406,186872132859	
155,48513968689852	275,2845469611013	406,15700622889256	
155,48513968689852	275,2392797357043	406,15700622889256	
155,3155902732634	275,11704785483556	406,14057404456645	
155,2742165810719	275,0369779727562	406,09867731432604	
155,2742165810719	275,0164431074528	406,09867731432604	
155,2742165810719	274,98030201494333	406,0559910146527	
154,75374861740653	274,6336121052523	405,5144404267389	
154,75374861740653	274,5898673331101	405,5144404267389	
154,6901581912126	274,4923894082192	404,66614918627283	
154,63199020881123	274,45065761524006	404,66614918627283	
154,63199020881123	274,37975691103577	404,509263008768	
154,63199020881123	274,3259048847108	404,509263008768	
154,4655912038262	274,2796465472669	404,4964478074152	
154,44145629715035	274,22897791958746	404,4964478074152	
154,44145629715035	274,1824855639112	404,2203676775495	
154,44145629715035	274,1280143393871	404,2203676775495	
154,44145629715035	274,09790533572937	403,959442720255	
154,38578135076787	274,0440143478023	403,959442720255	
154,38578135076787	274,00702494814925	403,959442720255	
154,38578135076787	273,94859256860525	403,959442720255	
154,38578135076787	273,88336019097716	403,614521235336	55,849082981566625
154,2489033037463	273,80868502629284	403,5068099185788	
154,2489033037463	273,80224304101273	403,5068099185788	
154,07709229596483	273,7539998563854	403,41010521204737	
154,07709229596483	273,7171365009393	403,3545743552172	
154,07709229596483	273,6176336366086	402,93662249800116	
154,07709229596483	273,4889239708457	402,2933161951605	
154,07709229596483	273,4327919062506	402,2787684353602	
154,03089811989335	273,3693800989354	402,27563723310124	
154,03089811989335	273,276219185932	402,272020728819	
154,03089811989335	273,02326303386855	402,272020728819	
154,03089811989335	272,9948590705219	402,272020728819	
153,8658236211621	272,9527975897812	402,1576575899099	
153,8658236211621	272,83157362031966	402,15395130962025	
153,8658236211621	272,54430075303503	401,8629999104163	
153,8658236211621	272,4711271344732	401,1517353480052	
153,75835349460795	272,4318675543753	401,1517353480052	
153,75835349460795	272,3917562535797	401,1488982356218	
153,75835349460795	272,3820873701985	401,1488982356218	
153,75835349460795	272,3581506025485	401,1488982356218	
153,75835349460795	272,12228391464083	401,1488982356218	
153,75835349460795	271,9376097197266	401,1488982356218	
153,75835349460795	271,8613560945248	400,8225244256503	
153,39416491484425	271,76019613836763	400,8225244256503	
153,39416491484425	271,6874011161565	400,6235881860149	
153,39416491484425	271,65466769516553	400,6235881860149	55,91459686324935
153,39416491484425	271,5595041418627	400,4265928782211	
153,39416491484425	271,50177106806075	400,17682678765	
153,39416491484425	271,4225150886245	400,1728337324707	
153,39416491484425	271,39729667489894	399,81003978307194	
153,39416491484425	271,33459262498116	399,81003978307194	
153,39416491484425	271,2604819181357	399,81003978307194	
153,39416491484425	271,17767500763244	399,4530053535208	
153,2859223466377	271,0998321564137	399,4530053535208	
153,2859223466377	271,0157628772633	399,4165621072888	
153,2859223466377	270,9689376683874	399,2863623841381	
153,2859223466377	270,9223750142755	399,1640704699397	
153,07193140812805	270,8785402806623	399,14599160006173	
153,07193140812805	270,84745097123454	399,14599160006173	
150,07327544554119	270,6225872643028	399,14599160006173	
150,07327544554119	270,4640820138661	399,14599160006173	
150,07327544554119	270,4299216383941	399,14599160006173	
150,07327544554119	270,39891710111465	399,14599160006173	
150,07327544554119	270,35315840486317	399,14599160006173	
150,07327544554119	270,3041051722439	399,14599160006173	
150,0460981941667	270,227523850341	398,93582570280245	
150,0460981941667	270,21046844706166	398,93582570280245	
150,0460981941667	270,1966585562349	398,93582570280245	
150,0460981941667	270,0837309782074	398,6540117134978	
150,0460981941667	270,0080602104439	398,27380346172015	
150,0460981941667	269,8906716300525	398,27380346172015	55,66656989265714
150,0460981941667	269,8729943616471	398,27380346172015	
150,0460981941667	269,7828813870879	398,27380346172015	
150,0460981941667	269,7453219339934	397,9775176118839	
150,0460981941667	269,70428334957865	397,9775176118839	
150,0460981941667	269,6619580622322	397,8824221075276	
150,0460981941667	269,62013694893847	397,83268838252576	
150,01024498473092	269,5639030825606	397,57885348947974	
149,99217330976535	269,532806294162	397,5613300014122	
149,99217330976535	269,49961460627577	397,5613300014122	
149,99217330976535	269,4595724324012	397,5613300014122	
149,99217330976535	269,4040903768162	397,5613300014122	
149,99217330976535	269,3910069994694	397,52365009041057	
149,99217330976535	269,2820723666542	397,08355019791304	
149,99217330976535	269,2410820886555	397,08355019791304	
149,99217330976535	269,16271639615377	396,98534450582224	
149,99217330976535	269,08429988511364	396,8882867366923	
149,99217330976535	269,0401707061571	396,8882867366923	
149,99217330976535	269,01428737377836	396,8882867366923	
149,99217330976535	268,9592108679658	396,799344178197	
149,99217330976535	268,93127423717704	396,54478326384464	
149,99217330976535	268,8538262915414	396,38743832461705	
149,99217330976535	268,79090107078554	396,3540272123025	
149,99217330976535	268,74184604243095	396,2956924324834	
149,99217330976535	268,68229868321106	396,151703246255	
149,99217330976535	268,6388066226772	396,151703246255	55,2045389870181
149,99217330976535	268,62115316844194	396,151703246255	
149,99217330976535	268,60512802151766	396,151703246255	
149,99217330976535	268,4793706934675	396,0280812632624	
149,99217330976535	268,4263605457612	395,77313238896147	
149,99217330976535	268,34258291854536	395,6383990196547	
149,99217330976535	268,2367520165609	395,6383990196547	
149,99217330976535	268,21999858037384	395,6383990196547	
149,99217330976535	268,17246561164427	395,6383990196547	
149,8952646315398	268,141760419083	395,6383990196547	
149,8952646315398	268,07957821442926	395,6383990196547	
149,88982087601306	268,0559694012102	395,6226262712785	
149,88982087601306	267,98112207789484	395,6226262712785	
149,88982087601306	267,96090107711046	395,6226262712785	
149,88982087601306	267,92336224138785	395,6226262712785	
149,88982087601306	267,87961483689566	395,6226262712785	
149,88982087601306	267,8382175447573	395,1972934724004	
149,88982087601306	267,7723733023866	395,1972934724004	
149,88982087601306	267,592247680378	395,01717949892037	
149,88982087601306	267,5710759145791	395,01717949892037	
149,88982087601306	267,5246017502127	395,01717949892037	
149,88982087601306	267,50865729148984	395,01717949892037	
149,88982087601306	267,4490854194624	394,26352460382486	
149,88982087601306	267,4166310594529	394,26352460382486	
149,72687288547752	267,3919692983007	394,26352460382486	
149,72687288547752	267,3718344966103	394,26352460382486	54,74816342746262
149,72687288547752	267,1781658948119	394,0030807606503	
149,72687288547752	267,1468391886623	394,0015226384301	
149,72687288547752	267,06407035783917	394,0015226384301	
149,01344015891894	267,0009479777824	393,9781638910372	
149,01344015891894	266,96447881635197	393,63423862741644	
149,01344015891894	266,9144052079548	393,63423862741644	
149,01344015891894	266,88665867415193	393,22004904302526	
149,01344015891894	266,8455619973056	393,1428811891398	
149,01344015891894	266,81960857475997	392,7994915892954	
149,01344015891894	266,7950427502712	392,7994915892954	
149,01344015891894	266,738879226333	392,7994915892954	
149,01344015891894	266,7243073435434	392,7994915892954	
149,01344015891894	266,6467839081838	392,7994915892954	
149,01344015891894	266,49931026827295	392,77288136911034	
149,01344015891894	266,4632864455027	392,77288136911034	
149,01344015891894	266,41840325876706	392,77288136911034	
149,01344015891894	266,3695347885703	392,6122040037439	
149,01344015891894	266,33734137573634	392,4281454105023	
149,01344015891894	266,3142806023985	392,4281454105023	
149,01344015891894	266,2867033792438	392,1199184632816	
149,01344015891894	266,25055589017853	392,1199184632816	
149,01344015891894	266,21572822274277	392,1199184632816	
149,01344015891894	266,15965145948843	392,1199184632816	
149,01344015891894	266,1463020004006	392,1199184632816	
149,01344015891894	266,1226314235614	392,1199184632816	54,33726974520096
149,01344015891894	266,06256280026497	392,1104158970291	
149,01344015891894	266,0523003785271	392,1104158970291	
149,01344015891894	266,0370145560952	392,082002905395	
149,01344015891894	266,01989560412494	392,01580730879584	
149,01344015891894	266,00310766455067	392,01580730879584	
149,01344015891894	265,8838391446851	391,7352599826297	
149,01344015891894	265,7794812233984	391,7352599826297	
149,01344015891894	265,68095567316954	391,7045937940755	
149,01344015891894	265,52575848293526	391,69046374660627	
149,01344015891894	265,48752718416387	391,69046374660627	
149,01344015891894	265,3574282035065	391,69046374660627	
149,01344015891894	265,26521216180646	391,69046374660627	
149,01344015891894	265,24429990011004	391,69046374660627	
148,99803487599004	265,1376197460408	391,5060057762715	
148,99803487599004	265,05299804829514	391,5060057762715	
148,99803487599004	265,0109905896154	391,5060057762715	
148,86984251399804	264,9663971611633	390,999224065867	
148,86984251399804	264,94849960794437	390,999224065867	
148,86984251399804	264,8560951067183	390,999224065867	
148,86984251399804	264,8388412501377	390,999224065867	
148,86984251399804	264,7806756716653	390,9066191816474	
148,86984251399804	264,74248187253147	390,8754342378963	
148,86984251399804	264,7188383322242	390,8754342378963	
148,86984251399804	264,67262906044766	390,8754342378963	
148,86984251399804	264,65359557686844	390,82926005507676	53,811896333186766
148,86984251399804	264,58908866808036	390,7443796076719	
148,86984251399804	264,5441184942233	390,7443796076719	
148,86984251399804	264,40995059666386	390,7443796076719	
148,86984251399804	264,3882979662843	390,6161642985311	
148,85702847622528	264,34170352201016	390,5919225890243	
148,85702847622528	264,3346485036924	390,5919225890243	
148,85702847622528	264,31378201614854	390,56963731304336	
148,85702847622528	264,20961664929496	390,56963731304336	
148,85702847622528	264,18187105755436	390,4706568082218	
148,52757707033328	264,1420825780675	390,4706568082218	
148,52559888612748	264,0996812878927	390,4706568082218	
148,52559888612748	264,06376028542644	390,4706568082218	
148,52559888612748	264,0590238049843	390,4706568082218	
148,52559888612748	264,00879627939446	390,4706568082218	
148,5117307994784	263,9650040496691	390,18903267135977	
148,5117307994784	263,8925162334141	390,18903267135977	
148,5117307994784	263,869607324157	390,00131303541013	
148,5117307994784	263,81947120584243	389,8353698773752	
148,5117307994784	263,67716819606403	387,224294541081	
148,5117307994784	263,63447711734074	387,224294541081	
148,5117307994784	263,5743698650403	387,1623860931149	
148,5117307994784	263,55929068417856	387,1623860931149	
148,5117307994784	263,5299814574813	387,1623860931149	
148,5117307994784	263,43349604331075	386,86951619751767	
148,5117307994784	263,41180910625405	386,86951619751767	53,05984277365951
148,5117307994784	263,2234283921345	386,83692869759483	
148,47765664762144	263,19887162606045	386,83692869759483	
148,47765664762144	263,1319957673705	386,83692869759483	
148,47765664762144	263,1143755459056	386,83692869759483	
148,47765664762144	263,0679257843602	386,7311352524377	
148,47765664762144	263,0416706361144	386,62406852064566	
148,47765664762144	263,00211872908505	386,57731105534697	
148,47765664762144	262,96985400002785	386,57731105534697	
148,29152240685934	262,94612099483567	386,57731105534697	
148,29152240685934	262,90098621185365	386,57731105534697	
147,80570245917835	262,85993167274984	386,56178855660283	
147,80570245917835	262,82305365447246	386,46758023427117	
147,80570245917835	262,79857290485967	386,46758023427117	
147,53632627660951	262,74332203616166	386,46758023427117	
147,49651085007653	262,6644945062982	386,3422371617156	
147,49651085007653	262,5831755683754	386,28774027534485	
147,45474961118478	262,57695902477417	386,28774027534485	
147,4075662527015	262,54421497845766	386,28774027534485	
147,4075662527015	262,4892605436571	386,2299171591892	
147,4075662527015	262,47329369370095	386,2299171591892	
147,29801952184687	262,44596965860546	386,2299171591892	
147,29801952184687	262,32645111157166	386,0409576834588	
147,29801952184687	262,29362641863224	386,0409576834588	
147,29801952184687	262,1598873473213	385,9737566114733	
147,29801952184687	262,1562806316769	385,9737566114733	52,701177373255916
147,29801952184687	262,033719957379	385,9737566114733	
147,29801952184687	261,9504331512393	385,9737566114733	
147,29801952184687	261,83669052824325	385,9737566114733	
147,29801952184687	261,8293783046052	385,9737566114733	
147,29801952184687	261,8084534561584	385,94899915237295	
147,29801952184687	261,7666602315344	385,94899915237295	
147,29801952184687	261,6155791492497	385,9462782365779	
147,0900100674032	261,497559366745	385,8881362598521	
147,0900100674032	261,4576629714109	385,8881362598521	
147,0900100674032	261,3173181229656	385,8881362598521	
147,0900100674032	261,289995958838	385,866935212179	
147,0900100674032	261,24975083903354	385,866935212179	
146,89724220732174	261,22125483917944	385,6495455788164	
146,89724220732174	261,21163001258464	385,6495455788164	
146,89724220732174	261,0948987360541	385,6495455788164	
146,89724220732174	261,0225806865561	385,6495455788164	
146,89724220732174	260,96790271349636	385,6495455788164	
146,89724220732174	260,85034970839956	385,1976286068977	
146,89724220732174	260,8109833487531	385,1976286068977	
146,89724220732174	260,8037831638863	385,1976286068977	
146,89724220732174	260,763394007235	385,1976286068977	
146,89724220732174	260,7494960500187	385,1976286068977	
146,84471457360524	260,6909541671826	385,1976286068977	
146,84471457360524	260,6712753281116	385,1976286068977	
146,84471457360524	260,6240136056251	384,7451921979993	52,55741248078996
146,84471457360524	260,5721933040091	384,50647131089977	
146,84471457360524	260,5503438426184	384,50647131089977	
146,84471457360524	260,53900175238783	384,50647131089977	
146,8430266120313	260,51542525579606	384,50647131089977	
146,8430266120313	260,48994346839993	384,50647131089977	
146,8430266120313	260,47329355764435	384,50647131089977	
146,8430266120313	260,46324617148235	384,50647131089977	
146,8430266120313	260,3920143012707	384,50647131089977	
146,7324888664395	260,36721775494266	384,50647131089977	
146,7324888664395	260,34315968759574	384,50647131089977	
146,7324888664395	260,3361275263223	384,50647131089977	
146,71860063829857	260,2284980680391	384,4359222739944	
146,71860063829857	260,2145825886085	384,4359222739944	
146,71860063829857	260,1860105897127	384,4359222739944	
146,71860063829857	260,14511272151464	384,2847450409884	
146,71860063829857	260,13777039175403	384,2847450409884	
146,71860063829857	260,11432142674	383,96222610735026	
146,71826048236596	260,09372307387565	383,96222610735026	
146,71826048236596	260,03457955845516	383,68752737519566	
146,71826048236596	259,9774603655025	383,68752737519566	
146,71826048236596	259,8703555108645	383,62668265747203	
146,71826048236596	259,84380864254655	383,62668265747203	
146,71826048236596	259,8399231305913	383,62668265747203	
146,64391043244015	259,7920185445524	383,62668265747203	
146,64391043244015	259,7470678007508	383,62668265747203	52,3726272410652
146,64391043244015	259,73680670537044	383,62668265747203	
146,64391043244015	259,6986290062974	383,62668265747203	
146,64391043244015	259,6529165088325	383,62668265747203	
146,64391043244015	259,6478234943329	383,62668265747203	
146,64391043244015	259,63423059071073	383,62668265747203	
146,64391043244015	259,59824779712335	383,62668265747203	
146,64391043244015	259,5712507024423	383,56086518594077	
146,64391043244015	259,54568555417103	383,11878861667583	
146,64391043244015	259,52157368155736	383,06682619013037	
146,25441700134107	259,4732634824374	383,06682619013037	
146,25441700134107	259,4436729691057	383,06682619013037	
146,23434142231423	259,3631016337426	383,06682619013037	
146,23434142231423	259,35705938302067	383,06682619013037	
146,23434142231423	259,339036407975	382,80997982801006	
146,23434142231423	259,23061120986256	382,7829746288898	
146,23434142231423	259,0678690227022	382,7829746288898	
146,23434142231423	259,04823296272656	382,7829746288898	
146,23434142231423	258,99832991035044	382,7829746288898	
146,23434142231423	258,98863323158844	382,7829746288898	
146,22927230280783	258,8808419950161	382,7829746288898	
146,22927230280783	258,85970315630914	382,7829746288898	
146,20803471132908	258,83612826766347	382,7829746288898	
146,20803471132908	258,81917091601474	382,7829746288898	
145,97171661837632	258,65238545403867	382,7829746288898	
145,97171661837632	258,62840704441527	382,7829746288898	52,21189058874852
145,97171661837632	258,5572777654181	382,752259476985	
145,97171661837632	258,53039568792406	382,70546411819697	
145,97171661837632	258,48854130461336	382,70546411819697	
145,97171661837632	258,4171288000727	382,63652829929293	
145,97171661837632	258,3361685342345	382,63652829929293	
145,97171661837632	258,29124057345945	382,61592024806856	
145,97171661837632	258,2675468317273	382,13549017340955	
145,97171661837632	258,2239122681097	382,1169796286276	
145,97171661837632	258,1285795596872	382,1169796286276	
145,97171661837632	258,0245152044306	382,0727445712018	
145,97171661837632	258,0056472308453	382,0727445712018	
145,97171661837632	257,98188930434276	382,0727445712018	
145,8594172739605	257,95322291703735	381,9606541898371	
145,8594172739605	257,9312711568799	381,9606541898371	
145,8594172739605	257,83459130921324	381,9606541898371	
145,8594172739605	257,814280467709	381,9234498390083	
145,8594172739605	257,7836333630189	381,8806174236526	
145,8594172739605	257,7707776019634	381,8806174236526	
145,8594172739605	257,6580329758419	381,8806174236526	
145,8594172739605	257,64208649248957	381,8806174236526	
145,8594172739605	257,57519286345484	381,4870905766885	
145,8594172739605	257,5587619088732	381,4336455429067	
145,8594172739605	257,5151392013164	381,4336455429067	
145,8594172739605	257,4968833244072	381,4336455429067	
