1920,418759226109	3764,322378225606	5653,035455509319	844,6561355984569
1685,1256433883839	3394,27911366109	5212,286700207672	
1518,1927826340427	3029,96242640697	4796,276668089631	
1348,7759874590574	2706,241579095902	4338,767042773036	
1202,055772429361	2415,4810874975337	3974,479276740809	
1072,787075224777	2160,9865737982327	3537,760418128114	
949,7184593185392	1941,7699448628537	3264,53133481604	
845,0897901449406	1733,9968053481396	2931,0296085061495	
773,7635135361365	1557,1265390827775	2678,646290480864	
706,8245349714241	1398,8195009872468	2463,5947810540556	
670,5394624408503	1268,0189540983868	2215,3292336942413	
616,1680387412939	1150,591226274576	2048,042137502749	
586,7704436839621	1048,299466251247	1913,160018770437	
561,9550447391799	955,643417668797	1718,097274143416	
547,7783142454142	885,8075818388338	1687,2153108407347	
530,4975212426741	820,6807233212971	1530,4108659290252	
512,8949176977635	768,7542863560893	1448,4719747557192	
502,456442213314	726,8781816331327	1465,0802467516153	
489,46118907366224	687,0955295837947	1346,4955428419478	
481,8243499261163	652,4914911147096	1201,2090185769487	
472,8104560881743	622,2862437756071	1184,3290511929263	
470,9880660469543	600,1170729775221	1207,8981397935509	
466,54569195386136	576,205340419887	1226,5526820649577	
457,8643718037648	560,0595513925479	1064,9039215133687	
454,5421108492567	541,5693680313012	1041,416369319837	
448,34482408726865	528,4511548755349	993,5413164690406	92,65117515107515
447,77767401297285	515,3451133905564	1039,808455604746	
447,64889360414713	509,6591521745975	1160,8270610674233	
445,91173431334863	496,87253444147046	1003,8309842452859	
443,27546371836127	489,30413049115197	1030,1732515735216	
442,11480461736505	485,36392904541003	1094,338275525034	
440,3385856908696	477,8277244928774	947,6455855610486	
438,4727306372322	471,00912476107777	922,6895502187316	
436,95138765760436	465,52084432735415	976,7187756863179	
436,8059294041612	465,2564869425164	1018,3387328809629	
435,8712846033604	464,2156607366727	1086,7512853732578	
436,4670487223788	457,11885239164434	954,8591919351957	
435,91524398379005	459,11277778788144	1087,400485091837	
435,041662503216	456,87118347605644	1081,6565357325887	
435,71133160720274	452,4590507420155	980,5592963463837	
433,9341280871824	452,20413485736776	998,2365094535095	
429,098515674152	447,7609710250679	917,7937024326993	
428,9382526125297	448,783756598133	971,4748379060762	
427,06817735552113	446,12295154956	907,6372969577245	
427,5319962262372	444,36429579241036	960,1431675088246	
425,0409249174958	447,57613808441164	1030,137230173662	
425,54424788583015	443,4789782202426	932,7391310235788	
424,3677265295952	441,1480454434446	952,3565165173476	
424,3677265295952	441,40363145163013	981,9239058227299	
422,32265238213176	437,1870151266141	889,9203987516025	
422,4898107181181	434,3650356026235	817,3288769391703	58,57429453040724
420,8192714138805	437,65888233179095	1017,6632342103034	
420,32836510195887	435,24657834259847	976,2662732653921	
418,3344030254744	433,49883229178835	918,7733196982398	
417,40918470376016	431,4758859525505	868,523169037399	
417,3375364324449	430,3735737065236	931,1055903514598	
416,4104958010451	428,1899478692465	830,2310127802247	
416,4104958010451	429,33556204342807	900,549556498584	
416,1962989325873	429,92120217276505	986,3062343805831	
415,38872007726053	429,8989114290011	1035,3292928298492	
412,67591905986154	429,7659383823954	1015,6009164483958	
409,40409551133416	426,99284566485665	1047,8005386142709	
408,6069822136592	423,1122388281952	870,4494139871624	
406,7568677190916	418,9503050811074	824,6977693125654	
405,21205595952773	423,23164071759265	1093,0248396651252	
404,92306431297044	420,033658382667	964,7095457576679	
404,54686193049116	421,16514921378825	1023,7048431485038	
404,2051524185506	417,60343342633945	922,0107629949416	
404,25250389676336	419,5925602667152	973,9951565654088	
403,6290387378243	417,75717600447484	956,589130479581	
400,51370027032726	418,99981730551286	955,2799379021567	
400,60717492529244	415,91730297939125	900,2409612370715	
399,0299114485596	410,7212183871206	824,661555830164	
398,94519699885706	408,81864114871973	808,1109667616926	
396,87650201792843	410,27894662537415	872,0067638843399	
394,83626885035085	408,8520101720692	859,5142328485523	66,9569514197372
393,7798064029872	407,84258925688135	812,4546368535246	
389,7312957083793	407,09057860552434	942,1316257290532	
388,34990389144906	404,12248165414417	806,7922838255383	
387,6899021848617	405,4684166685277	916,6231367221019	
387,6899021848617	402,86729318979707	896,5490550191223	
387,32895649134815	400,84027423615674	899,6374496277506	
387,65777646239314	403,83190392649345	999,5959070962986	
385,8974956903879	401,68438732609457	957,2166529239689	
385,2371066362562	396,95862685163485	826,5937518651427	
385,75495932275845	395,75971774729777	804,9427878583352	
385,4925449724916	398,281426649389	880,581381039085	
384,65530529398796	402,1838019032631	1035,7930046074598	
383,52699427919305	397,64000629317275	883,8934210063613	
381,57778963785347	395,73064836469973	885,3035362663363	
382,3067467219274	397,65410224437227	1015,8201133107203	
381,1905692269962	395,33167127866517	890,6197530180178	
381,2491083254219	394,59179595639273	875,5275352789279	
379,61318954608197	394,14116900816384	856,9511435383823	
381,21592481308596	395,66567525460107	957,1096380759066	
380,65062618289187	397,9287905258004	1108,4481336556944	
379,35719351335575	391,7149469676494	798,2220123462421	
379,24992203773604	393,0478773502379	933,3433780302723	
379,24992203773604	390,5459065162852	859,9127889182123	
379,24992203773604	391,7766053745982	932,4787662508475	
378,46875321867765	391,35325055956804	906,2593255949896	76,13374029208647
377,9245051518888	390,71305986250246	856,5566099202784	
376,3782183571632	392,1732820799774	942,0610377315015	
375,8110068045626	394,7019761207992	1019,0730585134722	
375,8968538097986	387,9557430362836	794,1155895546709	
373,6664150833461	393,34197427964324	1046,710572951458	
374,21031652803765	388,296682489577	861,5364804319014	
374,0375980268826	391,13939421843776	955,3483545961332	
373,40546922515904	390,65328158782546	956,3185029853096	
373,38556721057864	384,58402158717035	831,9342728843653	
371,7447476168888	383,8732170715905	806,6581611780708	
371,7248456023084	386,13986149367616	935,0252196386749	
370,9033244208306	386,82624975397397	980,4008294050275	
365,8514100336722	382,4016782350399	845,3931031987194	
365,87702993652374	378,34462059615925	829,4198966657427	
363,042261188604	378,1978008189946	934,181744706642	
365,55817866919074	380,0443105281002	992,0624931337397	
365,08080038868246	378,0016466856012	862,1649816878421	
364,37948272869124	382,66804211018103	1045,0770140000748	
361,43084567216016	380,8220511267757	1009,4289163007909	
360,34536836238067	381,8751681090697	1040,9160281441307	
360,363474194218	377,0199398625079	916,1884334062786	
359,28759508369586	370,7805507899104	794,57383171657	
358,2998267668221	370,8982416237019	828,4556486037819	
357,1308611068254	371,8771967201205	914,0154618962293	
357,7174927279341	371,3210495006379	893,9742450075879	78,95832870367258
357,06691762306065	369,34505166953227	812,7884050397303	
356,6760743718536	371,4386878162467	958,2159934919872	
357,06691762306065	369,8373398252727	844,1273946650889	
357,06691762306065	367,7901608624525	799,6582333917775	
355,7407703292832	371,6658489616929	949,2159090964491	
355,4005523138119	368,93441984232487	885,1343882687679	
355,0213536109654	370,3087972933632	900,9459710898207	
354,9357522498411	371,0074123721347	940,0952334343846	
354,9357522498411	368,44351871814223	917,8956605152682	
354,8273023759031	366,5424864669585	866,7890256765106	
352,4151188307491	368,1738793300007	881,0315768736456	
352,58477899086995	362,9971141540799	761,3906584798616	
352,24578888084795	365,03685207950286	881,10331046777	
351,75297971416666	362,98375353414235	798,1035697293664	
348,40941717410647	364,72443947283546	836,3843837881925	
345,39354006888027	361,95813845780975	791,9532473862046	
342,4594129105888	358,9670710694978	815,3127350836257	
344,71973856009004	358,93495257576876	931,9534423428388	
343,00646553092395	361,07798693290925	960,3834235534653	
341,97095648070643	359,1321877424135	886,0768440380483	
341,9797409283564	363,64368712386613	1064,3801214753869	
341,6986943433547	358,7236240310117	913,3836464071624	
340,8355770467865	353,24931240832285	829,4992121007765	
338,1934677569462	356,60393309059805	926,5636837394992	
337,912949993199	354,143421836078	866,172482880381	78,87961288690597
337,6863617169002	353,7775592190662	931,1379270776939	
337,2469694229127	348,98191464907245	809,6349049033822	
337,0287111513702	351,27189163509945	905,9643560299507	
337,15273215686966	354,84708204782623	1018,8614492382341	
337,0839646160923	347,7625706787585	802,9124569556889	
336,28653006813926	354,28243474736684	986,5256303974681	
336,5038565030382	350,67081495000593	945,02507776742	
335,67471191847403	351,93193876342076	964,9441057806795	
332,78290902897373	351,10190226310345	969,259589154717	
331,9856950858064	350,2129969458936	965,829627548768	
332,0581461739679	346,2543492231023	882,5196051619438	
332,1215106506506	345,2482241487079	832,6239103979914	
332,033205492741	345,0560849295863	859,903269464417	
331,3562930976088	344,04317198445614	851,4623484091222	
331,08795382520606	343,97355229279697	853,8659848885701	
330,96644454037545	343,8179851451195	821,4480976082428	
329,1763597478792	342,3549106795067	817,6384808542543	
330,38693948715684	342,6390167227079	816,3380446615354	
330,18819212989933	344,8141548406678	978,9072329732599	
329,8974162933643	343,31617918148856	856,0700966446723	
329,8974162933643	341,45639756343354	778,0587064728684	
329,66567419815533	342,0355632055923	848,3278638325007	
329,66567419815533	338,6580993790259	691,59114431622	
327,4631188870865	343,29360043705265	913,3347147254821	
327,06900504023935	340,10010052529964	737,0783661191905	61,54191980883567
326,87331599905497	339,52284071660887	811,2887535055802	
327,26742984590214	340,6692719914909	815,9234859248893	
326,81494821355676	341,71324817794743	882,8109274409161	
325,06042876591897	341,3258184393551	877,3113661890852	
324,61261307606156	341,1524793778585	942,6925765304613	
324,48409722112007	340,4743880745513	903,2563677438417	
324,4421261967002	342,3143622675189	1010,3304531019859	
322,8606412520928	339,0360048248573	887,1195889830675	
322,2325025994006	333,82193748890745	725,4128560049189	
322,3395443428279	334,18826572978486	754,201804780826	
322,4253170691777	332,3468737098002	696,3505830978925	
322,4253170691777	338,0182197516785	966,0258193122172	
322,15937448217596	340,09506731135144	1036,693298170013	
320,24405326188145	336,57978563831864	911,7999622334396	
320,5732770693641	334,83385886363897	889,724940812841	
320,0947850222067	334,75444441744884	844,0340572039884	
320,27815498518254	334,60129559336724	822,8732647442633	
320,1401141306093	331,940667357708	811,7226746328172	
319,3675665417066	329,50583560643094	718,7148555749131	
318,1995497317809	331,02609632606766	775,3767076888408	
317,9722321818161	332,37757743100525	883,055309980192	
317,42996020706835	332,74335457681445	877,6054435107984	
317,5764672834301	328,7352722137871	809,4364959009213	
317,833159857732	328,07043166130427	730,471035539157	
317,63346033145245	332,40345773975423	915,5160367346675	88,71361559403847
317,91309526472486	333,8424395088656	946,3510895568256	
317,80125719369676	329,93297968195725	840,7567028375146	
317,80125719369676	331,80937438387514	899,6306910680122	
317,91309526472486	331,91829271086453	892,5248335162526	
316,4192098902225	332,69580958429515	887,6210428555328	
315,6703521743805	331,9203228014994	945,5121190833238	
315,059965771077	330,7348693254979	917,7308288911365	
315,1783925510473	329,3238748477392	865,1189151589384	
314,8523883271288	325,7039484466715	713,1718409489065	
314,9249799296537	323,9692749179253	678,5800569288159	
313,433886411241	328,6339919361713	917,1659241301322	
313,433886411241	328,27103659686276	876,6127870297382	
312,95244159310624	325,83143059438163	866,7512846602829	
312,4437677017549	327,5225586033011	913,9531618576025	
311,4313924945859	323,79118376488856	771,3923042596251	
311,17513867400686	322,81921451987387	745,506528039106	
310,19028616099985	324,5112628275803	862,8478309072518	
308,4350131403196	325,06412527185245	872,5442811316955	
308,24655917522944	324,23382765416585	849,2109474539028	
308,4239068663326	319,2774469909552	740,7300782068538	
307,4642465098539	322,8675052367078	896,0919158694464	
307,09295820054905	319,55659903333105	729,2995860673722	
307,16624082801525	327,01343125741505	1076,1070615984818	
305,8255324529373	321,72057097099287	896,7792619988317	
305,2813646054993	319,94979460453715	826,2129344742208	76,07593263800169
304,093016904944	318,5997447192503	791,0601305470819	
304,005528676796	317,4784151679561	745,9347534239866	
303,2122023028627	321,1164321175327	911,1726195208278	
303,2122023028627	317,8173166248375	885,855008807514	
302,75593962561464	318,92336618512553	984,8391601586685	
302,3714880317862	314,5238836229645	782,5484668465407	
302,4468206709982	316,5048662635604	831,9051928605087	
301,1227146590684	314,635318616168	788,9614221207023	
302,3253344174315	314,3890030836252	763,907611041214	
302,23345453132947	318,24664698895805	1006,5354334813237	
301,3731497857262	313,5071163739379	754,7662421368029	
300,5100141384204	312,7365298582245	733,5397664050611	
300,28832495059737	317,6064968953733	949,5746104245278	
300,15610893273083	316,50089082885114	880,816644971739	
300,15610893273083	312,47022231269295	827,6303155087552	
299,8713450343366	314,45109693806364	868,3470695491183	
298,5651405662283	312,76624889709666	835,4925391865131	
299,3741348970549	310,90844623435095	790,4342573695169	
296,7154386653153	311,07000124192734	802,5730082132686	
296,7154386653153	309,61829200824747	760,7459459646102	
296,6996767991697	309,6991820370092	745,4380671562894	
297,35723531585745	308,5183198798931	728,0109134070974	
296,87572097171005	310,3264530316849	777,772709794119	
295,5625504884223	310,90457586237034	836,4500481097745	
295,33825965974364	314,12731318581626	1033,541240377277	106,1694902216951
295,33825965974364	313,68000316000797	898,9914432989669	
295,33825965974364	309,0145424988959	788,5469204649304	
294,1689767963758	308,190067522236	814,9525473474513	
294,1689767963758	307,7759908851847	812,1429546889369	
290,7892008831213	307,17205936238554	800,8481451026319	
292,8210653712463	307,4755272654708	845,9714747959348	
293,36221995346517	307,27293876850143	810,0070531718087	
292,8401714577875	307,8968227114168	875,7573515669478	
292,2036521593715	304,1699052992519	773,9992334019294	
292,5499200922981	305,97446555286825	866,3165777007115	
292,0462847102011	305,55858873965536	832,5635168387319	
291,8321055273803	304,1877444992574	784,5923345723079	
291,0133746621427	305,93616343879154	845,728923084469	
290,35977015643124	304,6839424643687	872,5075142940382	
291,0898264110811	303,68605754505535	824,0104059943608	
290,4760166686928	308,086215961475	980,1181018418353	
291,0898264110811	298,55225732351096	598,3232092231927	
291,0403857014253	301,1178778483679	715,2379870811812	
291,0403857014253	305,25322980997674	864,873483938503	
289,1288710678927	304,08438455251866	816,6386093922603	
290,8783839149924	304,78299065277866	879,0022574730068	
289,7433795093175	305,3514217470982	860,0343553714887	
289,50748313947315	303,7532379466492	865,7165136720391	
289,4838674311719	303,25126494370187	800,986716584228	
289,26430921871	299,7598070024984	731,9452695767723	64,3890166897966
289,26430921871	301,3755146440624	832,8433045677891	
287,4052807832072	298,4915215548611	674,363544879419	
286,7544006614921	303,8351121541744	881,3527806297809	
286,7517645374747	302,3981524497882	862,0738924089644	
286,4207159660645	300,33440106958153	811,3668301695266	
286,31423574131475	300,80054109242906	810,2105847506996	
286,05322010533087	301,44661577971647	884,4008846689861	
286,2961091958768	302,1749436399734	889,5132664555746	
285,18543284902785	300,50747304695307	837,1099068262592	
284,5090273564968	296,8188941144571	693,7222636588733	
284,63632173231537	301,791794573224	958,8588497142796	
283,9350993369324	301,44245477860585	936,7317091138725	
283,9350993369324	296,57897005519567	823,3064849675409	
283,5333750755919	297,5841122158722	852,3311043783887	
283,507405996021	298,93960978810827	904,0080527148103	
283,0027949144682	299,21643799598013	898,1020194680231	
282,7056846825724	294,1199552501784	724,0611678936248	
281,86784928042755	294,50286019034223	749,3426804711786	
281,0771011539339	297,53742847585653	868,0794450918573	
281,86784928042755	297,40365735702323	922,0909791766549	
281,86784928042755	296,64832203754463	903,4639080014052	
279,58890494008284	298,4701861231469	962,6583847810859	
278,9291444001934	293,29913894844873	795,5832355029457	
278,8013121966607	295,20671142285494	904,1555041710876	
278,7406854755336	293,59627463023753	857,8712548766048	85,74343204889216
277,63804622968803	292,20308734864636	814,2053497802648	
276,47065985898763	291,6377464040435	854,515017618458	
277,3738972784023	292,751621303755	837,5362063439707	
275,8899398459916	289,64699529300833	788,3430984205098	
276,51015335678744	293,68937303181275	927,5922157651694	
276,4476207016703	294,9303830790725	998,0303938030788	
276,59922008078155	290,7201181065036	799,3767940216618	
275,52127042947404	292,4991868306489	956,4219968880192	
275,52127042947404	289,1670718166075	826,5809465989622	
275,52127042947404	289,8353432490115	828,0024376097983	
275,5101713717642	289,94507522704646	859,3946039680316	
274,78890610658834	288,85329349273064	816,617310708129	
274,05610282627526	290,7964510222089	889,851120700974	
272,92449922968706	290,9881425209337	914,3714035978456	
273,1254370267354	288,11149267400725	837,7798731179514	
273,02863773965146	284,36286850259853	701,0873239132102	
272,0523694651189	287,61464322509937	837,3182966208641	
270,71925371342894	284,82812485685764	820,3953754742636	
270,71925371342894	285,33219165230554	911,032649171635	
270,04704872646414	282,6912702980989	763,0795768695253	
269,59166268500985	284,05828773290636	822,8020522099195	
269,4020844005812	283,7126255665028	766,3507768411664	
269,5131180720635	286,9935343591519	927,310005220827	
269,059296585827	280,844805774124	728,7153990225167	
268,77551763959804	282,98060921668286	781,6375827556413	78,26078822895488
268,1475610478722	282,45300574335835	827,1995508626637	
263,98289175234765	280,3853820812464	765,8051637434953	
263,2741169073995	278,6699146529712	749,75710977361	
263,11901883448064	278,307233345545	799,3592587061621	
262,58950058222456	277,7119542236072	763,9497056463023	
262,964499304004	279,95626158167426	849,4598422128431	
262,88388377551183	276,8883642573823	802,1493471897635	
261,96744016533046	276,95747919465344	781,7508725875241	
262,03426289416484	276,3764050518407	884,805126982637	
261,5395403149434	273,1299517752905	713,8018263977117	
261,42999118429236	275,62407184295483	824,854167173773	
261,3237760375139	274,6240209149884	753,5968455893756	
260,14895977470206	273,1486326585883	688,6229144180274	
259,3276652981377	272,90662648461637	818,536881770044	
258,6570779087575	274,17414775633085	886,4117054634225	
258,1687853892142	274,9327191805476	899,0760002420766	
257,25511122688636	271,17882621955204	810,7845587597948	
256,9477674845618	267,8552076540871	630,7087938386468	
256,18612250892426	269,6587195257445	742,4260014762118	
255,75522317032446	269,6891770514123	779,1667735115348	
256,1318929925123	271,76477383531915	831,508084869085	
255,98941689533777	268,4317443585919	732,546284086983	
255,98941689533777	271,2197320966801	853,2636187443454	
255,86797835484268	269,0416719503977	779,4592882257905	
255,3920170843005	265,36349468450015	622,4238702172579	54,985130647272875
254,804893888768	267,08268222431707	713,2352359909114	
254,8321518351271	271,00770614851393	954,9646758474923	
254,48802782336617	267,84145323381597	738,107221409929	
252,60704155553196	266,6500144703277	691,3886012853554	
252,0851663482756	266,61913595693835	744,2356665778626	
251,95525404629726	266,2803361053539	819,516106168332	
251,80410985279093	268,82826171466473	943,4138419194264	
251,52674030337297	268,0968747932368	942,1518768949704	
251,52674030337297	262,6336165127492	679,4440845935927	
251,33486036602258	270,13634520867674	958,2205283497793	
251,33486036602258	267,18997517122204	884,7874188971296	
250,42386369370954	267,3780788295788	862,3308116625423	
250,42386369370954	266,55070765629165	868,0076744506357	
250,42386369370954	263,35289948033477	764,7752601485015	
250,42386369370954	262,0175690709997	675,7550431615664	
250,42386369370954	264,93567631495876	806,6478099939267	
250,39426517016767	266,71527378955494	828,6661828150176	
249,56253590073936	267,6019782655624	882,6621999694421	
249,6320313652974	263,83545286582114	775,2276577739299	
249,5011005721641	266,678024772592	864,4712040033883	
249,5011005721641	267,66681993664645	916,3491087134138	
247,88712323786785	263,1515035827643	801,8113898101858	
248,21890194885302	263,6360806045687	799,5334904501741	
248,04289445133153	261,9232525731602	750,4157592421279	
247,0860374155293	263,68010282594133	824,1062196147421	87,66440311682707
246,9169862530924	265,20679356166437	929,458269620833	
246,18695057455352	265,59864209928134	979,9139689855704	
244,9568250888084	261,39448863539855	831,3366459880982	
244,5617863088159	258,740512201708	824,7484047986649	
243,60930007953627	256,86110032060526	747,3209095560665	
242,89043340259585	255,62533729784468	729,8073317724212	
243,1782701909115	256,6402233503861	714,5513238396053	
243,6874730156691	257,9601946236889	789,8929154045518	
243,63369021523388	262,5103834501735	923,1086715704378	
243,2685798533599	258,16005934263706	818,0913530866669	
243,0159966036834	258,05146885894317	767,4885265273243	
242,74431163126872	256,3675188526854	721,1306437530567	
242,92638477684616	260,6420430450202	892,5135145016009	
242,64762983970584	256,2462261612112	795,2301441662341	
242,54547573944626	253,4009820558683	644,2280596639598	
242,54547573944626	257,444602229498	849,0983720942068	
242,54547573944626	255,51180705410158	760,5379509448612	
242,3548540825682	256,185936203985	807,2838650163063	
242,3548540825682	258,0028576975915	898,4160977765928	
241,2322854463962	257,35383885391644	783,174565037392	
241,41714631178652	257,16453170498573	856,1072951934632	
241,4846618088416	255,34294959825283	777,6216389689529	
241,0031010572419	254,93479999704272	777,3131146340053	
241,10422877021253	253,6951750203821	771,035866999852	
240,94676442003856	255,23208489045123	754,7687079691952	77,9746822123483
240,88433474493166	257,1247688979501	847,958961683021	
240,03099994404016	257,88474522013865	930,8141172641648	
239,5374659231773	254,52377890542732	766,0557750697158	
239,77989506306156	252,3809347494649	685,2831475565617	
239,73667157539793	251,75506193487007	757,085786917396	
239,73667157539793	253,92960954366796	814,6481894026631	
239,25219678515705	253,33652721885505	792,6364812014978	
239,228124845166	250,26128525599913	704,7498935143744	
239,25219678515705	248,16225470244655	630,3932261633258	
239,06852112884903	251,54610040912047	709,3107066348125	
239,06852112884903	253,799178397472	855,5681283584302	
238,43405879479585	252,3702720131366	773,7587467289924	
238,43405879479585	255,04121135074382	869,0649049832732	
238,43405879479585	250,025387280854	710,054031402932	
238,27027940186045	248,82837711074305	680,5522678865661	
238,27027940186045	249,12813993296825	647,2590095880607	
238,23975481340224	250,1763680170755	680,4013041981618	
237,30355188152373	253,03557975706372	780,5528033858111	
235,0967264332288	251,20487685431178	766,0802663636678	
235,1237161966253	249,6640296122088	774,7865107287886	
235,19716419650712	250,41252798983615	848,9309940019753	
234,94082673053575	246,76486851972356	669,7426272473205	
234,74380006994753	250,45845533536806	861,4532292478942	
234,28301225124704	247,00700229167572	724,2923499227488	
234,28301225124704	249,7776465406062	834,2275519188828	88,78098235133771
233,56006694655844	244,7903556235843	647,6686501315156	
233,04552951801236	246,25778744441163	697,6160419053539	
233,97291878458643	249,05796353097233	824,5923998175018	
233,97291878458643	244,72835761705213	695,9267110772579	
233,84719564389223	251,08632421967116	899,9781979669885	
233,63122354107136	250,2305272641995	831,8252666277449	
233,75993212315004	250,19042179633436	955,7236180562259	
233,68447472257196	244,6114750913549	669,7145280049059	
233,75993212315004	251,0346089172444	898,9046346868362	
233,20594735516	246,23955375646446	704,3444227483292	
232,92392373023895	246,96592950081663	779,3519301063419	
231,94873282944963	247,27533218737128	789,5745806570314	
231,09843279324846	243,32962798715818	672,6419138759204	
231,38022918438463	242,4278020069278	680,0057091754139	
231,3098971059397	245,11869607847032	812,99018295458	
231,13477453427393	243,01614575945106	715,0702042568851	
230,34246077517855	243,97216267458955	790,6399915966302	
230,34246077517855	242,546920414387	748,1845851966962	
230,25917773450365	244,31012011128232	789,3373597747496	
230,1629753522615	241,16036318723468	697,8773090426009	
229,38190217373685	239,40005406113647	614,4249829508843	
229,38190217373685	241,91452295101746	702,4416224473321	
229,38190217373685	245,16823323123816	911,7693452305741	
226,55293342337427	244,49741615602554	857,5214853687953	
226,21379174424885	239,30993795462615	674,365969032813	66,22422002582918
226,00125076527976	237,88717645835084	688,0457612801074	
226,21379174424885	242,8279527664993	902,5232746544768	
225,91455596159133	241,18410306318037	803,6316433571336	
225,6410536626723	237,95823743906624	677,7413543688697	
225,21883645934565	242,49615454766484	875,785338537226	
225,04675737290898	239,198318124683	797,1284716985839	
224,81583608184218	241,76160370990053	884,5250465528444	
224,90715492663213	238,0139490896328	732,0086529232492	
224,90715492663213	234,34649961517283	606,5321080956594	
224,90715492663213	236,973252606475	715,5890905951227	
224,81604728061768	233,95863080757343	574,7566373402627	
224,60489695725133	236,9171303990779	730,8497862309216	
224,307263850288	235,8737593530511	659,7881608128114	
224,307263850288	239,01086439359682	806,6839325686335	
224,14782478214528	238,45764499315194	791,469956023061	
223,55533241567954	239,08106874224396	838,9973215123167	
223,42010286834142	233,91979985337977	650,8789129630189	
223,2621130752657	235,62511165606796	694,4213537005533	
223,2621130752657	237,17808536740318	779,8260345223616	
223,00056054955544	235,15948923949045	725,1411408440675	
222,78874029846568	238,87625771209173	920,6914065109586	
222,9497091346012	236,00408900441752	767,3543087411896	
222,91933658721925	234,7324206943843	753,9283684825626	
222,88264319636167	236,85643727062438	796,8304226969813	
222,39156264377382	235,8514240277344	786,50930739255	81,61767681646197
222,09442080189206	235,38779583732173	767,2767743335057	
222,09442080189206	234,669246933786	715,6664839302384	
222,09442080189206	237,36318874514515	808,0071658187211	
221,90694770235433	237,45478403752458	811,2969906969546	
221,54004068972856	237,80968148171715	857,9217063734811	
221,3926599749874	232,53504612008	688,4682282387445	
221,52308586742416	232,50634527979003	697,7475804600836	
220,71049125162526	236,92834676864294	872,5800263088554	
220,61169483112647	236,69724066458912	835,9114959494949	
220,61169483112647	237,20001364476377	833,9242897070964	
220,30202196441454	234,05653375252712	697,4401719509043	
220,01031438071195	237,2981731280982	825,5068840535687	
220,14301769314773	239,04085036893935	922,1352836845829	
219,99635580314657	230,5699177811901	634,7382062327291	
219,93567494909638	232,9479307141477	744,8567265671472	
219,90350352813672	235,51640033285068	795,8592698283751	
219,73990131896983	237,02996760256428	916,0798695239221	
219,7720727399295	235,60241756575329	929,0074559578181	
218,0819094697176	232,9851543489344	766,8043278325027	
216,90359889322608	232,8987137931468	800,5014369719578	
217,67916243493633	230,91064836544328	761,0230831945966	
216,27760699077754	232,9511083999224	783,8205756004387	
216,38111700331055	234,2287012498453	866,8191984338455	
216,00727559185754	232,39645387199255	784,4529066986984	
216,0990259642289	230,77466478342424	799,3942488011706	85,39724553863525
214,71416654559687	227,95785088141653	686,5350783649824	
214,77362344474642	232,87101186713	874,5361845430336	
214,92632182871847	227,21449074801257	688,0739735866294	
214,79775081772195	229,67767400194214	799,267039382737	
214,33114126699266	226,38962006357121	719,4121363747325	
213,621019335897	234,55785586650165	942,4929573489958	
212,77538989980323	226,92123772913598	728,1805024083823	
212,36976749846636	229,37355526512974	855,3434007445176	
212,15020028322633	228,91776342662547	890,714681106355	
210,96061711538772	225,30981634224324	712,208249753137	
210,02843807452754	225,21563011284576	748,1722371259466	
209,9769978351304	222,15778671508747	659,3109873523846	
209,9769978351304	224,91698552247541	784,4615834552898	
209,55925866204674	226,1323994663819	818,5877863557831	
209,55925866204674	224,00045756737416	838,2238633562682	
209,49537500171243	222,22515336789795	697,0356279642964	
209,33159501539797	224,44482514928688	801,31423026198	
209,33159501539797	223,22788935748437	771,6540662707168	
209,32637124869797	219,27577949245165	624,6209637854685	
208,96237561052374	227,6842641369498	943,5667042705709	
208,7438612719565	222,47232485009988	789,2320596858747	
208,72762235261303	221,5128024386956	737,0202288775554	
208,63829566700252	222,77102498295923	739,9559666347384	
208,63829566700252	224,08319270211766	841,8529065131082	
208,72468925437053	220,03667660914817	679,7387179823936	69,52592832714731
207,83298413197596	221,77395145045847	720,9695742637714	
208,29652453652648	221,53271285334998	760,6058599902324	
207,95804472512168	221,5074887901037	774,687427167856	
207,84365517156184	222,58073671153602	763,8475344226079	
207,73770843538935	222,884817105573	845,6970013596107	
207,73770843538935	219,25051961193793	718,1378715688786	
207,6821092839205	224,85065392530873	928,4687708062814	
207,73770843538935	218,76781284785432	645,5472065209136	
207,6923491218549	225,17037351740774	878,7283184554348	
207,62416976579462	222,8410445290907	804,751308783746	
206,75267798153655	221,972029660958	812,5505284861247	
206,53857123715335	221,03285499054516	745,731694242754	
205,99534638833623	219,5956127364898	760,5721994769674	
206,0211551843543	216,84183749043615	604,4275390967257	
206,0211551843543	223,45613334938818	858,7407447815382	
205,85446508139242	220,89121401269875	747,244860588863	
205,85446508139242	220,80843979326403	831,8908007728018	
205,84846246508158	218,84207892295922	792,2275804251841	
205,7622750336386	217,06000884705009	678,5598098995994	
205,58936175004436	222,58338894913047	852,664725214552	
204,4299532032585	218,2407889693206	695,4760136016594	
204,55804456296562	216,136663462816	699,075869820775	
204,26654677480224	218,0440144498747	808,8275242230228	
204,2669406368909	218,16611375606422	750,2214721471814	
203,04670773284994	220,3340572357382	879,9246044704377	99,16093083186578
203,90672760630332	218,02155714374922	781,0836779431718	
203,6460774550092	218,9011933209258	797,6714675937973	
203,90672760630332	221,5731262551674	852,7517306451596	
203,88003248161954	218,17235391625326	789,82358273404	
203,07523299882345	215,5859187338216	690,9033354134167	
203,04153037257234	217,8441616621384	805,785269738629	
203,36142849001044	216,34172258613205	745,0229309862455	
203,15315557847268	213,29750839176805	609,1646198257682	
202,83181440209043	221,28490726099832	854,4342657028725	
202,44542527536703	218,42641067422804	789,2863314190342	
202,77294438157233	218,5779104146112	763,357446608477	
203,15315557847268	216,50392774140312	763,1796117931002	
202,72568500683892	218,45226833128385	758,1283180313295	
202,64827519382055	217,9281163494162	732,8466685550475	
202,64827519382055	215,86225459031814	725,7393862963155	
202,5869760618261	218,89129368046883	809,4199724085795	
202,28595182657332	216,50341459971523	754,6334686074058	
202,19980108100913	216,53104720924694	698,7317146803528	
202,57843907785954	219,06715912761382	784,1003125476523	
201,75507610631809	216,65299273440436	725,3852288147972	
201,45314577772885	217,9324296722669	773,3171582011871	
201,19511651764523	219,28533848995866	862,3745707302785	
201,18481987040067	217,64056976047584	842,5740608998124	
200,96120706673312	215,3364097709494	836,6485877857216	
200,96120706673312	216,9441863372569	791,8727365809402	90,57640899648104
200,74675083873402	213,61906938158737	738,3090155193745	
200,74675083873402	213,07459171903912	676,1469642761342	
200,69721783805474	214,22934687920383	775,6731202530164	
199,74913916624834	211,79801861597	631,7078039611856	
199,73209185759126	213,95559906402627	774,4620854952503	
199,32414919824146	218,6797685480204	869,6051441790819	
199,11977296629505	209,7183007991659	594,6640718998723	
199,32414919824146	209,43402693329867	646,4253449789387	
199,32414919824146	214,24162093893148	846,588180552542	
198,62214398624107	213,48383877051873	761,9766688328752	
198,62214398624107	210,40536964619176	655,3376885842221	
197,0564084081537	210,85862635570334	610,0100228221075	
198,08708592498385	211,03560529024173	740,7371992887138	
198,08708592498385	212,56742291282148	790,5518390944043	
197,87522157460978	217,0193564302265	1012,187727837219	
196,8794467412391	211,7997023710962	734,1772537781961	
198,08708592498385	211,21792137302356	727,119714981462	
197,69311549342893	209,3258413299736	613,7046713826486	
197,76669118343517	209,89077516217702	695,9623854876298	
197,6512644504687	214,07163147933537	804,9395307579065	
197,68687969665086	211,75810431006323	780,8194124286767	
197,68687969665086	207,80405677562422	625,5784855788502	
197,68687969665086	214,85995581429066	863,9038022033087	
197,68687969665086	210,23905266548746	685,0121461978521	
197,42192388419434	209,47390950484268	661,6762823731461	69,81305300580773
197,42192388419434	215,74889514963678	894,996463539281	
197,42192388419434	212,5696265807843	789,7782685198421	
197,35201838700016	215,22105985896684	830,7780589331476	
197,35201838700016	209,1563222755683	691,1189998716968	
197,35201838700016	211,46937355433346	774,9782221154773	
197,35201838700016	215,21333771883735	913,4620103338265	
197,3490233750523	209,8597114719662	691,7344718237863	
197,25962814099591	209,56989940050136	704,4443463861509	
197,25962814099591	214,08008826158883	849,7238644043309	
197,1002612358133	212,6661285626897	787,0468072099287	
195,69063788847157	211,58659701269895	795,5550779499787	
195,69063788847157	207,56586953549922	680,2109598214566	
195,69063788847157	213,14880009255117	918,3003202478909	
195,6242710742083	209,91249619271383	769,5414880753949	
195,6242710742083	210,94660977732326	808,2433649706866	
194,64476330331726	208,4888669885213	743,0013948009542	
194,29024797650763	208,45886036509182	714,9424303093392	
193,88440428286097	207,1413079905481	660,4381060301707	
193,59858350139413	208,9985725368475	764,4336690188225	
193,43309093415738	209,17080975717397	749,721912379489	
193,35267149479986	211,2632622413939	923,2858601712691	
193,35267149479986	207,54209480980805	774,876313183726	
192,30380813477245	205,4957343007368	686,2555756983227	
192,39210816933465	207,04500546239976	790,8464239363165	
192,39210816933465	204,18356880335944	701,4171841794633	73,49701569858298
192,38491565072002	202,80610148682328	670,8456836996622	
191,80490223916837	206,69463430452825	763,8732867863014	
192,34739810650143	205,54998940611873	742,8473146440614	
192,39210816933465	206,65788211275384	796,3386106713747	
192,39210816933465	206,9538354864893	803,372033067638	
192,39210816933465	211,19197818469146	887,0556814404628	
192,1256404045761	203,56494922954266	670,412402858822	
192,38789979394198	204,88021722358764	647,804389506806	
192,39210816933465	209,04400252532716	885,22278708003	
192,39210816933465	207,4344762686005	794,3315144022525	
192,16776914281436	204,02484603258122	651,4801775303359	
192,0832769211394	203,6464872274659	656,6305671141338	
192,0832769211394	205,02202434772474	703,5776264850808	
192,0832769211394	203,37194916533556	669,2993456650166	
192,0832769211394	203,73382958668074	652,732542206497	
192,0832769211394	205,83065882562295	779,3202692550736	
191,93621451999897	206,74939601263742	856,6338698733466	
191,93621451999897	209,98940997333347	973,2357551389732	
191,70425702320415	205,85426857800562	759,3215505030206	
191,73595985396034	205,75421254196962	806,2111086430987	
191,73595985396034	204,56455373951755	755,5304330707582	
191,57547130096967	205,3053896776792	830,7644152156041	
191,53672923190257	202,94743360707423	679,9164355378963	
190,96881597978086	202,97571418615073	665,7756796929418	
191,52284115079019	203,91730397375787	673,3307477305789	71,55051106379813
191,52284115079019	204,04596031895596	692,0482878908882	
191,52284115079019	203,225387073339	658,4924538530945	
191,05796340457147	209,05962222086083	885,355788191482	
190,9210049990612	207,8167272120649	807,5549057228178	
190,9210049990612	203,02417974723093	663,8443164339359	
190,9210049990612	206,67213124247274	830,405595216332	
190,86285394962528	202,4379173535621	635,6343795376744	
190,86285394962528	209,23798403459193	888,3039795457818	
189,29480432587488	200,3193588897385	605,0716610447924	
189,29480432587488	204,77035114232902	758,4837474274891	
189,29480432587488	199,1823216436264	583,7011171733133	
189,29480432587488	201,2344937431414	716,0386809328425	
189,14376458971677	203,73150625613206	811,757918493487	
189,11054384944757	207,52793362661944	891,1403837559565	
189,04693330003556	200,84375325160892	657,7990125122899	
189,04693330003556	202,4040645549447	752,2070516605054	
188,93645975024117	202,88805573013485	747,6628916543875	
188,93597912572972	203,37497475051507	779,7038511828987	
188,93597912572972	205,51993995991003	839,9471164837163	
188,93597912572972	205,68759919664123	807,1243892374933	
188,24325151994682	201,03450954517575	696,5458708865341	
187,75736829649088	202,48902106209897	694,8579164188566	
187,42637722322775	203,3209419113514	764,5123523007646	
187,56066919111893	205,54532436749253	802,1488350205333	
187,40820112786128	204,00816030777816	831,6721293911813	95,15095402250965
187,40820112786128	199,99488320188496	718,0785718722248	
184,95577770371207	204,35746387607836	813,5891088997294	
184,95577770371207	200,89140747451512	735,5658994700557	
184,95577770371207	197,50837148570687	620,3641942938525	
184,95577770371207	204,57910268769487	898,1079628164432	
184,80927246554376	200,328372727923	816,176856305265	
184,95577770371207	199,05621607514036	715,5395331611155	
184,95577770371207	201,12987709578778	830,7966995872374	
184,95577770371207	197,27225764900817	710,2507363289698	
184,897831849478	202,12946494926547	887,2255938064789	
184,3457932517635	197,26573450881847	679,1892142485759	
184,16058637646051	200,91110675455622	839,6556293301467	
184,4994208555214	201,39585754821542	851,1016667291436	
184,41141098631908	197,11412487384365	653,8702858104866	
184,14990118762256	202,86584061794684	880,639302325642	
184,1350522413425	198,6405491587845	713,4440425618831	
183,97571887016073	199,02023764366243	778,1205026459897	
183,97571887016073	198,13724061723156	739,4620895460918	
183,97571887016073	200,50377766078532	873,2801401111158	
183,51785025465995	195,58512702199758	691,033702247216	
183,51785025465995	197,20773743742922	765,0424672747504	
183,51785025465995	195,5226531643346	646,0687577232518	
183,51785025465995	197,16138027477555	758,5377284219037	
183,4129765405183	196,08434904838668	695,8229705170518	
183,4129765405183	197,98505660568398	792,8376395418157	89,39244777288553
183,4129765405183	200,17150019516674	898,4591680669068	
183,4129765405183	197,36790388857222	743,6523837007828	
183,3631336831531	199,58765151178923	811,2347724302713	
183,3631336831531	197,0149972471119	723,7576219829243	
183,0525210790903	199,32977228358672	804,7232975011743	
183,0525210790903	194,91524587337065	681,4755043000058	
183,0525210790903	195,14925147791953	650,2341723286647	
183,0525210790903	195,9412490309074	709,964891835368	
182,83061151896348	193,3581698767419	612,8665506667998	
182,74407168204027	197,5396268627926	752,3124744137023	
182,74407168204027	197,46965342119137	775,4007867674482	
181,1710300865928	195,79532498007552	747,0182135610894	
181,13200311951226	196,75263431124029	824,152040424551	
180,93369118214468	194,18196003659924	667,5401208814272	
180,77518379230608	193,0992785996665	713,8056005177417	
180,40233131682697	194,76272666286587	784,1118873457838	
180,40233131682697	194,70412728039202	730,3129851391724	
180,40251260824368	193,75066751709875	729,6900551465459	
180,04027942473695	194,9465101398517	765,8828729385215	
179,73482786559669	197,2542169844365	881,5335112224112	
179,65970075075424	196,305410498383	826,2041974365634	
179,62038735084792	193,89592513595778	737,2109625626154	
179,48967282545047	193,588654061286	696,6213214911963	
179,62038735084792	192,50990898344753	683,0367835862743	
179,37803857868272	197,1131780915292	860,8194457054256	102,29075649407187
179,1100308586826	194,96759670957263	781,3466741476375	
178,99153425742261	193,68287112115624	753,637164030117	
178,99153425742261	196,3418548153577	780,76232574692	
178,99153425742261	194,45621476471143	771,2291600136223	
178,71616637801384	192,73759702036918	717,42423006171	
178,29692852583253	193,05668877871216	728,4460185638974	
178,56938378126588	193,70360768471835	783,5387062541143	
178,0607218803448	196,99313333433759	856,728943666527	
178,11054960026402	190,53262726075337	630,3505307063037	
177,76331598049924	191,8648918948642	702,4136769806153	
176,96996116385438	192,0498568375072	717,8454852199347	
176,67702186146323	190,70507305855125	703,4526795110745	
177,09452767597875	192,5446659916096	807,9758018946847	
176,73144992899287	192,7917637481755	753,7593514810701	
176,73144992899287	192,15286997339285	756,1816072028444	
177,52480474563774	190,37071377124238	682,6747089496739	
177,11587328101785	193,8917840589409	825,4352732227741	
177,11587328101785	193,4709125820913	848,3754400113417	
177,18341212705363	196,88369024621724	965,170429955817	
177,1458823259976	193,1907418289923	755,1882987150288	
176,39494145290828	192,9749890943576	754,0389556289603	
175,65335714116424	193,67117745655537	790,3369186310318	
176,37671823488955	190,26930251568618	717,3744787477399	
175,3934587947979	192,44805225818263	828,3910031916458	
175,3934587947979	188,63318210379944	694,0883724778425	75,41098797287401
175,3934587947979	190,07835241520567	757,1398758844351	
175,3934587947979	188,21753794075536	668,2799851117442	
175,23734879579072	188,3339699544847	664,3285070208766	
174,85821449263958	187,98110992149049	649,4079146016949	
174,85821449263958	186,676452163247	652,3388509834317	
175,21168890258352	188,85481875586183	740,3310269847673	
175,21168890258352	190,24613027235827	714,5533652787907	
175,21168890258352	188,5459557571772	685,5498726060389	
174,56886383319048	189,26619198926517	749,1732426580062	
174,40409669219807	188,86614879022912	738,5909597973841	
174,4017104740246	188,43387834459702	722,8089606511244	
174,27169951742025	192,19908244448547	882,411209254019	
174,3978188678558	189,14468086220455	798,2911497203494	
174,15442819880548	188,51003694650342	776,1812265702793	
174,12351523010796	187,6954636741774	696,7314990275363	
174,12351523010796	192,8275442804738	922,9956125136455	
173,6465164601485	189,01178897343755	733,334982346777	
173,6465164601485	185,92758141069658	683,2522633513321	
173,6465164601485	190,07492816704146	796,0741836819757	
172,96626456628823	187,78939218152985	732,8258994997582	
172,96626456628823	187,8391140396118	780,6147911199856	
172,87448603094148	190,08276132650983	805,1267822736786	
172,96626456628823	188,47411998251624	815,2740651695174	
172,96626456628823	186,62693611753835	724,1470354205693	
172,6431392170026	186,11229067134843	731,3714112839625	81,21907543322642
172,6937048740603	184,49052651274397	630,3906668689436	
172,6203086309733	184,9160006220465	670,2941625169608	
172,59344867582135	185,29902102646108	741,0566823440172	
172,56117186947705	188,7303375810325	871,3907753584864	
172,56117186947705	184,54610556349556	634,4137617130332	
172,56117186947705	186,2152728815295	728,7612810775868	
172,56117186947705	185,7336108493507	670,1573683374816	
171,23000579588998	184,27980002143937	650,8021354398536	
170,55709839249462	184,28380952110322	688,5404354398124	
170,3465270694121	185,47416672146232	739,3334830015973	
170,3161859892078	180,6657029946092	581,0964136796298	
170,3161859892078	186,59416160738616	790,1285847897851	
169,79584543748518	185,9918686018679	812,1901603641044	
169,68611696461042	183,1639559716117	667,645645879121	
169,68611696461042	181,28093017998216	637,3650574994613	
169,75972026676845	183,84523101524442	718,0328966041641	
169,6740792294699	183,41595308451713	743,4767925326782	
169,6740792294699	186,1197043037047	789,9726815864741	
169,56420988350882	184,8064053458052	798,9775080134999	
169,56420988350882	182,27587587857113	689,3983823767876	
169,30885244071837	185,06031867494625	824,9985761154056	
169,3576850709541	186,71510251094193	870,2037274763419	
169,2946384561093	182,8349756498387	707,7513765274467	
169,07889350389397	182,7634051239317	711,9836443227241	
168,99060022139028	182,71043876191382	728,2007580365042	82,37244121675062
168,99060022139028	185,5119038754857	886,0474227889557	
168,5681211068707	179,8555046396076	624,3075759737865	
168,42410000371248	181,8387434663168	706,39808412561	
168,42410000371248	186,13379055548933	835,8651416705497	
168,2816747728596	185,31622002726712	850,3315526339964	
168,2816747728596	180,42429201761132	635,015759785131	
168,2816747728596	185,5283587203333	829,6158575541816	
168,2816747728596	179,94719369274338	635,5806762811684	
167,82355976336822	187,16845195645735	887,9316070807419	
167,76921794344125	183,0193406152225	696,2676002949269	
168,2816747728596	184,37772462234614	816,382042372142	
168,26686697976038	185,09032674283998	811,6521242106224	
168,1639951581709	183,9000335040344	782,5369899398288	
167,51288632398766	181,4207358582016	692,5460836628331	
167,43204600643278	182,50337488971542	766,1562230159884	
167,36505065090205	182,61403600148114	805,6297822036249	
166,74040799400086	183,93053107723392	825,9530704445464	
166,5891497055248	179,0875006580645	640,0213185836798	
166,5891497055248	182,8902479116315	811,4553076176995	
166,3245046328405	184,76442286091864	827,4556900650958	
166,23706404701406	182,37044625029756	757,493812060886	
166,22453479451	181,78648467450094	729,135325974343	
166,22453479451	182,25696180148788	793,6217455236704	
166,22453479451	180,9729561346661	738,5001604603199	
166,22453479451	178,68434526990978	712,7400451749352	78,87762056853296
166,22453479451	182,94772376652207	860,6343252012252	
166,22453479451	176,17138406876066	600,5555671407163	
166,18180535749136	179,50513352843217	711,7273291101529	
166,04841196422487	175,8675765562076	587,3848076381677	
165,95982095058807	180,55850763549864	688,9589709693282	
165,95982095058807	182,3711275170681	799,3074698716082	
165,95982095058807	176,4920468283903	595,8094338071626	
165,95982095058807	181,709976550431	783,5867162159673	
165,95298686955007	182,86783308814194	762,2071413497988	
165,83786924619753	182,77481705621076	851,5258143590452	
164,46891360926912	180,81494537438985	751,2819585057711	
164,46891360926912	180,44714023418015	797,983658040272	
164,10307300704807	179,0655180528787	750,1529044833603	
163,49789494523432	178,97138049948592	774,7274210046745	
163,43292440950864	180,3663641267345	787,58014166977	
163,7821185355302	179,38855809374255	719,4925383779172	
163,74223681287378	177,23461592293626	645,443057346096	
162,8656470510056	179,74438262553096	807,3875060586973	
162,8656470510056	175,55742911100515	674,8542088351728	
162,8656470510056	178,26965890182493	780,4655002458903	
162,8656470510056	176,08605400891736	654,2181074095839	
162,59751265337843	175,06079698192272	628,2932969100702	
162,46078952870445	175,85742999550794	703,1246652939319	
162,40023257997808	177,888351366854	837,2505104546943	
160,49659488738092	173,36416348506035	629,5213372920014	67,93408409161026
160,49659488738092	173,85998547839756	673,5599678801519	
160,49659488738092	175,34945932584245	758,0926101544708	
160,49659488738092	174,4138664828049	753,7072766796155	
160,4852048925135	175,6324691850364	717,4262252178418	
160,4852048925135	178,23218818866292	883,6015015994808	
160,3799301322855	176,2243292224952	768,4257185783106	
160,17269446904402	178,51018514552132	789,8056384206523	
160,15161612652034	175,30998685421892	676,397167107435	
160,25689088674835	175,56339698295324	768,3055495507464	
160,25689088674835	175,8358955424997	783,7657562551341	
160,25689088674835	172,2979651411514	643,7910349897509	
160,25689088674835	175,77005628895574	759,6103498361249	
160,01421530061492	175,69169651251525	780,7801877090329	
159,62336050308735	174,64891984502216	725,9344317596966	
159,62336050308735	174,88081400888538	754,8334516594653	
159,4041692845731	171,9608314635787	675,7683819929314	
158,94028866183945	170,46143846977768	614,8091660663774	
158,70581210262313	173,13230259605888	717,7913027337934	
158,70581210262313	173,0957672780118	723,3935210625044	
158,66311596993717	171,81253505518958	678,2216150349263	
158,52097215083694	172,62046532851272	703,2877943839611	
157,8313303055834	172,29872712109125	726,0817558724204	
158,00224148718328	171,988222595262	740,4467312237543	
157,4439267526869	170,54798439477057	657,4707376568236	
157,37089705723193	173,56953442022893	760,5457169285079	90,39332773293178
157,37089705723193	171,17034654174512	641,454191687583	
157,37089705723193	171,81362124932056	732,8106057942986	
157,2591795051126	170,94981160755012	722,0358029254437	
157,19980453455773	172,06389186413244	745,5102687001653	
157,19980453455773	170,28501651515103	737,5756469857057	
157,19980453455773	169,4847559458359	647,504050980221	
156,88952617517774	171,97842379906197	768,422185102578	
157,19980453455773	172,68968937068837	789,1772507427378	
157,11510214569853	171,06981880904496	711,3595839097823	
156,8867808367039	172,54454192116472	780,7208844217311	
156,7371308811931	174,66614175280912	888,7796980461634	
156,77126118516276	173,1693117355302	779,6423026358154	
156,77126118516276	171,80313256762085	722,1749935616591	
156,77126118516276	171,4440836902568	702,8364108845666	
156,50467865892568	172,17042938315683	802,3759815504319	
156,50467865892568	176,65820849589355	888,3982634909698	
156,50467865892568	170,48937690389005	709,054148952342	
156,50467865892568	172,4819039319474	766,6352303030457	
156,50467865892568	172,73348481114556	796,0729826249215	
156,50467865892568	168,60826997654306	661,3607525432561	
156,50467865892568	169,8849110677094	708,6095532540744	
156,50467865892568	169,20020884400466	707,9409858699862	
156,50467865892568	174,02861509780777	861,8513112046488	
156,5027003782601	173,85030944378647	813,5339136497885	
156,26466034411038	168,65614593691808	689,5017568981672	76,31000730081786
156,16694126663933	169,0550735691094	669,6491204376999	
156,25340964032134	171,04812465669636	805,7500174102302	
156,01877262371593	167,80196915463367	648,6790170754208	
155,9236060973469	168,55423395492164	669,098891884137	
155,88364319743494	168,20817551995648	712,4000525944962	
155,88364319743494	167,4946645531935	633,8424821132356	
155,88364319743494	167,90632169102034	684,5993049555959	
155,88364319743494	170,61342913492442	760,3179962863713	
155,74864064945882	171,56495010629104	797,9346614866886	
155,74864064945882	171,8213271564449	836,5677450388926	
155,74864064945882	173,60533686908235	863,4769666241408	
154,69500128079926	171,09545260924114	761,7948217526085	
154,69500128079926	166,63987140408187	672,9852313283525	
154,69174962086856	165,78521536486699	624,172885540936	
154,69174962086856	164,0663381689398	588,1519491525302	
154,68648588536584	169,8506783464504	737,3188965650885	
154,68648588536584	168,05271662981934	703,1426469883672	
154,27138341775745	168,4444740051066	725,9480878686082	
154,68648588536584	169,31449329808095	763,7556575426612	
154,68648588536584	169,98333903898128	738,6714352543153	
154,55034570026848	171,08122400149256	770,9165554356347	
154,55031126679177	167,6911916247489	632,3376883910598	
154,46874715652493	170,4531396109454	748,9562798130443	
154,315463902641	169,90220993114914	771,508353140369	
154,16777551885545	169,06408496126537	724,6619409031779	85,51490619164197
154,25631913132946	165,596583090095	654,8123139463829	
154,12927868334688	169,69858769787325	764,0820957118897	
154,090869985284	166,80377645427245	654,0647622173275	
154,090869985284	166,21731397285154	651,8235428906578	
154,090869985284	166,91084744620338	658,4071468327181	
154,00554022546376	165,85438592714948	653,7852504120739	
154,00554022546376	169,8814099013449	828,5677824300572	
153,9241490392402	163,6225450462466	546,421013772824	
153,9241490392402	162,08660467761436	533,1271916029523	
153,9241490392402	162,02798370711537	503,4273741104878	
153,87795649025014	162,7972811126527	527,4143423644542	
153,90826252887172	164,50577063665116	561,6142362628789	
153,8635433159277	171,7879547032269	849,933089824727	
153,3914645515861	169,61289970676546	728,4529116426544	
153,37313504884656	170,12629017505918	787,6855111734443	
153,21211916291185	171,32502483469165	870,7111064309779	
153,17456249560036	169,06025166356395	784,3913830736153	
152,8439814188324	169,27424052817213	778,4230554737921	
152,8439814188324	169,72877347720794	813,565397201012	
152,8439814188324	167,7155035491404	734,4732091775231	
152,8439814188324	168,60050124597794	729,0443405369883	
152,75225727598115	165,2919763380998	652,689301404285	
152,67510973003962	166,45558818201607	689,4771647014969	
152,29042287909854	164,30030271187192	617,4679195299499	
152,24341971604957	164,82910529709136	676,4043991278224	76,89174845652164
151,7953131040138	169,49708475956402	847,1453018124455	
151,77876357154935	165,358078676612	686,91789118941	
151,58563487163698	170,35451575729937	868,5020463902374	
150,6770248402114	165,47293115261127	685,6494637322007	
150,50272623979842	167,21664090258776	769,1580221422148	
150,50272623979842	164,85987372268622	681,1665940302695	
150,31288777996107	167,65589602714016	812,1013306221773	
150,76539134679456	167,95455815084085	908,0594493296325	
150,3538012041399	165,33075897229418	744,9675942624958	
150,31298837439485	166,02142569928873	762,3095088893583	
150,31298837439485	163,81574793832667	626,1474139074927	
150,21319543540173	165,0235003154672	787,2135929145493	
150,28426992531814	166,2170365494051	790,1462594597361	
150,28426992531814	163,27592262190137	688,7188860744366	
150,28426992531814	167,95155047881457	790,7997396105341	
150,28426992531814	169,0493277873703	800,3645236199745	
150,2270751603678	168,69740551607433	789,1014992960828	
150,0816280376668	163,93306115412287	674,1839523910062	
149,99262555754007	163,42466850328984	703,1063072894827	
150,04226889597913	167,18492170802804	791,4279661922399	
149,94233769873932	164,74097139656334	745,4404665073085	
149,94233769873932	159,5839811556743	542,7396117120301	
149,94233769873932	163,55456233583615	721,4828469919079	
149,85638443387532	163,84688377518032	728,4253618076864	
149,94233769873932	164,19056735379374	672,7896472430627	80,53577482184959
149,78902479696742	164,93000478547592	758,4962208713556	
149,73513214491288	162,12390182467016	687,4746685528877	
149,6639536044339	163,5774492908195	718,4559652031043	
149,45458678412854	162,94903716340275	723,9800249632758	
149,45674849326917	164,47800552258764	739,7021420767901	
149,45674849326917	167,09092934585445	863,3264662455036	
149,17982846185384	164,29005339792275	693,1946648963321	
149,0771533641995	166,4976444045328	792,3959033063544	
149,15952775510164	161,5844201104816	625,7903138620062	
149,15952775510164	163,2326369992992	714,2327175734995	
149,03412522892296	164,7429366840025	810,1509506528207	
149,03412522892296	162,4642875789417	678,3685249825081	
149,00918269504504	163,4708192290343	772,0006478868796	
148,98670576342204	160,31873992778813	650,2552398040211	
149,00059375529884	165,81614775710088	856,5004716448707	
149,00059375529884	162,3451685872594	669,0928341238825	
149,00059375529884	159,32767901202612	586,5056677118314	
149,00918269504504	166,7887065954262	833,7283496135415	
148,65606901759452	166,80688471416576	847,3407537266598	
148,14597907505188	164,68265786206968	768,5649317535156	
148,64720436480516	161,8596894779984	631,8035771937801	
148,64720436480516	162,20392623728085	701,6960981397503	
148,27651116708665	167,08357822854984	847,6330216265357	
148,27651116708665	166,26803536930154	775,3715981011362	
