2056,0135442850496	4072,6197995277494	6118,350258486854	898,3067909328004
1896,5179617054555	3754,931477532028	5657,091830949532	
1815,391326632595	3539,90785211401	5340,090901872517	
1762,9588069234867	3373,4258615708472	4997,297425906454	
1676,0565738823236	3261,4181826161685	4895,664216253218	
1645,5189070139616	3166,812372433398	4764,660130383956	
1588,912485773908	3076,417619871666	4649,705091752834	
1539,884538719928	2996,208179037937	4546,748732401651	
1489,8169699306025	2922,183530161635	4412,756330573441	
1457,2234830132832	2852,7164633653856	4315,853597136718	
1419,4319046144249	2780,6630656309035	4167,59518852032	
1393,2196738686087	2723,0646994993385	4070,1557261165076	
1336,1465650531818	2661,7026514763756	4000,4604191717494	
1301,0023572965367	2604,187051273231	3918,4921502115326	
1248,1337414059572	2548,8379521823936	3849,566631933152	
1208,2147876534557	2497,2535796129405	3794,498929935539	
1179,4969583775032	2442,3651696703973	3749,4101168241755	
1162,1981439172775	2394,52889544085	3707,669521073074	
1131,1581058313259	2347,0751488526716	3652,4502551439814	
1100,4924748346145	2303,6164853608075	3609,5024607892	
1079,1550265878695	2257,557331065764	3535,7536756079435	
1039,3282504094902	2215,07997375636	3485,872037858056	
1001,632262129844	2175,788582338118	3433,9512599071268	
974,5533041624108	2140,825894907688	3380,1766944299097	
952,5988961406422	2101,609889194447	3327,991204929151	
926,4817896209804	2064,493583142705	3284,889689033975	513,0751811413386
913,330962246869	2035,4869434504883	3264,3071695414087	
896,3678432536868	2003,4718294752595	3234,9702714670852	
878,3959917058277	1971,2183351944573	3205,888716172099	
858,306564088633	1940,0990840115328	3164,451172718431	
841,4981806428349	1909,9870301611704	3134,4277597755836	
822,4161362256958	1882,3530789325503	3118,4431543958203	
810,5685387173976	1854,961295318092	3074,866770997706	
795,0522763433939	1827,6254139465282	3051,6091747609103	
788,4469887871612	1802,2474943795041	3017,5945491552134	
775,8486277275541	1777,914700946357	2970,9336456055903	
767,3092626010149	1754,1962655853392	2942,1319192572464	
753,8574191820376	1729,5439931361805	2895,6727079434086	
741,5774378122505	1704,320317870474	2869,1204486210713	
722,1712744476581	1682,9141769099886	2845,7312612969354	
705,3088428384127	1662,0079268598952	2818,5888805657137	
691,8775978276484	1641,0565766520654	2785,305054002924	
674,6114176073717	1620,181399833967	2766,9882181582902	
661,1610515959	1599,5539786714844	2741,2840475238863	
648,0778933464345	1579,7572796237093	2711,4835865451228	
633,7024481640019	1561,4538080513125	2683,4686031341157	
620,9886793421197	1543,3556416523988	2667,4184511105223	
615,4350723074867	1525,436522821693	2649,405719572394	
611,1703356309685	1509,3068523536765	2640,504339147791	
598,6326866114844	1492,2929344497743	2626,3411652754735	
594,2944055696399	1474,3753604723001	2604,7491606920125	439,4167324420781
582,3987364446225	1457,2219512998627	2578,2263922077973	
563,3267755494553	1439,2213858600364	2557,053192363657	
556,6651772019791	1422,0384962541245	2536,3722622727055	
554,0872652375906	1406,2846578660212	2529,0683555591736	
547,616848941821	1392,6872544542034	2502,8501366390324	
543,1747436869919	1378,2088583967607	2489,9671661533994	
536,378383331562	1363,682920286452	2473,4492437314743	
533,9496690867577	1349,1904480147612	2462,923601157507	
528,2089674908378	1335,3960430216412	2442,168591439472	
521,7952432497955	1320,104139700061	2424,0631220968944	
518,9370607568766	1305,6579911895205	2410,211102654424	
515,5437643134198	1294,26126643967	2399,7611652603023	
506,7849163724204	1280,9550559026593	2375,8630591492392	
499,87732524007515	1267,4071611992858	2355,115347652483	
495,4853549765487	1255,3706120022425	2332,2104871779793	
492,1151997188519	1241,5317160290813	2314,0152210403858	
488,1547160195276	1231,306385389048	2304,4590483634356	
484,9852251824063	1218,5903472248146	2264,5941617828476	
478,6056595046583	1206,663827389603	2251,755996556022	
472,3427311441434	1195,7924388289634	2237,0382056908147	
467,19771849368516	1185,342983500318	2210,5305914922046	
462,382331692498	1174,5135492017578	2194,34204932491	
459,2588339090833	1165,3394392514406	2184,027743426433	
455,39701268373494	1155,271989588486	2173,1199297940557	
453,35460066795116	1146,0076277353905	2162,6061537147093	374,62620283439884
450,5877450359647	1136,2505222319005	2139,750354399512	
448,49557337063266	1127,3776962926424	2130,7635117665654	
444,5011100126728	1117,5546671814564	2124,4608858375295	
443,1356258166342	1109,1893841900142	2119,370414548013	
439,9380406110271	1100,2654499225648	2113,6043789321457	
437,93928091742777	1091,5379898126976	2107,5475480762234	
435,1726990502564	1082,1993019771144	2092,8836475582866	
431,038480797306	1073,647256213815	2081,015601437873	
429,4345728520823	1065,485284202243	2059,4366229505163	
428,62736491279543	1056,668213603335	2033,3758616005505	
425,49155706120416	1047,8887957476247	2017,6973531311085	
424,64535773157746	1040,2309510465993	2004,2841860515402	
423,79944195216564	1032,0723774501876	1991,398647533823	
420,1020069906033	1024,0634519921575	1979,7909196941025	
417,77236372312177	1016,9577315506384	1974,6576850679855	
411,56513182377455	1008,246719295323	1960,0974799224723	
409,16968203751793	1000,5165360909185	1945,962034145137	
407,3313768113214	993,1930746707694	1924,087250518149	
404,24329417671106	986,5422293897925	1913,9714954655587	
402,6643826490554	979,3334780871716	1902,345535421424	
401,47919660775506	973,0298193284274	1881,2897786432495	
400,3746282160669	966,6910616430499	1874,2682009699959	
399,3441419915269	960,5642091836696	1854,1210047821137	
395,3791574644807	953,636069756138	1837,335527974473	
395,09420815054864	947,8293488889983	1832,4004839543868	312,86302243945954
390,11310134223487	941,7515508628134	1819,5184765625665	
389,4793169163719	935,1557930311983	1813,115963137872	
387,40253128021783	929,542247865061	1799,3846170128982	
385,14681272949093	923,9597521206701	1793,3906402310388	
383,40169082681166	919,169865010486	1783,5098663681495	
382,44938589327796	913,970122509209	1773,2703741421437	
381,4118609040168	908,0450367278629	1762,9566898286203	
372,4214639413515	902,764331421881	1745,3682871552667	
370,0971971947523	897,5063435547537	1740,0823644209868	
365,9721417264672	891,8283891885833	1733,0819626373777	
364,9540420835517	887,1323648626932	1717,9642973151642	
363,4462497304485	882,5070978373961	1711,5769842617353	
358,8118457391458	878,0353703248912	1701,8436457135194	
357,59120637248265	873,1725702223571	1694,632105266117	
356,01563645524374	868,6462679695779	1686,5123276523373	
354,49327498684926	864,703804144525	1680,4022477607048	
353,94704403973975	860,4516999490609	1677,8496105332777	
353,1591888130039	855,4498816860375	1672,373076389137	
352,7534879001156	850,7746468465043	1666,9337249666742	
349,53966079135074	846,9210347798273	1660,550513523419	
348,65653451681953	842,4671046312718	1650,7098769687502	
345,6641785430266	838,183989118173	1644,6443782323809	
345,1419721430996	833,7605558991083	1636,8778447115035	
344,95621333229604	829,9969526670072	1626,6761496335466	
344,6371327998623	826,3657282027827	1624,656322275139	267,8451665717921
342,9594054168867	822,8958980973258	1623,112344509761	
342,4693769291851	819,3940747496346	1613,6152307776495	
342,31437688284217	815,9068726784876	1609,5303598124444	
342,079649855072	812,3844846936953	1599,9120770231195	
340,92483924995577	808,3347166892975	1595,1916455295848	
339,40349094099855	805,0315515979486	1592,120855211163	
337,3468879664269	801,1910077091991	1579,5221108791397	
336,563910721867	798,227774744133	1576,104123524515	
336,20096172288163	795,2757080041307	1567,8470364025309	
335,89822274726373	792,3056749281964	1558,0478861802421	
334,97920517391293	789,403730131023	1551,6948817988953	
334,3029481107726	786,7527761482779	1546,6964466480306	
334,05945781326903	784,1347043918047	1537,4997967124823	
333,97644148077154	781,2135271642748	1533,6077727409065	
332,31938734959317	778,5394274412986	1526,2670267823073	
329,81417097906734	775,5398961254255	1519,2452409831435	
327,85589705305966	772,6844600554269	1508,4326196386487	
327,46200360112385	769,8702119316347	1504,929871027358	
327,18992819162816	767,0248509777775	1498,924423261193	
326,7113179654662	763,7235527030521	1491,3067103754884	
326,02058052243353	760,4902534266697	1482,9386419380273	
324,9821608460728	757,6193657365781	1469,8981702250014	
324,3478734231928	755,310386857809	1466,132489371451	
324,3387205646861	752,0328994472766	1457,9272873581983	
324,3387205646861	749,7056506775427	1456,2604317766047	233,47104049994982
323,96878025946074	747,5172394962108	1450,3570204555901	
323,38509930164366	745,1870124215943	1439,649450864572	
323,38509930164366	742,9209704951572	1434,1230939404165	
322,4016229334588	740,3709731246081	1430,6128562231124	
321,2731222491405	738,2089760200336	1421,8812028289196	
320,8110882675167	735,7715230843713	1418,5704855351628	
320,7526646034378	733,1893263073019	1412,7780230389244	
320,5279429216075	730,3541361272484	1405,941471047193	
320,5279429216075	728,5389736050819	1401,2461043582766	
320,1578849823461	726,200654036681	1392,0554895492917	
316,93526486444165	723,1936454899627	1386,3488377295541	
315,91652158325206	721,1068480960137	1377,55287954833	
315,91652158325206	718,44447872542	1371,7825837736707	
315,5813435752214	715,8225742558387	1367,777751277808	
315,43757545442685	713,8047962707274	1358,2710061906298	
315,05556693662254	712,1432156766517	1352,8940076562337	
314,82365574169717	710,3780086433644	1351,6329730807959	
314,5411146079022	708,8741466633973	1348,7112913268554	
314,5411146079022	706,7507180652788	1335,1774089610542	
314,2970801262479	705,1148083346573	1332,1670788228837	
313,132273261644	703,4997859685303	1330,2116569103264	
312,048300488592	700,9680439246337	1324,7864235409859	
310,9194266656703	699,0872438651427	1320,1764740334434	
309,0416426678278	697,2800406539213	1313,8357445575973	
307,2432703950638	695,2861370843425	1304,985818643423	209,0613831390378
307,0345351229729	693,5771099409983	1298,6584919966558	
307,0345351229729	691,9874907185243	1294,0662245193575	
306,4676491041294	690,3223887779187	1286,2754398204304	
305,1872413356679	688,4976824484012	1278,4224644927262	
303,9384362759308	686,8790543810578	1272,3729754773794	
302,74146263812213	685,2316185698432	1267,496558863892	
299,2188328525952	683,5649165261025	1264,0110414296332	
298,5387626108861	681,272936489323	1259,7325857121753	
294,86331572073954	679,6810883358926	1258,0581286779563	
294,6543306135283	678,2502553914426	1255,9583599155071	
294,37950119532223	676,5167773012713	1253,1048948210855	
294,0585497354287	674,6894271000632	1244,2984613629374	
293,76852395913744	673,2899326337532	1238,277028196651	
293,76047846780295	671,9636590151396	1234,4571627168773	
293,6099022010252	670,2511567983876	1228,6998093178065	
289,8259525177852	668,5299332472925	1226,3612562205847	
289,785038963272	666,9242625574308	1222,7275230932423	
289,62163003259053	665,5614475050539	1217,2708037449938	
289,05614236421104	664,1156161523796	1213,6500836545797	
288,98166064743344	662,463105169823	1210,677403147221	
285,41882520033045	660,7579262805905	1202,471886729468	
285,3063647094686	659,49117020405	1201,7231641579808	
285,3063647094686	658,2613550539595	1194,8304887470722	
285,10717269698824	656,7681837031781	1188,5935564249237	
285,0666255941418	655,7237469151364	1186,6481188027394	190,52421702210998
284,87637243261975	654,3544991811468	1184,5928078393356	
283,48598771753893	652,8188836257151	1182,8389677603163	
282,7882774495368	651,3303242123561	1174,895383939784	
279,30997810937987	649,7587043264768	1169,1702497474344	
279,3076608325707	648,7749253045369	1166,152334064209	
279,06446800597996	647,4197539881337	1160,986471160907	
278,9372222370072	645,9442666325998	1152,9510064544252	
278,2912880482917	644,1833229125718	1146,7054069208964	
278,2545234164969	642,9285006306447	1144,4776242605037	
277,6605668086206	641,5369621216938	1140,6949774038521	
277,45044290677566	640,1368744106123	1130,595468953842	
277,01789490701026	639,0820211916744	1127,8226332515133	
276,64759648725556	637,6558602424083	1122,16094428427	
276,64759648725556	636,2446501251914	1121,4217172865428	
276,2436008621098	635,395360012698	1120,1360712518979	
276,1456528595713	634,3536164810328	1113,914846438368	
276,01156319579457	633,4644786536435	1112,7107484756243	
275,32189786649093	631,7285689475215	1106,8177024770748	
274,79455015729405	630,3952461591293	1104,227826530916	
274,4052021817183	629,1617362348259	1102,1735688301699	
274,4052021817183	627,9998196223311	1102,1735688301699	
274,30189186943284	627,134574925367	1100,1973691642838	
273,82609644616286	625,6532284898135	1096,5507768730308	
273,7671817168264	623,7991391945983	1095,9195592881767	
273,5894706518842	622,912523907061	1091,9391030175038	175,04062227264978
273,42290759268457	621,7879667109703	1091,1645467310811	
272,7988244581917	620,6217391020862	1089,9785496454692	
272,6146914010576	619,657403795926	1086,8359542835467	
272,6146914010576	618,4342818845455	1085,3462066891652	
272,22206610422757	616,8799741289989	1079,4836241261212	
271,4797579160154	615,9609982319726	1078,698811197916	
271,0833204458799	614,5505510935895	1075,243477124166	
269,24694090759834	613,7119533780481	1074,616917623296	
269,24694090759834	612,3353288248168	1068,6518997763096	
268,8596150971959	611,2016518786157	1063,5215356177525	
268,8596150971959	610,2933745855183	1062,8083488042116	
268,8036379200756	609,2823463062953	1060,6627803054123	
267,1814774457893	608,3406267258631	1054,5066190349714	
267,16485983079565	607,3005134609695	1052,5628515910053	
267,01718136742215	606,4892312202954	1049,0829922693015	
267,01718136742215	605,683805475432	1045,028800762184	
266,6727769686803	604,6376276659903	1044,230200596353	
261,1187152553731	603,4823713214253	1042,6148916047337	
261,1187152553731	602,8789742021758	1042,3597681094927	
260,88628204390074	601,9247581809499	1040,132181214841	
260,88628204390074	601,0178211158585	1038,876237055536	
260,8363384374997	600,075401709245	1037,4450575071696	
260,8363384374997	599,0514401739338	1036,475721812587	
260,72194466538355	598,1151266407289	1033,8985742236678	
260,66725533508867	597,0166422335203	1029,521842164271	165,14169341505658
260,5512903114045	596,0130787708844	1027,5371410117216	
260,46772172446236	594,3781205787973	1023,686613859508	
260,44617991234026	593,4353244914001	1022,517883665821	
260,44617991234026	592,4076970145271	1022,0817545634523	
256,83838497682484	591,6271826679445	1020,7301499617117	
256,83838497682484	590,6225021245816	1020,7301499617117	
256,83838497682484	589,8347091003841	1018,4333196313961	
256,77087676283327	589,029260769325	1012,8625823441275	
256,77087676283327	588,5637067893642	1012,8625823441275	
256,66559347659813	587,9895698732321	1012,6517682946385	
256,66559347659813	587,3418151851777	1011,691178039003	
256,66559347659813	586,3829272626424	1008,8576236828401	
256,33678712430753	585,196992922016	1004,0251753441734	
256,2919885096469	584,4341765702686	1002,0840535708987	
256,26328978808345	583,5208131995299	1001,2501679747057	
256,13965859540525	582,8365135124826	999,7523050604101	
256,13965859540525	581,8327255227732	998,7523497324464	
255,29353694645582	581,0823317318454	997,7517685037556	
255,23006584826263	580,3637942045028	993,7483587049024	
255,23006584826263	579,6759259403782	992,8378738621801	
255,23006584826263	578,8373146268973	991,9792931394387	
255,23006584826263	578,3360217399628	991,4415680229877	
254,84281903079054	577,4550303066486	990,3213286682926	
254,84281903079054	576,7392134473143	988,6891626324227	
254,39585602259402	575,7217608289883	986,689530120778	158,91430000085478
253,57905370040143	574,862237432426	986,301843163129	
252,9231738126429	573,9139105356659	985,4609243170801	
250,9145900286524	573,062831753848	985,0707611777386	
250,8879504309632	572,4291469430009	983,5073567180996	
250,85845696089126	571,589343382657	981,7413101277317	
249,58802878532128	570,721877069367	981,1919160427467	
249,525132747764	570,2723697246082	980,1088815129056	
249,15689549721017	569,611507646922	980,0594392138926	
249,15689549721017	569,1968288727929	979,6917091566786	
248,93335914095107	568,5905064733037	979,6917091566786	
248,93335914095107	567,9522301939047	979,4115297085112	
248,93335914095107	567,043662689079	975,9946883589789	
248,93335914095107	566,3447697977858	971,8058754282106	
248,69357516238242	565,3308867479572	971,5551713261597	
248,69357516238242	564,148937073466	969,9929408573557	
248,46253160126335	563,2959762669122	969,9929408573557	
248,46253160126335	562,4580189013701	968,7238351442899	
248,00565432194725	561,735002784298	968,3065647711784	
247,83798588177496	560,9363927800953	965,7909766072796	
247,83798588177496	559,9913710595504	964,8501298314768	
247,83798588177496	559,4920611682886	964,8278414883456	
247,5296191540839	558,8359138629211	964,583475760129	
247,21979601073352	558,1155749500399	962,0221868582043	
247,21979601073352	557,4601353248364	961,7211135110914	
247,21979601073352	556,7433756912819	961,1312221757428	153,86366583640014
247,21979601073352	556,1049715877573	960,0526057427253	
246,7866409810865	555,2007503319943	952,5930980122408	
246,7866409810865	554,7443648503823	951,8070255724743	
246,7866409810865	554,1947688268069	950,828598372421	
246,7866409810865	553,5401566460786	950,0271009577262	
246,63698484835254	552,8810896080199	947,6341282965466	
246,62871061958805	552,2806253110164	947,6341282965466	
246,62760622753495	551,9134422700902	947,113923883827	
246,62760622753495	551,4642557640019	946,5595816957108	
246,35110312934268	551,0406612317715	946,4532224911808	
246,15769425630356	550,3861717221306	943,420743312697	
246,15769425630356	550,0203130450489	942,7374192818402	
246,15769425630356	549,5168252010044	940,894575431629	
246,11783735946727	548,7939076674638	939,3357281791303	
246,04579850202398	547,9591541819374	938,5283111146261	
245,97402037840698	547,5416037178583	938,4614549794621	
245,37124984206187	546,8357435865846	936,8934237161905	
245,37124984206187	546,1900999348095	936,7259518430815	
245,1907669269576	545,6776269425715	935,4803800533621	
245,0811427035179	545,1170797633376	934,4420046657823	
245,07999257633452	544,6741264405051	934,1259399846937	
245,07999257633452	543,7531121434863	933,721865440582	
242,1625010765631	542,9957874549159	933,0455631020002	
242,1625010765631	542,5145787621968	931,8956552053279	
242,1625010765631	541,9920244820556	931,8615299492274	148,4309790481098
242,1625010765631	541,7934068360964	931,6443655553834	
241,64701147708524	541,2708803009103	931,6443655553834	
241,24377769245467	540,9028614149865	930,908544861748	
241,24377769245467	540,3655624622933	929,8329616862601	
241,1716888478658	539,9649834039435	928,9708641075026	
241,1078829751462	539,4465749427516	928,7239351821502	
241,08836409398194	538,8944938312063	928,2407062209255	
241,08836409398194	538,2557301191861	926,4315018764759	
241,08836409398194	537,6151488374849	922,0494775303065	
240,92799971893567	537,0376357209584	919,2935927673775	
240,92799971893567	536,4802362306609	918,2376461411753	
240,3496150663877	536,0173676171764	918,227556827911	
240,3496150663877	535,351375218287	916,6782297202153	
239,56845013520143	534,5443702367523	916,5359789094323	
237,93581246228453	533,962605269357	915,1519258569527	
237,93581246228453	533,3845508931961	914,0552921674824	
237,93581246228453	532,739373599271	912,7796601001393	
237,84258462292368	532,1077535790307	912,7782341624073	
237,84258462292368	531,380843305084	911,2339851396142	
237,2696489815357	530,7600006849731	910,2202497003123	
237,25349057617757	530,1542400212736	905,6787098466771	
237,25349057617757	529,663238500348	901,4299691286603	
237,23455185977892	529,1891183967507	900,7992984963768	
237,23455185977892	528,9321245921028	898,4447474233424	
237,18540267618053	528,3836791919415	897,5149674703302	142,93196554563198
237,18540267618053	528,0172820851813	896,2742296201602	
237,0982609563393	527,4383926325532	896,220127932846	
237,0982609563393	526,9286523814177	895,7432676291734	
236,69646885854388	526,3407056112097	893,929237612401	
236,62373833566915	525,5314291833824	890,7121894544166	
236,62373833566915	524,966456547734	889,9364457592854	
236,60139112474837	524,6507867985632	889,1030428070408	
236,5826868772827	524,2543199325066	888,8622415487221	
236,5826868772827	523,7600309874268	888,8622415487221	
236,5826868772827	523,1129387296742	884,9247215699716	
236,47142493687286	522,6528002547332	883,9645071885616	
236,09138157882717	522,3756109316043	883,4585859707774	
236,09138157882717	521,5476521304018	881,5077146591589	
236,09138157882717	520,6719255467962	880,7819862842317	
235,34975230482723	520,0583482260542	880,6725308154781	
235,17154382402407	519,5857133491994	877,7463631321896	
235,1342609604495	519,2984528567811	877,6662686340402	
235,1209410561704	518,9440997479271	877,2135419944224	
233,8429055986543	518,5554060199368	875,6977248709861	
233,8368966483262	518,2195692970599	875,6977248709861	
233,8368966483262	517,7062000472503	873,4797464955018	
233,8368966483262	517,2591169771555	873,4552262250164	
233,8368966483262	516,8231891005917	873,3703159717833	
233,71880182691325	516,3391058748905	873,236889485696	
233,3384831579899	515,972070673287	872,166678939473	137,97386947173774
233,3384831579899	515,5084566434192	871,9630600386503	
233,3384831579899	514,8999644943408	869,8515923305146	
232,552028902027	514,3464958617941	869,5470679613987	
232,5473405177846	513,8851152058728	869,5470679613987	
231,9673848003454	513,5030679677649	869,35839734924	
231,84954968286945	513,0728752955368	867,8720516656118	
231,78670857101903	512,6719966942667	867,8433323994558	
231,78670857101903	512,2472411388126	867,3145654147427	
231,78670857101903	512,0531769488451	866,9022622663695	
231,77937723284376	511,4916593835471	866,3840230950509	
231,77937723284376	510,82081342214565	866,3408695755272	
231,77937723284376	510,62503998450165	864,670621023673	
231,77937723284376	510,1921180680658	863,9934937050919	
231,61867885856773	509,48001282589325	858,3458568761951	
231,58275195937927	509,08009825831607	858,0984435558051	
231,58275195937927	508,6687640568754	857,7667326370741	
231,58275195937927	508,23336721767765	856,5320208923491	
231,58275195937927	507,8616024539189	856,5320208923491	
231,55960814659818	507,63425100087204	855,8245789863591	
231,48429201692556	507,3602647629595	854,3305110422921	
231,48429201692556	506,8707086096438	854,3305110422921	
231,35049575490095	506,44145055132225	854,2082705952976	
231,35049575490095	505,79906560502735	852,2955195112951	
230,38151386766626	504,96033866073066	850,409955733452	
230,26010800380328	504,3006899964167	849,3116821384492	134,36687362509
230,26010800380328	504,0333118848867	848,5620861277473	
230,26010800380328	503,72392460683585	847,8899263730091	
230,2481237527941	503,40475922365687	847,5581585336548	
230,2481237527941	503,0877774368936	847,4698708469848	
229,9459545242448	502,6309030085556	846,5891568007901	
229,9459545242448	502,07961453483256	846,4543794250078	
229,9459545242448	501,91168218824305	846,4543794250078	
229,9459545242448	501,4579653737	845,3817333543666	
229,9459545242448	501,18040662083223	844,1858981267341	
229,74652522453525	500,8124025691693	844,1858981267341	
229,74652522453525	500,44208147826686	843,9427393404899	
229,74652522453525	500,14702734905194	843,9427393404899	
229,74652522453525	499,7283040860431	843,0537313749488	
229,74652522453525	499,40047636043147	840,3972633026189	
229,74652522453525	499,06802069015424	840,3972633026189	
229,74652522453525	498,8345071601001	840,0487742760035	
229,74652522453525	498,3994102510876	840,0487742760035	
229,56603216051667	498,1028416809191	840,0487742760035	
227,13906504376723	497,8729599045209	840,0487742760035	
227,13906504376723	497,5689244867372	839,5668644920306	
227,13906504376723	497,08414568688937	839,5668644920306	
226,80449228685367	496,7413456967963	838,2162843378508	
226,66389678019044	496,43134894069254	838,2123240846371	
226,66389678019044	496,1374562181264	837,5268318057358	
226,66389678019044	495,6111486887098	835,2588169934629	132,24084897737052
226,66389678019044	495,46074867422465	834,959102159489	
226,40332992025168	495,1118501943358	834,959102159489	
226,40332992025168	494,9210960021722	834,959102159489	
226,40332992025168	494,53544328426915	832,6016233018188	
226,40332992025168	494,3463272516791	832,4920897070061	
224,63998384262825	493,7488191738746	829,3445354842058	
224,39777368004124	493,4606217290409	829,3445354842058	
224,39777368004124	493,26823465787743	829,3445354842058	
224,3871461416371	492,8133645782405	828,6974463847602	
224,3871461416371	492,45545382989695	828,6974463847602	
224,10596337215054	492,2966069174155	827,9858215435136	
224,10596337215054	492,0377269322643	827,9858215435136	
223,73135175881742	491,56735958784606	826,7259156119736	
223,73135175881742	491,3824160882881	826,5337543628868	
223,73135175881742	491,08691942752637	826,5337543628868	
223,73135175881742	490,5003055305447	826,1789623099015	
223,73135175881742	490,1573232593266	824,2313892582763	
223,66952838963664	489,9407935060182	824,2130702840761	
223,03709691010718	489,5752396431293	820,462514247271	
220,73253385043517	489,09382861216756	820,300035561261	
220,73253385043517	488,89533032071546	820,1840030541075	
220,73253385043517	488,7999311459916	820,1840030541075	
220,51589441521313	488,2242088821473	818,8235641071292	
220,4612731854894	487,95201686702325	818,5139978475838	
220,37645651699552	487,6744162930284	818,5139978475838	130,03543843265106
220,35840850975808	487,3280977999882	818,1148606086704	
220,35840850975808	487,07552441206116	817,223392468638	
220,35840850975808	486,79613916090915	816,7686983089959	
220,35840850975808	486,61979214494056	815,4977813280233	
220,00004144626	486,3677623391524	815,4977813280233	
219,9725644573343	486,10607795222245	815,3861604345574	
219,7998775669979	485,72364196629553	815,3408992029291	
219,51092024448474	485,3994156304992	815,0170688937178	
219,51092024448474	485,0632986002861	813,9882804692802	
219,46698684918715	484,8835388793632	813,0081009724512	
219,42590888461274	484,69974245157596	813,0081009724512	
219,42590888461274	484,36080487999266	813,0081009724512	
219,16983292651864	484,11757283374214	812,998343867086	
219,16400559498913	483,69716357417724	812,5766380942541	
219,1165929437792	483,46541017014425	810,6710245330181	
218,8745041836798	483,08138250615724	810,6686240707706	
218,8745041836798	482,6791210948726	810,6686240707706	
218,8745041836798	482,2525817823071	809,1019813165758	
218,8745041836798	481,89772209845745	806,9605146156556	
218,8745041836798	481,60321581108275	804,7026572260235	
218,8745041836798	481,43642837414086	803,1627098038385	
218,8745041836798	480,9923384687079	802,4550692915585	
218,8745041836798	480,7444315101518	802,0866312195831	
218,8745041836798	480,49938603564703	801,7471629166142	
218,8745041836798	480,14719998521366	801,7471629166142	127,11677850780238
218,8645740475183	479,8210517486961	801,65223035837	
218,8645740475183	479,3266764787375	801,3413424333938	
218,70824338257623	478,7846594148567	801,1018440788546	
218,14357163475705	478,4272022099291	801,1018440788546	
218,14357163475705	478,15602497041453	801,0962073090143	
218,14357163475705	478,0304430391363	801,0962073090143	
218,14357163475705	477,65788698185685	801,0962073090143	
218,1199779902805	477,4150223783097	801,0413191361849	
218,1199779902805	477,1540140324564	799,8818084852428	
218,0414904955547	476,85028183389556	799,693813638919	
218,0414904955547	476,4177513869566	796,8880811669135	
218,0414904955547	476,0420914693953	796,8650035410323	
217,53948509857113	475,63317874405163	796,6179838895586	
217,53948509857113	475,49360955194874	795,5785253702776	
217,53948509857113	475,15912688389704	794,4159384162854	
217,52353749291	474,9641592468829	794,2536643407964	
217,4561148127427	474,7847033050125	794,2536643407964	
217,4561148127427	474,59589401358716	792,6501272358277	
217,4561148127427	474,36853966662494	792,6501272358277	
217,33231227104636	473,8231081191547	792,6501272358277	
217,33231227104636	473,62261509081253	792,3655062103619	
216,99536539513025	473,4062475211652	792,3655062103619	
216,9939046415735	473,1176985974723	788,6694639320838	
216,97568647985452	472,7031358031209	788,6345581308118	
216,97568647985452	472,4382734071716	788,6345581308118	124,91809197839046
216,97568647985452	471,9845701083567	784,8774717062316	
216,97568647985452	471,6452624855041	784,8774717062316	
216,77249664288252	471,297084275882	783,8247021550894	
216,77249664288252	471,1292155815952	783,7652937074276	
216,7500773479247	470,8043592877202	781,2972889475558	
216,7500773479247	470,61256511374586	780,1917101406663	
216,38623476684288	470,41174486794813	779,855211678471	
216,35372530798787	470,07155611449343	777,2153137318643	
216,31590822802562	469,73634294114845	776,1153167044636	
216,31590822802562	469,5288281792904	775,9546117347828	
216,31590822802562	469,29389062873656	775,8445967920301	
216,14570545257124	468,91728466630434	775,6740797007847	
216,14570545257124	468,5625155002549	775,6740797007847	
216,14570545257124	468,2788365758026	775,2433938167777	
216,14570545257124	468,0008896137551	774,3925766866813	
216,14570545257124	467,8209418905172	774,3925766866813	
212,17326636520153	467,303623343384	773,0458089531792	
212,17326636520153	467,00171833287374	773,0270091108016	
212,17326636520153	466,6122088732602	772,6489301454799	
212,14625862728167	466,2114778761359	772,6489301454799	
212,14625862728167	465,94486169582524	772,5903250364868	
211,71560968293142	465,50486697561644	771,9883859889896	
211,71560968293142	465,355646371845	771,8905477524594	
211,71560968293142	465,10780061958707	770,4451362828813	
211,7153560535244	464,80700156329095	768,9893604605304	122,3703176646853
211,7153560535244	464,52919306866113	768,9893604605304	
211,49239835073098	464,34809760283514	768,9893604605304	
211,49239835073098	464,1372628684302	768,9893604605304	
211,49239835073098	464,0000388189382	767,8362592148455	
211,49239835073098	463,7607982665174	767,8362592148455	
211,4210378382543	463,5045689460026	767,8362592148455	
211,4210378382543	463,3066452288999	767,5337020950193	
211,4210378382543	463,1161800181298	767,5337020950193	
211,4210378382543	462,9238963633601	767,5337020950193	
211,4210378382543	462,8516940995802	767,2036899919196	
211,4210378382543	462,6735574019819	766,5482163267158	
211,4210378382543	462,52445711032584	766,439253443484	
211,4210378382543	462,32053872085345	766,439253443484	
211,4210378382543	462,07683700860014	765,9272032534086	
211,4210378382543	461,7813031825961	765,907665496374	
211,4210378382543	461,549474213646	765,3320776928471	
211,40254986065844	461,39823174145016	765,0355634715592	
211,21128761881602	461,03615159108745	764,3934426001848	
211,21128761881602	460,8190235535819	764,3131539536837	
211,21128761881602	460,6524644452336	764,2668956046639	
211,21128761881602	460,45650893559537	764,2668956046639	
211,21128761881602	460,2670240424164	764,2565634660938	
211,21128761881602	459,9552088127916	764,2565634660938	
211,21128761881602	459,80829500040437	763,9174561646979	
211,21128761881602	459,61859656507346	763,2148514495944	120,50185496923137
211,1209132554194	459,464883342834	763,161567806849	
211,1209132554194	459,17180793833506	762,5840784595204	
211,1209132554194	459,06677299484204	762,5347534612022	
211,10307955506775	458,8594812708447	762,5347534612022	
211,10307955506775	458,73389811041983	761,9703056444447	
211,10307955506775	458,36092620674566	761,9049878167957	
211,10307955506775	458,14913069885665	761,9049878167957	
210,65029345846722	457,8600922774108	761,8116147341179	
210,65029345846722	457,6836423571143	761,8116147341179	
210,4660116960483	457,56910664213325	761,6349034976311	
210,4660116960483	457,4231498903433	761,5282480783536	
210,4660116960483	457,24576355149026	761,5282480783536	
209,93523980845035	456,90202701427864	761,5282480783536	
209,93523980845035	456,6411871542652	761,2948881162046	
209,93523980845035	456,5116506326248	761,1356218616728	
209,93523980845035	456,31916859858165	761,0258896498298	
209,93523980845035	456,1500817726362	760,194964488161	
209,93523980845035	455,9429122485796	759,912084796546	
209,93523980845035	455,82656728408006	759,6105786908984	
209,93523980845035	455,74655686857824	759,1872381931414	
209,93523980845035	455,5291156554742	759,1872381931414	
208,93919064442773	455,23695180939677	758,0292103156687	
208,93919064442773	454,9035251283323	758,0292103156687	
208,93919064442773	454,63481998521894	757,546774742423	
208,93919064442773	454,52978800617785	757,3578505614091	119,05257989461339
208,93919064442773	454,3983770779938	757,1852579948932	
208,93919064442773	454,1587775841245	757,1527047348255	
208,93919064442773	453,9389640441418	756,5691401809064	
208,93919064442773	453,6351412870346	756,5691401809064	
208,2498093653781	453,2441748314927	756,5691401809064	
208,2498093653781	453,033114873446	755,6179655362522	
208,2498093653781	452,850546264233	755,6179655362522	
208,2498093653781	452,5932804758728	755,6179655362522	
207,7302323663501	452,3919519268713	755,2235845685193	
207,7302323663501	451,83821720517983	755,1286307625775	
207,7302323663501	451,5035335664826	755,1286307625775	
207,64728229542916	451,34333969178726	755,1286307625775	
207,64728229542916	451,1866454970793	754,646704150884	
207,64728229542916	450,9178948875596	754,3329389086866	
207,64728229542916	450,79128515197436	753,8926259159146	
207,64728229542916	450,67029715193536	753,4550442082585	
207,64728229542916	450,1919758628467	753,4550442082585	
207,64728229542916	449,92753584218025	753,3085960860368	
207,50429060273837	449,61549010380253	753,2382747310866	
207,50429060273837	449,41035791517817	753,0725505709395	
207,50429060273837	449,2534025767748	752,0183191627304	
207,50429060273837	448,8919210121059	751,2450283541305	
207,44888797615673	448,48338414303157	751,1914142813705	
207,44638105205505	448,3110684705925	751,1914142813705	
207,44638105205505	448,16012564193204	750,7017808579618	117,17021056105672
207,26850080370383	447,9566116747948	750,3820444691519	
207,26850080370383	447,77630773934476	749,9726647325465	
207,26850080370383	447,6919515614105	749,5648870870169	
207,07739846370185	447,5027036682527	749,5648870870169	
207,07739846370185	447,3751070089115	749,4877666381553	
206,80779216819016	447,2229403170892	749,2853675658724	
206,80779216819016	446,9124001724033	748,6038812452123	
206,80779216819016	446,71717357426127	748,4226875832344	
206,80779216819016	446,4102430493876	748,4226875832344	
206,80779216819016	446,16853734648464	748,4226875832344	
206,80779216819016	445,93587524608466	747,9242141097	
206,80779216819016	445,7583322398532	747,2637680960282	
206,72785729720852	445,5946579295032	746,6793585179755	
206,7178366184783	445,4763352608246	746,6793585179755	
206,7178366184783	445,3657916650468	746,6793585179755	
206,71172831050714	445,1762579330478	746,6117106812101	
206,71172831050714	444,91471488859816	746,3249781782305	
206,38460197754267	444,71130107398034	746,140757596651	
206,38460197754267	444,5174578532582	746,0957145016832	
206,38460197754267	444,3087027405617	746,0957145016832	
206,32487725616792	444,1645777895952	745,3560846295813	
206,32487725616792	443,97727165898107	745,3172170191954	
206,32487725616792	443,7800726703779	744,8453079254524	
206,32487725616792	443,6406500585821	744,8453079254524	
206,32487725616792	443,5155067268031	744,6071818874282	115,23788991285717
206,32487725616792	443,27945612010524	744,6071818874282	
206,32487725616792	443,12538101739233	743,1985596160034	
206,32487725616792	442,94681832262773	742,4628280558408	
206,32487725616792	442,773412883106	742,4509599820849	
206,32487725616792	442,6578124209297	742,255175906856	
206,32487725616792	442,41810388912637	741,4435226723546	
206,32487725616792	442,1695456047144	741,4435226723546	
206,32487725616792	442,0313426050322	741,4435226723546	
206,32487725616792	441,9760502643547	741,3355567472399	
206,32487725616792	441,77679555401266	740,7041053069654	
206,32487725616792	441,51865049911453	740,1233622375521	
206,32487725616792	441,37941556624287	739,8828635233301	
206,32487725616792	441,00442671321457	739,8828635233301	
206,32487725616792	440,8592154099087	739,2095240344629	
205,69753004341908	440,71496325013106	739,0528572524241	
205,63648216322366	440,5414365160195	739,0528572524241	
205,63648216322366	440,47886486126214	738,9908598093789	
205,63648216322366	440,376079655822	738,4644692485465	
205,63648216322366	440,0949853902346	738,3702401899048	
205,55824733619045	439,88735674341814	738,283158597182	
205,55824733619045	439,7697059747486	738,283158597182	
205,51605434582325	439,58122276660333	736,0073390848139	
205,51605434582325	439,20697070095537	733,882385868234	
205,2643684435262	439,0376302566396	733,882385868234	
205,2643684435262	438,9213600333169	733,6559355581767	113,57573458280046
203,76258398232002	438,6534939584291	733,6559355581767	
203,01471269133708	438,37467080648037	733,6248942193317	
203,01471269133708	438,0951933212764	733,6128381008638	
203,0091324959273	438,01810741017135	733,550982822707	
203,0091324959273	437,84758820570073	733,4794407603146	
202,8725138613423	437,5473770157744	732,1499349303631	
202,76330072172485	437,29096337000783	731,9630151427793	
202,76330072172485	437,2141607866361	731,7398575453802	
202,76330072172485	437,055567390298	729,5634364619332	
202,35211979988154	436,83426889659495	728,4615917098879	
202,35211979988154	436,78539059619	728,0722530324948	
202,35211979988154	436,64916600769493	728,0040797458449	
202,35211979988154	436,36395271930604	727,3514547326371	
202,35204572334476	436,2336370101755	727,3514547326371	
202,35204572334476	436,17081296295464	727,0910001901258	
202,35204572334476	436,0905779477533	724,9617047756467	
202,35204572334476	436,03144371171237	724,9617047756467	
202,35204572334476	435,7282136658785	724,9050847432691	
202,21674475943087	435,5370863273029	724,3303472881286	
202,21674475943087	435,28255704034433	723,1660014527062	
202,03735152123846	435,1904220528509	723,1660014527062	
202,03735152123846	435,0538202012008	723,1660014527062	
201,98182080996986	434,77841020338315	722,9073731840034	
201,98182080996986	434,73117658561233	722,8639536267113	
201,98182080996986	434,44760262772945	722,8639536267113	112,94800442051655
201,98182080996986	434,41203368586446	722,8639536267113	
201,98182080996986	434,1934310096223	722,5097673671141	
201,98182080996986	434,1235784578668	722,5097673671141	
201,98182080996986	434,0455830110605	722,5097673671141	
201,98182080996986	433,9524947929913	722,5097673671141	
201,98182080996986	433,7780086733135	722,5097673671141	
201,98182080996986	433,6637116737821	722,1113591581856	
201,98182080996986	433,3909179962385	721,4615576599698	
201,98182080996986	432,9586390409033	721,3100976319265	
201,98182080996986	432,67308384792074	721,3042218205919	
201,98182080996986	432,57088148927784	721,059401245822	
201,93553356860696	432,28411568135647	719,515496656795	
201,93553356860696	432,0075203789789	719,515496656795	
201,93553356860696	431,7268353275942	719,067007927057	
201,84548240622593	431,4341246885088	719,067007927057	
201,84548240622593	431,203065581706	719,0152047098517	
201,5752218579656	430,83490196305087	718,0843939815974	
201,5752218579656	430,66219359457284	718,0705106851241	
201,5752218579656	430,5285701644749	718,0149033909037	
201,5752218579656	430,27141245596505	717,5999170450843	
201,5752218579656	430,04283716202065	717,5999170450843	
201,55207955878257	429,9794367698403	717,58551046359	
201,55207955878257	429,79251239383797	717,1307611524825	
201,55207955878257	429,6834678671379	717,1307611524825	
201,55207955878257	429,58384958619075	717,1307611524825	111,46674066904937
201,55207955878257	429,4186944277111	717,1307611524825	
201,53974142920245	429,32900011717777	713,93968554096	
201,53974142920245	429,1194046275645	713,2674602428742	
201,53974142920245	428,9665647594209	713,2674602428742	
201,53974142920245	428,76847079010366	712,974152407623	
201,53974142920245	428,59084606488466	712,6275334145358	
201,50523600501555	428,4518371827405	712,4978271892064	
201,50523600501555	428,31398825261516	712,3347898818408	
201,50523600501555	428,2536430816554	712,3347898818408	
201,50523600501555	428,14716494392167	712,086239370218	
201,50523600501555	428,04523767017906	711,8259690098056	
201,50523600501555	427,950240365529	711,8259690098056	
201,50523600501555	427,8636612365044	711,7873878730461	
201,31604663337046	427,7705348725008	711,7714862270742	
201,31604663337046	427,5012254602678	711,3134594121884	
201,31604663337046	427,4241642875716	711,3088261156897	
200,94871989193393	427,29309709234417	711,3088261156897	
200,94871989193393	427,140821962147	711,3088261156897	
200,94871989193393	426,9409798855961	711,3088261156897	
200,94871989193393	426,82952979119796	711,3088261156897	
200,94871989193393	426,66634093227697	711,3088261156897	
200,94871989193393	426,57084488359584	711,3088261156897	
200,05508261369937	426,3710669851989	711,3088261156897	
200,05508261369937	426,18521660212986	711,3088261156897	
200,05508261369937	426,04808285635676	711,3088261156897	110,30673192892989
200,05508261369937	425,93589227017105	711,2582747174959	
200,05508261369937	425,76279715415114	711,1123898343305	
200,05508261369937	425,65084045793037	711,1123898343305	
200,05508261369937	425,6053730618509	711,0759250937191	
200,05508261369937	425,5112310196749	711,0759250937191	
199,83279693661726	425,33425462745026	711,0759250937191	
199,83279693661726	425,14452042937705	710,9771332334275	
199,83279693661726	424,9809790813746	710,5939841624145	
199,83279693661726	424,81420576502967	710,5939841624145	
199,83279693661726	424,5378499318102	710,3776198286521	
199,80000126872207	424,25944045497914	710,2814932353809	
199,80000126872207	424,0959005346887	710,2814932353809	
199,74804495072615	423,98818235761723	710,2814932353809	
199,74804495072615	423,86026007288837	710,0972176370176	
199,74804495072615	423,72891449091424	710,0972176370176	
199,72653801423496	423,6463049118798	709,9746982913246	
199,72653801423496	423,4985473941934	709,1725766136685	
199,72653801423496	423,3604384434825	708,7892541865509	
199,72653801423496	423,2630032540799	708,7892541865509	
199,72653801423496	423,03800829998056	708,769914697873	
199,72653801423496	422,91718895398094	707,9130319347576	
199,72653801423496	422,8236065559818	707,9130319347576	
199,57848778208253	422,69980906123766	707,9130319347576	
199,57848778208253	422,49890491420194	707,9130319347576	
199,57848778208253	422,1852123923229	707,8729566108067	109,19410641025871
196,72780323796349	421,9494368216727	707,8729566108067	
196,72780323796349	421,8897239718859	707,671390261371	
196,68977506165382	421,6303266783455	707,671390261371	
196,66815361200727	421,54845454973156	707,671390261371	
196,66815361200727	421,4886001829124	707,671390261371	
196,65452360443123	421,43409485912855	707,671390261371	
196,65452360443123	421,36883077288803	707,671390261371	
196,62670124780715	421,3292442730004	707,3032709378525	
196,5958507607412	421,24934644957494	707,3032709378525	
196,5354241780537	421,13462597328197	707,3032709378525	
196,5354241780537	421,06832711046167	707,3032709378525	
196,5354241780537	420,97624346923897	707,3032709378525	
196,5354241780537	420,7506561195389	707,2138609396208	
196,5354241780537	420,6246792654175	707,2138609396208	
196,5354241780537	420,55706324554995	707,2138609396208	
196,5354241780537	420,22802600264214	706,9911418791022	
196,5354241780537	420,1377027514602	706,9911418791022	
196,52674903332343	419,793647770633	706,9911418791022	
196,52674903332343	419,7230879978122	706,9775606825559	
196,52674903332343	419,674908800026	706,9614226903187	
196,52674903332343	419,6504264675727	706,9403520682959	
196,52674903332343	419,4804632555539	706,9403520682959	
196,52674903332343	419,3287251182377	706,1589423780357	
196,52674903332343	419,23816605361355	706,0876459327217	
196,52674903332343	419,1809871011205	705,989429712071	108,52560090912975
196,52674903332343	419,0323709194537	705,6701390592086	
196,52674903332343	418,93648615806916	705,6398568601586	
196,52674903332343	418,8203979315993	705,4984998346415	
196,52674903332343	418,56299637560625	705,3240128886861	
196,44836614267734	418,49608252346496	705,3240128886861	
196,44836614267734	418,43855677884994	705,3240128886861	
196,25272594358756	418,244143062969	705,3174182659994	
196,25272594358756	418,1803487501069	705,3174182659994	
196,03067311411286	418,0256975000936	705,31574028356	
196,03067311411286	417,9188220899317	705,31574028356	
196,03067311411286	417,81849891843444	705,2334966302478	
195,80467178885826	417,6822771661814	705,2334966302478	
195,80467178885826	417,58036902574315	705,2334966302478	
195,75915082882784	417,36875142650916	704,7877144357152	
195,75915082882784	417,3002628352819	704,7877144357152	
195,75915082882784	417,1394646333307	704,7877144357152	
195,75915082882784	416,99091899406164	704,2333613919295	
195,75915082882784	416,85940981210524	704,2333613919295	
195,75915082882784	416,59994821046485	704,230067019331	
195,75915082882784	416,51261908362625	704,230067019331	
195,75915082882784	416,4827550729505	704,230067019331	
195,75915082882784	416,26525835404505	704,230067019331	
195,75915082882784	416,027091398944	703,4816366755435	
195,75915082882784	415,7711816017373	703,4816366755435	
195,75915082882784	415,52411666890106	702,0684503191852	107,70599209845878
194,20821786948298	415,44131193799035	702,0684503191852	
194,20821786948298	415,34685803167486	702,0684503191852	
194,20821786948298	415,3045875420963	702,0684503191852	
194,20821786948298	415,13470180194577	702,0631720454513	
194,20821786948298	415,05375836287357	702,0631720454513	
194,14060057430834	414,7214176557875	700,524923405032	
194,14060057430834	414,6443664991929	700,524923405032	
194,14060057430834	414,5702745003699	700,524923405032	
194,14060057430834	414,4188291975786	700,5117304642594	
194,14060057430834	414,3145114467757	700,5117304642594	
194,14060057430834	414,05117965353236	700,5117304642594	
194,14060057430834	413,6949000148063	698,3893663106813	
193,8964991537841	413,6258287137273	698,3893663106813	
193,8964991537841	413,5491952376392	698,3893663106813	
193,8964991537841	413,4410367691017	698,1873242007899	
193,8964991537841	413,2936077848208	698,1873242007899	
193,8964991537841	413,0867453496169	698,1873242007899	
193,8964991537841	412,9319151055411	698,1821362675513	
193,8964991537841	412,7160664556158	696,7223598705268	
193,8964991537841	412,539353305144	696,7223598705268	
193,8964991537841	412,4104135894853	696,7223598705268	
193,82031215127898	412,36699495461835	696,6831410923962	
193,82031215127898	412,2947638754608	696,6831410923962	
193,82031215127898	412,0762814731227	696,6831410923962	
193,82031215127898	412,04459633711025	696,6304479189286	106,53125702823014
193,82031215127898	411,98607104917863	696,6304479189286	
193,82031215127898	411,91424364269756	696,6304479189286	
193,82031215127898	411,7812498237519	696,6304479189286	
193,77901133797175	411,69602366264945	696,6304479189286	
193,77901133797175	411,55143332235014	696,4022228791324	
193,77901133797175	411,42158901607235	696,0125611726955	
193,77901133797175	411,3414330675225	695,5263660743727	
193,77901133797175	411,2400398315159	694,8735172674133	
193,77901133797175	411,1424606404114	693,3940312244927	
193,77901133797175	411,01290441616345	693,3940312244927	
193,77901133797175	410,94211132315155	692,2787038378464	
193,7433667663853	410,779590904036	692,2787038378464	
193,7433667663853	410,7143368002941	692,2761806129542	
193,64187777090046	410,6378310309911	692,180591156625	
193,64187777090046	410,5087722576601	691,0181344764864	
193,64187777090046	410,4451530228278	691,0112706592184	
193,64187777090046	410,3434863385049	691,0112706592184	
193,64187777090046	410,2136529142507	690,4550007333933	
193,64187777090046	410,1282094523012	690,4550007333933	
193,64187777090046	409,92894495284753	690,2657690800636	
193,64187777090046	409,8849859961083	690,2391902549076	
193,64187777090046	409,7844060471497	690,128008498238	
193,64187777090046	409,7439928983489	690,128008498238	
193,64187777090046	409,61430023660586	689,8402192620048	
193,64187777090046	409,55974537168544	689,8402192620048	105,51472582487783
193,64187777090046	409,46652335967667	689,8402192620048	
193,64187777090046	409,34989738832314	689,8218617273436	
193,63580053452264	409,1568481773523	689,1724295783441	
193,5629792044348	408,98276870936786	687,6463045739237	
193,3158893883998	408,8806491387049	687,6463045739237	
193,3158893883998	408,74540446499725	687,6463045739237	
193,3158893883998	408,67739139044284	687,6463045739237	
193,3158893883998	408,4857675810806	687,6463045739237	
193,3158893883998	408,4124303204116	687,6463045739237	
193,3158893883998	408,2803276143472	685,786793179627	
193,3158893883998	408,08131011229057	682,7311436808035	
193,3158893883998	407,90236346875906	681,1027225059181	
193,3158893883998	407,7824548532267	680,9071137234937	
193,3158893883998	407,72727185065435	680,800483908038	
193,3158893883998	407,55675274387215	680,800483908038	
193,3158893883998	407,47643395185776	680,5988382607194	
193,3158893883998	407,4226901309249	680,5988382607194	
193,3142810102425	407,09773922725043	680,5988382607194	
193,3142810102425	406,9239861552621	680,5443939000813	
193,3142810102425	406,7834509246883	680,5443939000813	
193,29307563963724	406,6268594939431	680,5443939000813	
193,29307563963724	406,40415128569106	678,3828894894207	
193,29307563963724	406,37910350107086	678,3828894894207	
193,29307563963724	406,20889164705426	677,2541379597119	
193,29307563963724	406,04138826655145	677,2541379597119	103,76706779441346
193,29307563963724	405,89346995515155	675,7171182937226	
193,29307563963724	405,812943580366	675,7171182937226	
193,29307563963724	405,67476659792226	675,2215327691563	
193,29307563963724	405,5910946983508	675,2215327691563	
193,29307563963724	405,49385936758085	675,2215327691563	
193,29307563963724	405,33033823919266	672,7555118613575	
193,29307563963724	405,16200001729953	671,8194449706647	
193,29307563963724	405,14342067181207	671,7611122654763	
193,29307563963724	404,8750153352397	669,9978706595306	
193,29307563963724	404,7711078390006	669,9978706595306	
193,29307563963724	404,61141634971506	669,9479235913759	
193,29307563963724	404,5232824888012	669,9201266460216	
193,29307563963724	404,48621606493197	669,9201266460216	
193,29307563963724	404,4007101884143	669,9201266460216	
193,29307563963724	404,30800249445593	669,855051752897	
192,87968382577637	404,2092570537825	668,7985542468205	
192,87968382577637	404,14774505934423	668,7064181259233	
192,68824897697164	404,0535659416211	668,7005551312654	
192,68824897697164	403,9278895109554	668,5496937452937	
192,68824897697164	403,75831440861214	668,5496937452937	
192,68824897697164	403,564678277363	668,5496937452937	
192,68824897697164	403,5295324888704	668,5496937452937	
192,68824897697164	403,3788764733808	668,5496937452937	
192,68824897697164	403,18116498212225	668,5496937452937	
192,47001090559945	402,7667282722847	668,5496937452937	102,56020079398202
192,47001090559945	402,6430248214717	667,812635255209	
192,47001090559945	402,4593659881781	667,812635255209	
192,47001090559945	402,333217977626	667,2651788743284	
192,47001090559945	402,2309764427405	666,4692798930191	
192,47001090559945	402,1200498971581	666,4692798930191	
192,47001090559945	402,09081245725736	666,4692798930191	
192,47001090559945	402,03752105907273	666,4692798930191	
192,36480678168675	401,92958016915327	666,0649024745849	
192,32838624588697	401,83483449036515	666,0649024745849	
192,32838624588697	401,7730208576466	666,0649024745849	
192,32838624588697	401,66319402134746	666,0649024745849	
192,32838624588697	401,6140473277148	666,0649024745849	
192,32838624588697	401,4345951133369	666,0649024745849	
192,32838624588697	401,4159632553629	665,8902243625482	
192,32838624588697	401,3055918933054	665,8902243625482	
192,32838624588697	401,17603108519324	665,8902243625482	
192,32838624588697	401,04882585456176	665,5776006998142	
192,29882259618003	400,8642057162504	664,9390671793791	
192,29882259618003	400,8080466081552	664,9390671793791	
192,29882259618003	400,78812907433223	664,9390671793791	
192,29882259618003	400,6142509975622	664,9390671793791	
192,29882259618003	400,4177714415242	664,7839774282902	
192,29882259618003	400,32956019228527	664,7839774282902	
192,18288453571893	400,2340783242341	663,8679169354986	
192,03158809686371	400,115583195484	663,8679169354986	101,52172010539566
192,03158809686371	399,92396248511744	663,8679169354986	
191,75133657054582	399,842396869373	663,8679169354986	
191,75133657054582	399,7712612611062	663,8679169354986	
190,95375832557212	399,5957387659309	663,8679169354986	
190,94847106836474	399,4707640171772	663,8679169354986	
190,94847106836474	399,4600333357594	663,8679169354986	
190,94847106836474	399,39443747539735	663,8679169354986	
190,94847106836474	399,32833960077375	663,8679169354986	
190,94847106836474	399,03712796552395	663,8679169354986	
190,7130232346739	398,9220171069282	663,8679169354986	
190,7130232346739	398,8615963513291	663,8679169354986	
190,7130232346739	398,778872585522	663,8679169354986	
190,7130232346739	398,6957387430641	663,8679169354986	
190,7130232346739	398,6115565073375	663,5235664312859	
189,63746255225743	398,45635242383315	663,4368294628226	
189,63746255225743	398,4161120606211	663,4368294628226	
189,56778541540518	398,1607395885117	663,3845689291675	
189,56778541540518	398,0796518477344	663,0941924410403	
189,56778541540518	398,0092954633536	663,0640862541743	
189,56778541540518	397,8711066950797	663,0640862541743	
189,56778541540518	397,75044063863163	662,2091036422229	
189,56778541540518	397,6437204738701	662,2091036422229	
189,56778541540518	397,5275700821048	660,7842239668996	
189,56778541540518	397,43393115779526	660,7842239668996	
189,31354731872696	397,3729290928927	660,5028107339202	100,99491547166026
189,31354731872696	397,2886661089198	660,2020431060929	
188,4560821585957	397,0412141615583	660,2020431060929	
188,4560821585957	396,9640072628529	660,2020431060929	
188,4560821585957	396,8658348764776	660,2020431060929	
187,9313324622486	396,74216102069295	660,2020431060929	
187,9313324622486	396,6280522463987	660,2020431060929	
187,9313324622486	396,58514828970203	660,0093849194725	
187,9313324622486	396,539645450355	659,8781329380604	
187,89361268612163	396,4906051403042	659,2314512148549	
187,8257784629315	396,4090205554933	658,7415039051707	
187,8257784629315	396,347640274116	658,7415039051707	
187,7916117069629	396,28394774645164	658,3579941232686	
187,7916117069629	396,26641969756946	658,3579941232686	
187,7916117069629	396,0945701224628	658,1098385903405	
187,7916117069629	395,9908828420415	656,846506718664	
187,6697900102845	395,8260352415613	656,846506718664	
187,6697900102845	395,6472346858209	656,846506718664	
187,6697900102845	395,5815546711285	656,6914524202855	
185,63109156690774	395,3746458601777	656,286587785495	
185,63109156690774	395,2390756985218	656,2156189370232	
185,63109156690774	395,1678259970456	656,2156189370232	
185,63109156690774	394,9277841485122	656,2156189370232	
185,63109156690774	394,77944210023367	656,1380972559443	
185,63109156690774	394,67343737384266	656,1380972559443	
185,63109156690774	394,5123742000739	656,1380972559443	100,50206553081108
184,70514544879526	394,2120251472456	656,1280006488824	
184,68174513023808	394,1867265628555	656,0491115617126	
184,67463917336812	394,00759046202836	656,0491115617126	
184,67463917336812	393,94477527275126	656,0491115617126	
184,67463917336812	393,90896078917314	656,0491115617126	
184,67463917336812	393,8275533176673	656,0491115617126	
184,67463917336812	393,7625530900368	656,0491115617126	
184,67463917336812	393,64122718847597	654,8096884475699	
184,67463917336812	393,4982979299438	654,7172470343888	
184,67463917336812	393,39255438861755	654,4826323804166	
184,61194319172694	393,3534194727129	654,4826323804166	
184,61194319172694	393,2819002597487	654,4826323804166	
184,61194319172694	393,1265710560003	654,4826323804166	
184,61194319172694	393,0975915441042	654,4826323804166	
184,61194319172694	393,0056500800376	654,4826323804166	
184,61194319172694	392,77681405719756	654,4826323804166	
184,61194319172694	392,65281518033026	654,4072364486118	
184,53470958773113	392,55792305675874	654,4072364486118	
184,52145412643986	392,4238025071682	654,3604473173094	
184,52145412643986	392,397880062596	654,3604473173094	
184,52145412643986	392,3106636986069	654,3604473173094	
184,52145412643986	392,21490194536784	654,3604473173094	
184,4283728343249	392,01686658170803	653,6487299081537	
184,4283728343249	391,8614247172097	653,6487299081537	
