1940,3687504081017	3788,0345987929454	5741,634377504885	842,7710659986425
1795,7822346828061	3565,4149835021553	5443,783313063527	
1671,47932966926	3377,74962273431	5189,179300197527	
1601,2676459943675	3222,8018145937835	4978,103857559376	
1534,0129705092386	3090,40114658965	4782,767963657718	
1497,688432911972	2971,575957470762	4598,341058740401	
1458,8748943257906	2880,430685188542	4451,0146600404505	
1409,3163406781032	2797,8471629908013	4314,033942894905	
1364,276429984998	2711,4829669040187	4185,600388319008	
1328,4697697446961	2647,0067689935504	4108,117580151858	
1295,0451339092629	2581,0738741310984	3978,0830153171846	
1255,0007322027936	2523,8239956025845	3914,8983285673703	
1213,7702877498498	2472,4163598104274	3870,6954217907223	
1175,4864333711332	2423,8547302736442	3790,427783602404	
1154,4366948436984	2374,219118296402	3739,8311115517886	
1108,755982879185	2328,654993544869	3676,6082310968077	
1080,4057120068803	2286,52175247368	3626,2237681956326	
1045,4877446122532	2244,6082247657396	3591,771755411722	
1022,3227948226761	2203,168470377626	3546,798653413955	
991,2421110560667	2164,5558148961254	3482,403578598333	
966,6708648623394	2126,120945156697	3458,149434944557	
941,3476202518698	2085,666761453949	3396,5857403152186	
918,0706436835695	2048,9181022748435	3324,6014708256057	
900,6564843346097	2011,6219248842901	3273,387276266377	
882,1571571676457	1979,0648587835728	3233,183587645305	
840,0355949628306	1945,9935781371141	3194,684423178314	512,8612164632575
824,109350126363	1912,5080121264466	3149,6195097397167	
814,5968893894825	1884,4178433041784	3114,898488515615	
797,0952060370381	1857,1829575993668	3075,8469629269116	
787,0100151484679	1825,2677073402676	3041,54537692621	
770,4620097891561	1796,2423788557148	3023,649975305849	
753,1249447994836	1767,8709598579442	2992,229918964737	
734,8869799957755	1739,5007934359558	2961,045858215719	
721,0251467887355	1713,4965894004076	2923,593552228075	
697,1945197212838	1686,8264091075703	2893,687993793778	
686,9969882651935	1660,9087727887197	2877,2577294059447	
665,8340367371595	1636,5206191777002	2828,9346947133495	
643,3404192785803	1612,040010057403	2810,906403157217	
620,1275044919081	1588,4465947024205	2795,0948947567695	
607,2291169153045	1566,76568940912	2772,4963754176806	
599,052503628072	1546,0231606432149	2745,702437607614	
570,0531992314169	1523,1081038476448	2711,2026342406134	
566,4778408661583	1502,6727456428985	2694,685246206628	
561,9550548929319	1481,3040845222138	2672,73256280574	
555,9388581495036	1462,41797398983	2646,1272585290308	
550,2725112052736	1443,6082490979804	2629,0158838111965	
539,158073189711	1422,121423135737	2603,744422235404	
528,7658687492649	1404,5876126815253	2573,344546107149	
521,3645079008406	1386,0658020536086	2543,511429753789	
516,581195228062	1369,373548581157	2517,1169857417667	
505,76990352829773	1351,7607728470714	2507,0197523090496	439,1124453624816
499,56405131915375	1333,4784505988036	2481,892061096342	
490,2997738684281	1317,0619383697317	2460,972818383462	
479,5776110296348	1302,3293894043402	2432,4931423159833	
471,6923003755194	1285,2350110551001	2410,4676850084275	
459,38559312743354	1269,2175955585158	2391,263199944738	
451,44554165355083	1253,2536704361673	2374,494231889473	
449,01651529111473	1239,707431898905	2355,5874934459503	
444,70191496953635	1223,845195918753	2324,6710330046644	
437,8347008440176	1210,268385651332	2310,209661205859	
427,61061674637045	1195,5652450773218	2289,627478257652	
424,4810131598273	1181,3554091105027	2274,876788163082	
419,1416033626985	1167,4320538177626	2256,7847354767655	
412,8232478967982	1154,4303106057253	2239,023796781529	
409,5596054113764	1141,7135259416839	2223,3524470517173	
406,4964731038177	1128,8816512106082	2201,459082386879	
397,8177351721465	1115,7285904954558	2179,9514033757955	
395,4462338572648	1104,7804556243289	2160,4325510291187	
390,45169799471785	1093,6570870505377	2133,088816405917	
386,5611361222712	1082,9572401655107	2113,6328269809806	
383,1353095692343	1072,5264729585592	2099,536930807588	
381,2015236152303	1061,2063906433923	2082,0430969654467	
377,46683242406425	1049,888790006036	2050,8110974967153	
374,73564437674787	1038,5826165973397	2036,9422209339564	
369,0659933507769	1028,7506397904049	2022,1303326612997	
366,22958040844196	1018,1774263438674	2005,2915560159686	365,92749743276977
359,3771189662508	1008,4797523228002	1982,40139129706	
356,59309487806655	999,8531993647973	1967,4078880707373	
355,0510518084294	990,0728517828578	1956,2836502762898	
349,568575979173	979,867219156436	1948,3485912529704	
346,0102077839568	970,6477496665257	1933,3098557595201	
341,6296366310071	961,2812311682962	1919,6058038612587	
339,9641350638043	951,3295040274774	1902,3222074448727	
337,5312043696391	942,9927169196333	1884,8676073595304	
333,8286400796324	934,4054022510709	1870,6793330337655	
331,87655089256054	925,8996178096498	1858,9466411066514	
327,59204186233484	917,1427850907927	1847,397501560739	
325,1355081874269	909,0722074881595	1842,8529696112664	
324,08847674373874	902,0003864266364	1836,3493376508425	
320,347373348513	893,3157517429651	1815,5227124452294	
319,033411329281	885,797041437766	1808,7057269686964	
315,7827563373287	877,2344217185174	1797,1460068657364	
312,3322420783367	870,089419895	1786,2075496742532	
311,1385374066878	863,1920138488634	1774,579139835296	
310,01568431846204	855,825210192685	1770,8320532947762	
308,98889425827457	848,7309992187616	1765,684542360357	
307,8357222342636	842,1196700533131	1752,9786602860818	
304,7375423920958	835,6460584805179	1739,8657031552293	
303,221179531753	829,0161183914893	1727,5099957801172	
302,52957573447156	822,4879112109925	1720,696426511163	
300,107343337146	817,0004803122389	1709,6675400603185	304,614895777684
296,6056238296941	810,684532100395	1698,4792120745738	
295,6837916937699	804,5998216820299	1690,8465693099	
295,46155296439036	799,7469478488451	1677,6126395670904	
295,45913584085514	793,6422367941258	1667,1693857763653	
293,87813186844545	787,6346935821789	1643,2252207719011	
293,06269549615473	783,5639494973352	1637,8478369968893	
291,1342725088925	778,264218878339	1625,8496313730657	
290,52395433112736	772,379040533185	1619,1943520235689	
289,48847637525034	767,9751473978808	1607,583992490155	
287,7181406029128	762,2967200877214	1592,4586099948358	
285,51140320074006	757,8149785444963	1585,7512936689218	
284,1829077634847	753,2096620412943	1580,0862072083205	
282,78059606682467	747,3756409255666	1566,446289308915	
278,9024745845577	742,7793805870823	1559,359905754141	
276,99441543418664	737,8929701040397	1551,2372562307094	
273,39964385459064	733,0432066759615	1545,1777964714015	
272,92684925335413	728,3645566872784	1532,0757815005377	
272,40859036603587	723,920928544732	1522,354667782778	
270,88016533408495	719,8323826280651	1515,5835370606383	
270,1118531239509	715,8347998501723	1507,6367456960174	
267,27028021899486	712,3197184534796	1498,973630283033	
266,4652958267124	708,2270284915305	1494,9183709433628	
266,219720110744	704,456485181285	1486,9871506027127	
265,74970960182986	700,4839397955117	1472,8460014334994	
264,82829249455955	695,9680507411232	1463,7012494540086	256,97695768130484
264,3377729276593	692,1733322009552	1456,131116552166	
262,6116374724152	688,0828712553835	1443,2696459318593	
261,030362794611	683,359439317562	1431,712749000337	
260,68115334459674	679,0401038079642	1424,1153299115226	
259,20381916790086	674,7831662525388	1404,7070273599124	
258,9942374986277	671,9234140736771	1398,7210430922794	
257,4925455057853	668,7486136222743	1395,8260071308896	
256,39214847602534	665,7910163182398	1392,194192816314	
255,69722797047896	662,3505009678591	1383,6920167938902	
252,60269566184184	658,9455028066295	1381,9233547642664	
251,02959892436567	656,1453793050412	1372,3604555474274	
250,34208857714276	653,3662775234081	1363,0066738289686	
250,27168900655724	650,1919738519883	1354,8789441293661	
249,01765290197562	647,1143074711289	1352,7052632484704	
246,92914162505988	643,5923730699532	1346,9837844553974	
244,27831236713996	640,1376691899723	1340,474535595341	
242,98135312117483	637,5588017450586	1335,7547312978706	
241,172324710256	635,0704078459519	1325,948219524385	
241,02204059778254	631,6913149740094	1316,332340009241	
240,76453225593562	628,8512425267099	1309,1439855049985	
240,47129364525716	625,798512837004	1302,9136916277014	
239,6990192519449	622,77201306041	1296,864554815222	
239,41719896963448	619,9611073350277	1291,5157090811388	
236,57865389454676	616,5530276343067	1284,200089951848	
236,48799455677243	613,882791716017	1279,029322667917	221,5160507187336
235,09898515960984	611,3117781374914	1276,3153786364537	
234,86205306597304	608,3731909846306	1267,335932308733	
234,14752696024382	605,8775162375179	1264,9934997553971	
234,04729120802187	603,5362523797775	1260,281618380499	
233,6597859736096	600,6574518312377	1248,3766324838655	
233,28654728595876	598,5120705286448	1244,1026103288818	
233,28654728595876	596,3942287861988	1239,9600261199027	
231,83586433631743	593,72144642348	1227,3460979365348	
229,3445191315994	590,3615549413981	1218,8825610922145	
229,3445191315994	588,2093078709013	1213,1479743064012	
229,28976592082935	585,3055788131727	1205,9713539839377	
229,24706080363842	583,069717601809	1198,671286854471	
228,96569965800282	580,9901392065882	1191,158807634385	
227,73032900004463	578,5774667122471	1187,7434771122778	
226,61930976779627	576,1277777820242	1181,6895982053168	
226,37810679423686	573,7295415031298	1177,4352884376235	
226,35634394104065	571,7398735762777	1173,2942676527266	
226,3128367670284	569,4395778443482	1163,3552894530785	
226,3128367670284	567,7423799237184	1160,8884191178952	
226,3128367670284	566,1735216439042	1158,812332834343	
225,52031016173768	564,6661446955003	1158,5150062580765	
225,31853179423987	562,4101746577725	1154,2336091558632	
225,07956227944862	560,0984975595406	1143,620626134721	
221,14777789852258	558,3125071376378	1139,1381050638106	
220,05293945590242	556,3718807845069	1132,6443009587808	192,89801915129556
219,57090586601592	554,7660729245949	1127,0693288594416	
219,202452632655	553,1009629196601	1121,8089025598194	
219,202452632655	551,3103622797936	1111,5646956726666	
218,94467044661823	549,5563013444346	1107,2038240932357	
217,206555465729	547,8864589979139	1101,429595968189	
215,28431202564633	545,9252746232039	1089,8959163252975	
215,28431202564633	544,0145461002502	1087,2296183449375	
213,63974110174382	542,3629391668763	1083,7911051582664	
213,63974110174382	540,7167219480757	1079,641619777211	
213,61004379655472	539,4846640988983	1076,9333220165795	
213,34476230959592	537,9662307610745	1075,3929919132988	
213,28171647714527	536,6091389714619	1073,4321346993495	
213,28171647714527	534,6854074799313	1068,5521275756653	
213,28171647714527	533,2828294488098	1064,5597001277852	
211,69218100139503	531,7129086100588	1064,2314863135582	
211,29635611239956	530,25789834468	1057,3574185436266	
211,04960199701196	528,5699469968581	1054,3376990192837	
210,01134047628565	526,9697722879221	1052,0937824413036	
209,97129033947658	524,8945904101827	1044,8160656370487	
209,90345948789425	523,5074425479074	1041,6582963827104	
209,88787368740736	522,5231077360262	1037,1539428149197	
209,30366878792486	521,2296259845521	1035,0459229791707	
209,30347622873987	519,6121140196071	1032,925782242714	
209,0893997064642	518,3746389944884	1029,4765033713354	
208,982729891496	517,3183225381748	1026,186076372246	173,61895286082864
208,9062609210068	516,1721091420818	1023,5267457268275	
208,6690729855011	514,5278402801046	1020,6568612936039	
207,4804414499208	512,9940345190518	1015,2679940004506	
206,62226004163412	511,6525065184358	1009,2454151893579	
206,609430799	510,535755350939	1003,6888850888607	
206,40516369208805	509,2268513444438	1001,7337891673335	
206,40516369208805	507,97268242244166	997,1747605592017	
206,40516369208805	506,7576918361373	996,5635597304023	
206,36846238988733	505,54290821619975	992,7110389760644	
206,1612355981544	504,11596474161973	988,0934351921339	
206,1612355981544	503,2755760029058	984,8085574252575	
205,98456458874136	502,33122424431184	982,6101921275576	
205,36396653705157	501,01772204471615	981,3377608703721	
205,29246045827847	499,84138774360986	978,3870841732764	
205,29246045827847	498,587358633022	976,9268554647088	
205,0327188033224	497,3524439661503	967,2138308983895	
203,3537284629646	496,07397051835704	959,6122751204555	
203,15290396519168	495,0522823563466	955,928481869362	
203,15290396519168	494,1679118582719	952,368442035039	
202,8250234172319	492,94208028571273	947,8238540966013	
202,80694945760314	491,9265895202394	943,1987250015299	
202,80269201016904	490,9321120086881	939,5889485698165	
202,56404676506065	489,8119882814266	936,700834978031	
201,89155684076047	488,53232774338636	934,2991541973203	
201,29489237964947	487,680439310257	933,0982625863483	160,38618389205942
200,82959128593234	486,58323719930956	929,1831414596734	
200,3121640174742	485,585683738433	926,1443379099156	
200,1273866529119	484,1001211233184	925,9336809775714	
200,1273866529119	482,6656975106831	923,4481800870483	
198,61447799713073	481,48413195747446	923,1031486535148	
198,21641058190917	480,3338092073692	922,1026687229645	
197,7926786008148	479,1890529997353	921,7774831462636	
197,55912719760545	478,2192034239643	918,5086851592982	
197,4788201167164	477,0651918483428	917,6796025013509	
197,4788201167164	475,7929836613826	916,1456486691411	
197,1363410820551	474,90177194907403	914,0250702251797	
196,04646515042276	473,85644342962877	911,3840471807118	
194,98092359800683	473,0119991185292	909,0042187769883	
194,7284073372013	471,76605034552495	905,2082024268261	
194,32842566987895	470,69926754931896	902,3206351805569	
193,9156835234849	469,80156332899287	900,2366973348935	
193,5454169069978	468,97360259101123	899,7379169006189	
192,46946939150658	468,1166097258876	898,7916427793002	
192,1404715116439	467,1143677826827	897,226633443639	
191,69506564362774	466,23863837226264	894,6959078633818	
190,46915807201614	465,03261671794485	893,4408115703253	
190,46915807201614	464,01320691895467	891,8152801793273	
190,02701574878395	462,93367243652114	888,4199126794726	
188,21214149219566	461,9981206916334	886,7501750334148	
188,06364562253788	460,8585098623313	885,7689852522155	150,5947777472692
187,84834938639702	460,01897495270396	881,2026626504983	
187,84834938639702	459,2751693918438	879,6223334105805	
187,84834938639702	458,7376424228653	877,433961768967	
187,84834938639702	457,7508793091051	875,8279277080792	
187,38377709843022	457,09089669012593	873,7152780730502	
187,3627372094227	456,05208510363826	871,1813536790468	
183,67681378508303	455,2070974083115	869,6990580514416	
183,0697792861859	454,2164572980587	868,6668415414591	
183,0697792861859	453,5915404098548	867,7683031233806	
183,0697792861859	452,7634401040608	866,5417221467262	
181,53019151569072	451,6694562399033	859,7407480997999	
181,53019151569072	450,78565685826413	859,2589995496343	
181,49555944624558	449,7676263315438	856,9688862751813	
181,43756443123132	448,5407928910556	855,9109463984298	
181,40353206770055	447,9220467691688	854,7092036144978	
181,08018457364673	446,87003335961236	852,4812744738251	
181,08018457364673	446,2389093212491	852,3888261221506	
179,35070917036515	445,3812725096273	852,1605905540916	
179,26506879038027	444,63903590517083	851,04267527277	
179,26506879038027	443,9940786027824	850,314130552372	
179,26506879038027	443,485674152432	849,734632857218	
178,83316634765342	442,62136178077327	849,1858571530139	
178,81278247528405	441,6046355240815	848,0388142427182	
178,4503296412308	440,86158161261943	847,3746637816334	
178,4503296412308	439,9991589838529	846,9090179786805	143,02496530041822
177,7673869221819	439,2397520327478	844,9701969189908	
177,46543542616183	438,44578806064237	842,3972753117367	
177,34637786834685	437,700431388018	842,0758138846984	
177,28714238642442	436,89602731356075	838,165041067915	
177,28714238642442	436,29013545937823	834,5788679455429	
177,0566809640408	435,4181360940952	832,3640157785754	
177,0566809640408	434,78756970429384	831,9630351135467	
177,0566809640408	434,2309795162185	831,7402562096682	
176,4558386918368	433,5218164611277	829,6321236436027	
174,57787698492905	432,7319737856406	827,1981538727077	
174,31233675472825	432,02519918498086	824,6290603512109	
174,2462265809001	431,13368353962403	818,454061158058	
173,77177014097157	430,4186354803171	817,2975785876899	
173,77177014097157	429,6148401928533	816,1858580165368	
173,69589460915876	429,250669051873	815,1314989938232	
173,69589460915876	428,58788507563	810,4132290095945	
173,40498120578977	427,98469893167584	807,4510606556963	
173,31234712152155	427,3608971304324	807,1211135642836	
173,31234712152155	426,6051125098161	805,9061221184909	
173,29208776303182	426,21754280812985	804,1288420478758	
173,29208776303182	425,8231905518918	804,0067709067159	
173,11557184410356	425,04195969806534	802,9372119675847	
173,06912534773016	424,41361218661984	800,1445473169301	
172,9908009813085	423,7045910961047	797,3315472153762	
172,97959269853047	423,0854945497494	796,9847411393832	135,01945367433748
172,96623674471698	422,41358038850535	795,3654776065018	
172,77785493974028	421,83832519143783	795,0580720727042	
172,27839243315648	421,1688787072694	792,2922355435394	
172,27839243315648	420,60918427383746	791,0260771649016	
172,10255962527464	420,1294606097275	788,9419266472811	
171,98454333036844	419,6913408835229	787,2713943554907	
171,98454333036844	419,32837320470685	787,1633317270822	
171,76645660009623	418,75500120033337	786,7718285589538	
171,67017284460334	417,89495710436057	782,8843503266513	
171,67017284460334	417,3105010593008	782,0809894557943	
171,0744902569844	416,63397642134436	781,7818834930414	
171,0744902569844	415,7642925775905	780,1599990749985	
171,0744902569844	415,09146655985637	778,6842294172628	
171,0744902569844	414,5670044194657	776,2913462314777	
170,85961736763775	413,59219844923655	776,1691641093186	
170,60826508399194	413,0867448412126	776,139545737777	
170,4820750789621	412,21521083838735	773,1142037567967	
170,4820750789621	411,5629803798355	772,6663960438906	
170,4820750789621	411,331114445353	768,5873481869296	
170,4820750789621	410,7949849669917	768,2637366853648	
169,63952610112807	410,102738845724	767,4376835703339	
169,63952610112807	409,66163600512516	764,9000651898895	
169,63952610112807	409,1351239259844	762,7780833446413	
169,45972437062764	408,459433044845	760,3727068124317	
169,12050284501558	407,958321802371	759,8189442600084	129,39017377727302
169,09098958037842	407,0571472911314	758,1058810073426	
168,97641901806918	406,39240545023034	756,6223614304389	
168,97641901806918	405,6539464436504	753,8682331831212	
167,94431979489582	404,9413224354186	751,7243184566972	
167,94431979489582	404,4346032979218	751,7142795605479	
167,9165693640845	403,80465851029834	750,5579072056491	
167,80989085089223	403,33909066589064	749,2191287762213	
167,5893367761919	402,59770307258935	748,7747920280021	
167,5893367761919	401,9922525522967	746,7222200490452	
167,5893367761919	401,36127765296385	746,211956717836	
167,39808663362962	400,54570845567287	745,6498772891131	
167,3279623483178	399,9544131963867	741,1519694378222	
167,30724915710948	399,5741359961453	739,9951560256932	
167,30724915710948	399,26104173389564	739,5229273183744	
167,30724915710948	398,78120134789134	738,3455613623694	
167,27989526874583	398,33570945296856	737,309640081806	
167,27989526874583	397,7229535995191	737,309640081806	
167,11024964305707	397,40401158502436	737,0159573368347	
167,11024964305707	396,9977683508539	735,5231179516809	
167,11024964305707	396,5610199688458	735,4719526039106	
167,102472807683	395,9895831948959	734,1810773087451	
167,102472807683	395,3692129932341	733,0664126648198	
167,102472807683	394,73347872510936	732,9392873424192	
167,102472807683	394,13300333214437	732,1997913993515	
167,102472807683	393,54309811768354	731,8715619116357	123,83900975679698
166,51890214270665	393,07503338039743	731,3248512066987	
166,09996957432418	392,648737038887	728,9303885284295	
166,09996957432418	392,3248409844289	727,9888684686468	
166,09996957432418	391,8862373624642	727,3743549633396	
165,77161626016937	391,4154286809719	726,1841152581101	
165,75073823363425	391,09792106096285	724,9968579851203	
165,75073823363425	390,6147187814428	721,7348432366122	
165,71110667854856	390,1847778222868	721,1512079682371	
165,636157963848	389,5092857307201	718,8678377053884	
165,44039301035585	389,23580854105427	718,8678377053884	
165,06724638223255	388,6345884406824	716,5476818761418	
165,0494813086454	388,2297428600556	715,5462764434197	
164,9819427252814	387,9227920440512	715,5148106758649	
164,9819427252814	387,4523325876557	715,2377131611081	
164,9819427252814	387,0905659880116	714,9190608024609	
164,86563754543351	386,6683713764674	711,223034214395	
164,7223493841935	386,2096051130943	709,8439508465473	
164,44880251565502	385,771946483397	709,8439508465473	
164,41591389725596	385,4148834985983	707,363053110539	
164,37998167538302	384,66573559338633	705,2044672172109	
164,37998167538302	384,16306361759104	704,1694666636607	
164,25974635933306	383,2475311640869	703,274948832808	
164,25974635933306	382,79944742182465	701,9537948303274	
164,25974635933306	382,4991282270285	701,5438293466427	
164,2567370753469	382,05772726309857	697,2341159789722	119,17271434290251
163,97513291052212	381,5689903641328	696,4054637447445	
163,9533829108645	381,0058414032209	696,4054637447445	
163,59229088238715	380,7485624022556	696,3666462622584	
163,59229088238715	380,37018465993884	696,3666462622584	
162,98727515665735	380,0484548165343	696,0989790946445	
162,98727515665735	379,67421656454843	695,3755231823819	
162,98727515665735	379,4409323317261	695,3755231823819	
162,98727515665735	378,9759286235519	694,7120765842811	
162,98727515665735	378,58486327966125	694,5257110364594	
162,98727515665735	377,9214674813368	693,959216391148	
162,59103603693174	377,4494407819243	692,7462620973647	
162,55795046612238	376,89604493208344	689,1558813548378	
162,55795046612238	376,3485462739437	688,912225244651	
162,55795046612238	375,9657728792882	688,4339241884046	
161,29798561714088	375,4788568754525	688,4339241884046	
161,29798561714088	375,33222531702813	688,1129627377304	
161,27412109140636	374,92276162031516	687,805089558536	
161,27412109140636	374,49690707636387	684,8337616942362	
161,20622234089527	374,2099782748353	684,2780799927081	
161,1266111245331	373,87760636232395	684,2780799927081	
161,1266111245331	373,56222651860253	682,8447969798528	
161,1266111245331	373,2234579219106	682,8447969798528	
160,3926496162515	372,941858837842	682,8447969798528	
160,3926496162515	372,5245633400444	678,9083295766645	
160,3926496162515	372,0172847872975	678,1635966957132	115,37042111367951
160,3926496162515	371,55456354107366	678,1589456419417	
160,190508300977	370,95531453054923	675,6995838974353	
159,89085835947853	370,48364514509797	673,484489630703	
159,89085835947853	369,9191291249979	673,2468772982141	
159,7819770054095	369,54803984777203	673,1027328824971	
159,7819770054095	369,22128096230074	671,0761248032942	
159,59548551069508	368,868470244052	668,6813492496558	
159,4155428660478	368,5759046112198	667,5082882262847	
159,3671747068583	368,09116148067386	663,7964713327061	
159,3671747068583	367,600600330817	663,5702538464872	
158,8595664187979	367,2632504542562	663,523230887032	
158,8595664187979	366,7394544443169	663,2042369566916	
158,8595664187979	366,3051206877536	662,7746473856959	
158,8595664187979	365,8779088612994	662,3014975147511	
158,84205456379559	365,4374585875596	661,5268013123354	
158,71924843512127	365,0011736937618	661,3952792455125	
158,71924843512127	364,5232045774543	661,0494452040631	
158,49463287896364	364,1036935267454	660,9835214805378	
158,4923371530628	363,7854530646065	659,3275883547662	
158,32926874374124	363,2671599434603	658,3011352289459	
158,32926874374124	362,9577286293342	656,9270760311927	
158,32926874374124	362,44050039470085	655,3592351658124	
158,29943570886448	361,95429572343215	655,3592351658124	
158,25845851753942	361,6810223013957	655,3592351658124	
158,25845851753942	361,2747648582861	655,1762728136914	110,95317928164526
158,25845851753942	360,9477948187485	654,9146817738766	
158,25845851753942	360,5938568932832	654,8892092636934	
158,25845851753942	360,25416582735016	654,8892092636934	
158,25845851753942	359,8549006193796	654,6307390917362	
158,24893100905393	359,49994458623377	653,7500369060791	
157,98139445407475	359,29039031266274	653,7109618259032	
157,9326630575783	358,9298885459019	653,0236493116893	
157,75105365343413	358,3986629191554	652,1927416551031	
157,75105365343413	358,1110384139738	650,1790389641769	
157,75105365343413	357,9542133249813	650,01495632185	
157,75105365343413	357,6613956429944	648,8892482088212	
157,7463976549184	357,24484480367676	648,8364927819144	
157,7463976549184	357,0026291804121	648,7551261263126	
157,58127804104026	356,6924912600792	646,0075481399875	
156,94973644762626	356,25588720161534	645,9993857318483	
156,94973644762626	355,8084200694357	643,9531410992246	
156,92513085737642	355,3894641479044	642,4303224302929	
156,65493168401656	354,96742580913275	640,4050080184695	
156,61864465000278	354,749444930897	640,3930797444204	
156,61864465000278	354,324694421296	639,4774520824775	
156,37949251872502	353,96385617369526	639,4753442256128	
156,37949251872502	353,6636986796721	639,3161742265453	
155,78431795567448	353,37955680536203	639,3161742265453	
155,78431795567448	353,0717280782312	639,1999152039871	
155,78431795567448	352,8279936841087	639,1272280137799	107,83734685259208
155,76148607924662	352,54765542647823	638,4465758072841	
155,76148607924662	352,33006957323136	638,3372890688868	
155,1887635374659	352,03013345970606	637,5584303025533	
155,1887635374659	351,93712652537886	637,370192260462	
155,0498070085656	351,74086415284205	636,3806929490953	
154,93696224600555	351,46613023488453	636,3127710946274	
154,93696224600555	351,12629461059055	636,3127710946274	
154,77710986068757	350,93446782973507	635,7921084190926	
153,97707521015565	350,6260333663265	633,5618344300742	
153,97707521015565	350,48420598204905	633,5585114486963	
153,97707521015565	350,31248184316195	633,0906577354162	
153,97707521015565	350,0338532073503	632,9761080576449	
153,97707521015565	349,7998835441073	632,9761080576449	
153,97707521015565	349,59723991528614	632,9761080576449	
153,68696542217228	349,24904140102944	632,5725863782941	
153,68696542217228	349,0532017703491	632,4689236818582	
153,68696542217228	348,8536771000987	632,3986338103375	
153,28051156169624	348,47463087391947	632,067348689087	
153,25461985367338	348,147534080198	631,5967430513817	
153,25461985367338	348,01488878270874	630,6760108094888	
152,98823210784818	347,61654319604435	630,1995261278928	
152,98823210784818	347,34101155542754	629,5695862513626	
152,98823210784818	347,100886044013	629,4257417018699	
152,70900135072515	346,73103562879885	629,4257417018699	
152,70900135072515	346,4631879000333	627,6478601926531	105,4396647536368
152,6208009683677	346,0652877804295	627,1394976535961	
152,6208009683677	345,79790503551266	627,0614161912057	
152,40705708956742	345,5300289700348	626,6135276282461	
152,39661147179157	345,33857562648103	626,6135276282461	
152,39661147179157	344,9870033283293	624,2180309339491	
152,39661147179157	344,72861979462635	623,0487249468564	
152,39661147179157	344,43552768606816	621,4338423967257	
152,39661147179157	344,16239830867926	620,2445988584324	
152,39661147179157	343,91937736728767	619,4757241401007	
152,39661147179157	343,69283230736096	618,8996535432293	
152,39661147179157	343,44102763147697	618,6059476624212	
152,18565649728086	343,1971558520901	618,575595657406	
152,15013239004492	342,86397789743904	618,5206842039362	
151,89924440320107	342,4629093101173	616,6293436621177	
151,89924440320107	342,234057877824	616,3292941339945	
151,89924440320107	341,9811630938031	615,9550446489843	
151,89924440320107	341,6529968830639	615,9550446489843	
151,89924440320107	341,4122065779637	615,7552173779101	
151,89924440320107	341,2467837310375	615,7552173779101	
151,7180180849064	340,9357138539163	615,7552173779101	
151,7180180849064	340,75430931756864	615,6399718633107	
151,62825978412783	340,5412270698764	614,8668624463585	
151,62825978412783	340,15348674505634	614,1278792277469	
151,4099035568757	339,85934651410497	613,7613228919553	
151,4099035568757	339,5247981280516	613,1577007432131	102,97076094248386
151,33279539461205	339,29899001476696	613,1577007432131	
150,82359918288628	339,0253970196198	613,1017865474315	
150,82359918288628	338,7805918575257	612,5243953982158	
150,82359918288628	338,41119605008635	608,5865249569877	
150,82359918288628	338,0581478496871	607,026232916032	
150,82359918288628	337,9655964176667	606,9180995034311	
150,82359918288628	337,8061204188188	606,8712586676738	
150,82359918288628	337,5587941937276	606,7594972162204	
150,6119695439244	337,358924956252	606,7594972162204	
150,5851929371715	337,2093829797154	605,9301365198976	
150,5851929371715	337,04794139001	605,9301365198976	
150,5851929371715	336,7955993804603	605,9066486720826	
150,5851929371715	336,6069283319268	605,7108847153909	
150,5851929371715	336,4583335847922	605,5351246658859	
150,5851929371715	336,3093248600111	604,9837663650915	
150,5851929371715	335,98747042898117	604,9693839256443	
150,5851929371715	335,75630829762997	604,6755405309714	
150,5005231941623	335,4688264971407	603,110365086176	
150,5005231941623	335,2037614166084	602,6537739936546	
150,5005231941623	335,01450080059686	602,6537739936546	
150,5005231941623	334,82740540616106	602,462147096954	
150,5005231941623	334,71099842003014	602,1929775918544	
150,24527997782562	334,5201244367822	601,3952593684756	
150,24527997782562	334,2348657069069	600,1301437891613	
150,14226055030602	333,9241677918235	600,1269026481724	100,57152161497105
150,14226055030602	333,7334861909633	600,1269026481724	
150,14226055030602	333,4081027976444	599,9644565259833	
150,14226055030602	333,2007146821441	599,871351763971	
150,14226055030602	333,06946014996794	598,8672890375883	
149,90065330792407	332,7920839792317	598,5271105771562	
149,90065330792407	332,53111399029103	598,2235011011286	
149,83894264616927	332,2875123389494	598,2235011011286	
149,83894264616927	331,9738865678464	598,2235011011286	
149,83894264616927	331,66626328536347	598,1763394189909	
149,8313482688343	331,370243337122	598,1428749176871	
149,8313482688343	331,15845941475453	597,7136553683981	
149,8313482688343	330,97993748668046	597,657558711878	
149,76563109200873	330,70036049795374	597,6157610319992	
149,57937451447302	330,5422802378572	597,1899061738371	
149,57937451447302	330,3562981110049	596,8083560737273	
149,57937451447302	330,12514664182726	596,8083560737273	
148,9933014545385	329,82466947566047	596,0104881853648	
148,9933014545385	329,64390963250617	595,6313101803694	
148,9933014545385	329,44186661016363	595,6313101803694	
148,9933014545385	329,30328590747274	594,8433569753176	
148,9933014545385	329,1262780970287	594,7994097655617	
148,91092228711298	329,03789536164373	594,7439054606414	
148,77661380375105	328,8932954679143	594,0132345397202	
148,77661380375105	328,67498430826055	594,0132345397202	
148,71637459951603	328,34031502329265	593,3160759686207	98,17360447551029
148,71637459951603	328,12907943632433	593,1400513225067	
148,71637459951603	327,88346148446027	592,127149644689	
148,66402562734504	327,4445121749221	591,7105192373097	
148,66402562734504	327,1819840343852	591,5838233174941	
148,2470012945904	326,9588312928428	591,574986752714	
148,2470012945904	326,6591166820277	591,574986752714	
148,2470012945904	326,5205335327534	591,574986752714	
148,2470012945904	326,3545489942287	591,574986752714	
148,2470012945904	326,21950680118914	591,4564816508696	
147,78709618873134	325,97515128470974	589,3126804501412	
147,73110028831078	325,82790172647844	589,2051573110224	
147,73110028831078	325,6857547396638	589,2051573110224	
147,73110028831078	325,55429745712036	588,7562501310177	
147,73110028831078	325,38941735652537	587,8430181952604	
147,73110028831078	325,18783562691556	587,7921716738169	
147,73110028831078	325,0679593487407	587,6218297307938	
147,73110028831078	324,83215587488587	585,0698588156149	
147,6253390826273	324,6780619617907	585,0698588156149	
147,6253390826273	324,4906538403418	584,9450559889547	
147,6253390826273	324,1279947692917	584,5161514648133	
147,30938325146337	323,83912974574963	584,2201000688015	
147,30938325146337	323,7132486929455	583,7492183939671	
147,30938325146337	323,5700454592665	583,4288446322316	
147,11468705535788	323,4264409239058	583,4288446322316	
147,11468705535788	323,2779096671622	583,0571858058372	96,34079923088323
146,94353186429007	323,22588167228395	582,6885759234833	
146,9143417672392	323,03245443738035	582,589133343343	
146,9143417672392	322,81026678352396	582,0055166067156	
146,9143417672392	322,6996818144561	582,0055166067156	
146,9143417672392	322,49163782900894	582,0055166067156	
146,80902859575357	322,31354459071713	581,9875371858916	
146,6307964454103	322,1271539942222	581,7121987777159	
146,6307964454103	321,9613096952869	581,2895424278084	
146,6307964454103	321,8824923719344	581,2895424278084	
145,50931039247087	321,66690005292463	579,1716723340467	
145,50931039247087	321,4334222171693	577,7200706814479	
145,50578869360695	321,2918212316552	577,7064478018074	
145,50578869360695	321,06325700118884	577,3923797869675	
145,50578869360695	320,91419485808615	575,6372943580878	
145,44421112185984	320,6798866081317	575,006091416591	
145,44421112185984	320,5202230662333	575,006091416591	
145,400037577765	320,37646630871166	574,8315772218468	
145,400037577765	320,22601707092105	574,6614836861816	
144,88624591056936	319,9555809121597	574,1568239124659	
144,88624591056936	319,76965128824133	572,5805952557654	
144,88624591056936	319,50170246030535	572,5805952557654	
144,88624591056936	319,33882752335217	572,3533292654191	
144,7881437496322	319,1799912025827	572,3533292654191	
144,64720674230585	319,0180933403541	572,3533292654191	
144,6256551511504	318,9219267934476	572,3320053536071	95,04943434626188
144,6256551511504	318,7537547458733	571,4051007178347	
144,6256551511504	318,60108631071625	571,3508428858316	
144,31610040208471	318,37828915877253	570,6659869976788	
144,31610040208471	318,1429652004222	570,6659869976788	
144,22828560841717	317,9782355691519	570,1961773531302	
144,22828560841717	317,8817934352757	570,1961773531302	
144,22828560841717	317,7946222259474	569,8048056191166	
144,22828560841717	317,55536212758165	569,3005992030484	
144,22828560841717	317,3424175487053	569,267586394238	
144,22828560841717	316,9993777744118	569,267586394238	
144,22828560841717	316,8630482496828	569,267586394238	
144,22828560841717	316,7314928688649	569,267586394238	
144,22828560841717	316,58427972897647	569,2640830230445	
144,22828560841717	316,49421925168093	568,7059714559379	
143,8736351937553	316,3632607650726	568,7059714559379	
143,80085704001604	316,184831907517	568,7059714559379	
143,80085704001604	316,0319282962245	568,7059714559379	
143,80085704001604	315,83936183085183	568,7059714559379	
143,79661455929673	315,73827191175604	568,7059714559379	
143,79661455929673	315,6276090596616	568,7059714559379	
143,79661455929673	315,4720095599858	568,0477538607953	
143,79638131221785	315,30769010024403	567,5613209730876	
143,79638131221785	314,996448695282	567,3682815224528	
143,1452363283893	314,7795956884656	567,3682815224528	
143,11052016552486	314,60642415640433	567,2440737714165	93,6172710032745
143,11052016552486	314,470216049706	567,2440737714165	
143,11052016552486	314,315192200214	566,1584824226852	
143,11052016552486	314,1790195066956	566,1584824226852	
143,11052016552486	314,02144569675863	566,0161062724255	
143,11052016552486	313,9482816379557	566,0161062724255	
143,11052016552486	313,835770840011	565,9897687280594	
143,11052016552486	313,67469061718555	565,9518246397714	
143,11052016552486	313,516536020242	565,9518246397714	
143,08575457884675	313,30141181375956	565,2908426762416	
142,95907153581481	313,10853655974097	560,8195726008297	
142,84925326628115	312,92297943666483	560,8195726008297	
142,84925326628115	312,7311045022297	560,7116524493603	
142,78442789129178	312,5642890964842	560,7035927964746	
142,4352868403353	312,4382781642321	560,2957787051339	
142,1711108059842	312,09385722870536	560,1526808742639	
142,1711108059842	311,9314786869681	560,1526808742639	
142,1711108059842	311,8259987056431	560,1526808742639	
142,1711108059842	311,7090107129051	559,4881494838779	
141,79760004197237	311,6263129335008	559,4881494838779	
141,79760004197237	311,4422084781212	559,4881494838779	
141,79760004197237	311,243500034009	559,4881494838779	
141,79760004197237	311,0281522689983	559,3064103827047	
141,79760004197237	310,966593840495	559,3064103827047	
141,79760004197237	310,894392521531	558,7526396108358	
141,79760004197237	310,7369352931584	557,9837170180645	91,85864762736838
141,79760004197237	310,49618631895703	557,432478276819	
141,79760004197237	310,3490822275511	557,432478276819	
141,79760004197237	309,97127117150103	556,1234512138064	
141,79760004197237	309,8745325175268	556,0843127912494	
141,79760004197237	309,7558816406823	556,0800568912705	
141,79760004197237	309,57701486648557	555,9138242835245	
141,7966471629627	309,3541108246381	554,6886364446415	
141,7966471629627	309,24803656813623	554,3767650423414	
141,75638083712562	309,12845206503397	553,6192727410761	
141,75638083712562	309,0633215361728	553,6166708295538	
141,75638083712562	308,89510166674495	553,4618229802321	
141,75638083712562	308,8418229478774	553,4618229802321	
141,6449099338259	308,66962093176375	553,4618229802321	
141,6449099338259	308,44542164142314	553,4618229802321	
141,6449099338259	308,27759846837466	553,4566840838582	
141,5900422789526	308,10734922234644	553,4566840838582	
141,5900422789526	307,9319545612241	553,4317363049348	
141,5900422789526	307,70990463958276	553,4317363049348	
141,5175583958093	307,48246106088044	552,9116190602626	
141,5175583958093	307,4026735737809	552,9116190602626	
141,5175583958093	307,25802122292123	552,9116190602626	
141,5175583958093	307,09894664225516	552,9116190602626	
141,5175583958093	307,01994530363197	552,9116190602626	
141,5175583958093	306,927141931105	552,8787675281889	
141,5175583958093	306,83419492135783	552,8603499199319	90,82169582865632
141,5175583958093	306,6674749661767	552,8603499199319	
141,50587324154594	306,57149714137455	552,7631495588623	
141,50587324154594	306,4038137654332	552,3934670342965	
141,50587324154594	306,26540876254467	552,3593817521677	
141,50587324154594	306,15175552290987	552,3593817521677	
141,50587324154594	306,0068290777671	552,3593817521677	
141,50587324154594	305,8659473280393	552,3242637647477	
141,25803662101862	305,7655621758655	551,9181340179852	
141,25803662101862	305,72150589955504	551,7479620541901	
141,25803662101862	305,58576148176184	551,6606882459525	
141,1513519286381	305,4656364329751	551,6606882459525	
141,13507477906515	305,3697986293457	551,6397038126257	
141,13507477906515	305,2577723818597	551,0941529709718	
141,13507477906515	305,1769752748768	549,283870177958	
141,13507477906515	305,1104362095942	549,283870177958	
141,13507477906515	304,9790006051236	549,2326291074105	
141,13507477906515	304,7404463151508	546,372642617634	
141,13507477906515	304,54016636766914	546,0332995744319	
140,9127802929146	304,28371496089625	543,4291061234238	
140,74573939239477	304,1332076360527	542,8513580727183	
140,74573939239477	303,9539811836103	542,8513580727183	
140,53694417707877	303,7575754778068	542,5049740518293	
140,3235423402064	303,6058023327734	542,5049740518293	
140,3235423402064	303,46781131542434	542,5049740518293	
140,3235423402064	303,3388078384468	542,2218786283893	89,50979245034375
140,3235423402064	303,2328698338769	542,2057883787088	
140,3235423402064	303,1515804929007	542,0596506814588	
140,3235423402064	302,95436264383545	541,8943787113258	
140,3235423402064	302,8387531618741	541,8943787113258	
140,26114919209914	302,68348465285084	541,8943787113258	
140,26114919209914	302,61664808267875	541,8648101100401	
140,26114919209914	302,357911419647	540,4670569288219	
140,26114919209914	302,2997962688815	540,4670569288219	
140,23755619760183	302,1976783439087	540,4670569288219	
140,23755619760183	302,136574017054	539,8772702440273	
140,23755619760183	302,0033732129624	539,8772702440273	
140,23755619760183	301,939561994449	539,8772702440273	
139,43394373763675	301,7245405274393	539,8772702440273	
139,43394373763675	301,653901968042	539,8772702440273	
139,43394373763675	301,44186904002976	539,8772702440273	
139,43394373763675	301,3038809609024	539,5532929862862	
139,43394373763675	301,20892603954644	539,4003930105083	
139,43394373763675	301,0298413209564	537,1798675077417	
139,34994866564617	300,88141284060873	537,1798675077417	
139,34994866564617	300,74689705332867	537,1798675077417	
139,34994866564617	300,6369636604024	537,1798675077417	
139,34994866564617	300,4833096306757	537,1798675077417	
139,34994866564617	300,32723823258135	536,0135813483913	
139,34994866564617	300,20793760650116	535,1578240514104	
139,16379410135275	299,9763531551023	534,877790319621	88,1039109226556
139,16379410135275	299,9603057247521	534,877790319621	
138,86688162659888	299,82942290577813	534,8186029519613	
138,86688162659888	299,72028429066035	534,5988178714975	
138,86688162659888	299,6293168661139	534,5988178714975	
138,86688162659888	299,5088569173005	534,5988178714975	
138,83654861552188	299,35891312723714	534,5988178714975	
138,83654861552188	299,33726618967415	534,4745689163148	
138,83654861552188	299,19771269958704	533,8065059438902	
138,83654861552188	299,1413872682335	533,6816294909155	
138,61201540479152	299,083543483048	533,6816294909155	
138,61201540479152	298,9746715193077	532,7976699091187	
138,61201540479152	298,7551990955367	531,7451091369365	
138,59258635935305	298,615566556239	531,7106569390396	
138,59258635935305	298,4987338975567	531,7106569390396	
138,58188952037915	298,35434444565414	531,7106569390396	
138,19883628709454	298,1910779084728	531,5999077858028	
138,19883628709454	298,0709617670312	531,5999077858028	
138,19883628709454	297,989779284159	531,5999077858028	
138,19883628709454	297,8736562057849	531,5999077858028	
138,19883628709454	297,8145785534571	529,8214015870844	
138,00902448749986	297,68719349562895	529,5225834991866	
138,00902448749986	297,59888844918333	528,7436100628614	
138,00573005859218	297,43257519237386	528,7436100628614	
137,95438888181715	297,34241576290236	528,7102636184733	
137,95438888181715	297,28052040765454	528,7102636184733	87,29950019497475
137,93879909863702	297,0714719037616	528,5246028734193	
137,93879909863702	296,9197800066602	528,5246028734193	
137,93879909863702	296,77485346071376	528,4319174776624	
137,83432957794045	296,54330961414684	528,2501369442966	
137,83432957794045	296,4581852596282	528,0168176183644	
137,83432957794045	296,31186480908434	527,9199678723753	
137,83432957794045	296,2649583007687	527,9199678723753	
137,83432957794045	296,2228206717255	527,9199678723753	
137,83432957794045	296,0792279481012	527,9199678723753	
137,83432957794045	295,99697459660985	527,9199678723753	
137,83432957794045	295,8647755335372	527,9199678723753	
137,83432957794045	295,76828381259594	527,9199678723753	
137,83432957794045	295,62588868430424	527,9027096043404	
137,83432957794045	295,4601440063184	527,8734906000855	
137,83432957794045	295,38819732827955	527,8734906000855	
137,83432957794045	295,2694762348598	527,8734906000855	
137,83432957794045	295,21549142114907	527,8734906000855	
137,81517304791396	295,14471566505665	527,683867695293	
137,81517304791396	295,089335532781	527,683867695293	
137,75829840672566	294,96593564389536	526,6692346898592	
137,75829840672566	294,863465595197	526,6438682699821	
137,64757840335625	294,71362895810506	526,4959870320216	
137,64757840335625	294,6241235869081	526,4959870320216	
137,62424654938056	294,49367346614247	526,4822431320506	
137,62424654938056	294,29955273223584	525,0175054674474	86,30671221452509
137,62424654938056	294,22609625587563	525,0175054674474	
137,01471366058783	294,10178751094844	524,9131277050041	
136,834266077552	294,036810718259	524,9131277050041	
136,7935370236735	293,86062871300436	524,6792771033324	
136,7935370236735	293,79036098899354	524,6792771033324	
136,7935370236735	293,6993522341118	524,5806750778222	
136,7935370236735	293,6028199782833	524,5806750778222	
136,4763267936884	293,3630235533045	524,3719477729651	
136,4763267936884	293,22102612543114	524,2978331673871	
136,4763267936884	293,07337007924616	524,2978331673871	
136,47421283411944	292,960599552234	524,2499289411676	
136,11808343318123	292,81167908653885	523,8395871678026	
136,06916432592897	292,6882262481713	523,8395871678026	
136,06916432592897	292,58097336880223	523,6675318584957	
136,06916432592897	292,37341268350735	523,6675318584957	
136,06916432592897	292,28283435112263	523,6164510147609	
136,06916432592897	292,1622867206186	523,6164510147609	
136,06916432592897	292,01768499944365	523,3994854113541	
136,06916432592897	291,9093249217809	523,3578319451482	
136,06916432592897	291,7881797705189	523,2463127129631	
135,83184106622036	291,68119809671305	523,2290047389818	
135,83184106622036	291,4837259351552	523,0982849410124	
135,83184106622036	291,38435462402964	523,0982849410124	
135,74844808877376	291,2552464973327	523,0982849410124	
135,092676118536	291,1261884034315	523,0982849410124	85,4878575832233
135,092676118536	291,0270274451765	523,0982849410124	
135,092676118536	290,92806635959204	523,0982849410124	
135,04713680212575	290,7586079113601	522,413392096714	
135,0000546296914	290,6767162133332	522,413392096714	
134,94460960713113	290,54781647475806	522,413392096714	
134,94460960713113	290,4598849012671	521,9758572057984	
133,902507694825	290,3851949097838	521,9758572057984	
133,9004154233565	290,33244147959346	521,9758572057984	
133,7132617786139	290,16866485023024	521,9758572057984	
133,7132617786139	289,9536475127497	521,9715991648899	
133,7132617786139	289,8822632225824	521,9715991648899	
133,7132617786139	289,8216880214994	521,9715991648899	
133,7132617786139	289,77576159811	521,9715991648899	
133,7132617786139	289,7014493163812	521,9715991648899	
133,7132617786139	289,5697927325554	521,9715991648899	
133,7132617786139	289,50699715913123	521,7711480459221	
133,7132617786139	289,4236737365593	521,7711480459221	
133,31436477183595	289,2269733367573	521,7711480459221	
133,25884890842818	289,0831415572879	521,7711480459221	
133,1757729087056	288,9068808930673	521,7711480459221	
133,1757729087056	288,844829974362	521,7711480459221	
133,1757729087056	288,7116850717238	521,7711480459221	
133,12613962072297	288,55052351444175	521,6256381430977	
133,12613962072297	288,36865994061327	521,4979645750648	
133,12613962072297	288,3477102161417	521,4979645750648	85,17421119661245
133,12613962072297	288,1919985611486	521,4979645750648	
133,12613962072297	288,10424395661465	521,4979645750648	
133,1058672919346	287,9825692480306	521,4979645750648	
133,1058672919346	287,8852653371508	518,7938671835457	
133,1058672919346	287,64414834333763	516,7932155087766	
133,1058672919346	287,5018234041171	516,7932155087766	
133,1058672919346	287,4180070302985	515,7084681010515	
133,1058672919346	287,36106962557034	515,7084681010515	
133,1058672919346	287,23371986480515	513,3064263145716	
132,92750766983832	287,1513553272923	513,3064263145716	
132,92750766983832	287,06099178451825	513,3064263145716	
132,92750766983832	287,00813787537095	513,3064263145716	
132,92750766983832	286,93348514815943	513,2649522551667	
132,92750766983832	286,87905043224157	513,1405224172643	
132,92750766983832	286,7636244972262	513,1405224172643	
132,84437627572206	286,6836658711378	513,0911898649086	
132,84437627572206	286,6149629247077	512,8190267886611	
132,84437627572206	286,5126599944092	512,8190267886611	
132,56752514248922	286,4232390854126	512,8190267886611	
132,56752514248922	286,39292751981776	512,8190267886611	
132,01527928548515	286,24844159905257	512,8190267886611	
132,01527928548515	286,160017025128	512,7239689541216	
132,01527928548515	286,1165361499496	512,7239689541216	
132,01527928548515	286,0135055175474	511,5832373936896	
132,01527928548515	285,9457434080816	511,5832373936896	84,19296102470231
131,99009128867803	285,8422075174429	511,4632834802176	
131,99009128867803	285,7378235445831	511,4632834802176	
131,99009128867803	285,693513895796	511,4632834802176	
131,99009128867803	285,5061618461088	511,4632834802176	
131,99009128867803	285,43828493852254	511,3987144648173	
131,99009128867803	285,3185864244864	511,2884898956152	
131,99009128867803	285,26533083630346	511,2884898956152	
131,9108124600404	285,25135363271255	511,2884898956152	
131,9108124600404	285,22946692764276	511,2884898956152	
131,9108124600404	285,07659733299516	511,2884898956152	
131,82604131568053	285,0368365102545	511,2884898956152	
131,74402363924074	284,9604206780697	511,2884898956152	
131,74402363924074	284,8955390443301	511,2884898956152	
131,74402363924074	284,7693232389342	511,2884898956152	
131,74402363924074	284,68595771379825	511,1572972709588	
131,64204553427018	284,5592372470833	509,20967964811496	
131,64204553427018	284,4566550292092	509,20967964811496	
131,64204553427018	284,38725089851437	509,20967964811496	
131,64204553427018	284,32997712056107	509,20967964811496	
131,64204553427018	284,2041419393736	509,20967964811496	
131,64204553427018	284,09052453923437	509,18817761832145	
131,64204553427018	283,952539565041	509,18817761832145	
131,64204553427018	283,7766858128618	509,18817761832145	
131,64204553427018	283,6629666128613	508,9316066721886	
131,64204553427018	283,62028916975567	508,9316066721886	83,05387494679057
131,64204553427018	283,4178433179102	508,9316066721886	
131,64204553427018	283,3365828351414	508,9316066721886	
131,64204553427018	283,2573252886383	508,9316066721886	
131,64204553427018	283,14232655630326	508,2395277556191	
131,64204553427018	283,0626406680896	507,54394976411066	
131,64204553427018	283,00087290995083	507,4556903558953	
131,64204553427018	282,8355532350098	507,12806442638544	
131,64204553427018	282,79046723809756	507,12806442638544	
131,64204553427018	282,76959583522716	507,12806442638544	
131,64204553427018	282,65689304250316	506,8914506731442	
131,430038616277	282,5319359935752	505,73852396728086	
131,430038616277	282,46288165242026	505,69241465832675	
131,42917207078182	282,40978165435746	505,56181478984433	
131,42917207078182	282,32083269370304	505,56181478984433	
131,42917207078182	282,25411809782685	505,5005778318792	
131,2671460658993	282,07837831927895	505,5005778318792	
131,2671460658993	281,96671931552993	505,5005778318792	
131,2671460658993	281,8921817530993	505,4463587381423	
131,2671460658993	281,8788267929601	505,3271849603217	
131,2671460658993	281,85091536674884	505,2211253311556	
131,2671460658993	281,73959813251275	505,11688304461006	
131,2671460658993	281,63270649376784	505,11688304461006	
131,18157580114743	281,55655274958303	505,11688304461006	
131,18157580114743	281,42005817095543	504,52946879355477	
131,18157580114743	281,3660448845669	504,51032303291913	82,42885147905638
131,18157580114743	281,2682518692218	504,3077907982557	
131,18157580114743	281,1935533763086	504,10087005407286	
131,18157580114743	280,9813830973321	503,90954084337113	
131,18157580114743	280,95538988859465	503,7326935119228	
131,18157580114743	280,92718951229995	503,7326935119228	
131,1279924607271	280,80282208373194	503,7326935119228	
131,1279924607271	280,68160636784324	503,69862967841647	
131,1279924607271	280,54129282747755	503,1393182924883	
131,1279924607271	280,46680535537945	502,20950999708424	
131,1279924607271	280,4060404722937	502,20950999708424	
131,1279924607271	280,36204211518907	502,16270934339	
131,04811848481452	280,2719529211467	502,16270934339	
131,04811848481452	280,18956328839147	502,14776374281166	
131,04811848481452	280,06727354089116	502,14776374281166	
131,04811848481452	279,98625546749594	502,14776374281166	
130,9883998942082	279,835095823541	502,14776374281166	
130,9129596576624	279,7369252233807	502,14776374281166	
130,9129596576624	279,62564193078805	502,14776374281166	
130,8825754526874	279,44682559550006	502,14776374281166	
130,8825754526874	279,37731735224884	502,14776374281166	
130,8825754526874	279,3294753925734	502,1251155921993	
130,8825754526874	279,241972855502	502,01690511469246	
130,8825754526874	279,1120725884573	501,4151919002182	
130,8825754526874	279,0737611551594	501,1934848643702	
130,8767958892295	278,97781797370675	501,0230196843828	81,61060560438592
130,8767958892295	278,89774657817856	501,0230196843828	
130,8767958892295	278,81824653959796	500,90896664235237	
130,8767958892295	278,7577532151919	500,90896664235237	
130,75388279488706	278,6155657508394	500,90896664235237	
130,75388279488706	278,5619699400498	500,90896664235237	
130,1763133592699	278,49315815577853	500,8081135502156	
130,1763133592699	278,3928124531244	500,8081135502156	
130,1763133592699	278,30377807741877	500,8081135502156	
130,1763133592699	278,21452696192597	500,8081135502156	
130,1763133592699	278,17700879563125	500,8081135502156	
130,1763133592699	278,0457272986594	500,0757546700565	
130,1763133592699	277,95957812857546	499,8867918965358	
130,1763133592699	277,8626329468414	499,2677967187569	
130,1763133592699	277,78871009263634	499,2677967187569	
130,1763133592699	277,73246352583027	498,7708541185989	
130,1763133592699	277,632371381908	498,7708541185989	
130,1763133592699	277,4696769229038	498,5842577030205	
129,42046201451328	277,263422659297	497,9528240689997	
129,42046201451328	277,1317503633528	497,9528240689997	
129,39594074409177	277,1036009064758	497,9528240689997	
129,39594074409177	277,04890471393645	496,8085499147217	
129,39594074409177	277,01088446136436	496,7069121222529	
129,39594074409177	276,95131899101347	496,61248709006856	
129,39594074409177	276,8208212869272	496,61248709006856	
129,39594074409177	276,7032454946798	496,61248709006856	80,56728417128194
129,39594074409177	276,6711976881314	496,5066608779366	
129,39594074409177	276,5708396847585	496,5066608779366	
129,39594074409177	276,4869702279608	496,5066608779366	
129,39594074409177	276,37709914794385	496,46796020492684	
129,39594074409177	276,3434732589205	496,46796020492684	
129,11822557740578	276,11621586561847	496,187796601753	
129,11822557740578	276,0419976917833	496,187796601753	
129,11822557740578	275,8041967543692	495,430475922947	
129,11822557740578	275,78424987046196	495,430475922947	
128,2667879658435	275,6896836856206	495,430475922947	
128,24199428973634	275,6491701738195	495,430475922947	
128,24199428973634	275,5524562637134	494,1936734020426	
128,24199428973634	275,4637476722293	493,97168519800306	
128,24199428973634	275,4053207086255	493,97168519800306	
128,24199428973634	275,377443914531	493,97168519800306	
128,24199428973634	275,2803716011042	493,97168519800306	
128,24199428973634	275,2278068128593	493,97168519800306	
128,24199428973634	275,1107264614969	493,97168519800306	
128,24199428973634	275,00485419117945	493,97168519800306	
128,24199428973634	274,8603738079016	493,93430313835944	
128,19575640394984	274,7328322385233	493,93430313835944	
128,19575640394984	274,62848119314265	493,93430313835944	
128,19575640394984	274,57016239359456	493,8083395629751	
128,19575640394984	274,53550904571154	493,8083395629751	
127,99372170550389	274,4575772523443	493,8083395629751	79,78561040904731
127,99372170550389	274,41592156237135	493,8083395629751	
127,99372170550389	274,27058797297394	493,8083395629751	
127,99372170550389	274,1956819048294	493,5677829633827	
127,932624179891	274,13291987807565	493,5677829633827	
127,932624179891	274,10074961370793	493,5677829633827	
127,932624179891	274,0458819237325	493,54094061177204	
127,932624179891	273,9666852471064	493,54094061177204	
127,932624179891	273,87340518019255	493,54094061177204	
127,932624179891	273,8245738509203	493,54094061177204	
127,932624179891	273,7791744344954	493,54094061177204	
127,932624179891	273,707419588597	493,54094061177204	
127,932624179891	273,63145170086	493,54094061177204	
127,932624179891	273,54158449424995	493,3996199315389	
127,932624179891	273,44891741358845	492,17302275715656	
127,932624179891	273,362607384013	492,17302275715656	
127,932624179891	273,2819349396265	491,66366183978914	
127,79972504249392	273,09972926755677	491,24400862661116	
127,79972504249392	273,05907365351203	491,1782891812643	
127,79972504249392	272,9593046943522	490,63357004873745	
127,79972504249392	272,8973384248031	490,63357004873745	
127,63736270991764	272,7564243780842	490,63357004873745	
127,63736270991764	272,7180304897971	490,62922386468637	
127,63736270991764	272,661964206691	490,62922386468637	
127,63736270991764	272,60922850116555	490,62922386468637	
