0,6839887552942464	391,39588551867456	2696,6203470205514	585,8130000467299
0,4308626884480631	304,32534798096714	2534,730542311778	
0,34729499850436263	238,1338754451053	2228,8048508823013	
0,2696604005101251	186,94970356277466	1955,8415994437214	
0,23468400618267168	150,63138826492772	1767,4036127307907	
0,22054935119185373	119,0975716787636	1510,8640364063185	
0,1930700150974937	97,21348197631819	1319,5387753367315	
0,17233661585116294	78,54111977200505	1130,338347668958	
0,1620084133199368	63,85595959627221	949,418127575505	
0,15630899478518503	50,59003776873762	784,5712913137053	
0,12828844847114618	41,03082718190503	647,7380799457712	
0,11711337455993358	33,53069236026256	536,8949884650791	
0,1090175685819788	28,090073834456867	451,02644224081706	
0,09368647601292021	22,362847674911748	350,68011532505193	
0,08552325101738749	18,47895911245	284,02784350179974	
0,08185638640548097	15,14448975290221	233,1386086903319	
0,07419979698432476	12,938697250943065	210,99485530634928	
0,0707956952910118	10,890090222198673	175,8958851578829	
0,06621468596312781	9,454326630008014	150,64660490685742	
0,06029072718137898	8,045597510018299	127,24499492492019	
0,059514263883471814	6,975776533424908	109,74752590842255	
0,05664916541716675	5,922887745515448	87,7451592991664	
0,05148668205661276	5,149131775285363	73,88497395859045	
0,048575762300606326	4,556097207711136	66,0743828123605	
0,04617686920443841	4,094146312633052	58,97026221060939	
0,044758773441917456	3,5656965867427384	46,570579545863986	7,81161493682207
0,04114166550023784	3,157891652464232	38,807158811176315	
0,037936459885041365	2,8812201019123598	36,97287684715749	
0,03730317860573066	2,6235031703117575	34,30478335440096	
0,03655821876107529	2,4112554217091344	31,01381761706775	
0,03602175980188858	2,2202193070894505	27,69032813942748	
0,03370700711774226	2,0715740928675204	25,338375638567154	
0,032638584080207554	1,936246282911945	23,106224935400665	
0,0295821257105002	1,7642206847792001	19,85908550156277	
0,029132836975855777	1,6174927529115322	17,992661808676214	
0,028061336127993452	1,5383622811272508	17,591028628966274	
0,027488541971875426	1,452203177133821	16,91861357305228	
0,025867317180631937	1,3477986700195148	15,348629841363447	
0,023760712172423683	1,29398475532924	15,102656263777677	
0,022349299748389798	1,2382853239667626	14,17557429973593	
0,021873715372903245	1,168433568051194	12,828919570792147	
0,020785083456909242	1,1287783455198894	12,483906248453444	
0,02000670880754072	1,0763984434375362	11,605415073960728	
0,019461630687051642	1,0208563069764343	11,095346577176803	
0,019131264924806896	0,9879172169714497	10,794265249794844	
0,018654401994899743	0,9572340016740912	10,494011086977011	
0,018005446333818537	0,9136498618053639	9,302179379244098	
0,017343410457500482	0,8003417316994788	5,183925521624381	
0,015346188058588964	0,7749380405111005	5,0220587067160976	
0,014688444943619879	0,7411193418592678	4,606190739583025	
0,014535527290456015	0,7165639725476027	4,474456655803302	0,8529303264948322
0,013973800379188772	0,6991340298428541	4,436825945867303	
0,013186949915996197	0,6750122395241922	4,287150657330252	
0,01305445841941953	0,6618965241653695	4,114814279860013	
0,012644603874546747	0,630287756477115	3,686571801717583	
0,011286307577419288	0,6098478386176344	3,5662599632645167	
0,011123686103559958	0,5965062161176973	3,5232929530603663	
0,010786285094524695	0,5823554699698889	3,4173100225161885	
0,010383998166667305	0,565778031268836	3,260822426528829	
0,010104514749944504	0,5497546924944622	3,0685656038838984	
0,009446758777181576	0,5388652325697336	3,0279210882978855	
0,008293620971841904	0,5305709041875931	2,9934260859817727	
0,00816759196632089	0,5183356462156099	2,8875996496178806	
0,00816759196632089	0,5071337933687589	2,8179603340806314	
0,008138620714658856	0,4919254832545034	2,6720208083964336	
0,007289433544709505	0,4835957279859563	2,6492442066774724	
0,007129414847129345	0,4733137168096415	2,6019944552830254	
0,007033535235483802	0,46720142224751704	2,577293364935865	
0,006884717572132128	0,4577064665393765	2,5187275000894753	
0,006867266018763228	0,45013244146698317	2,4871502538834513	
0,006776320724132664	0,44085718593372675	2,4526290732021887	
0,0066524707936211815	0,43199420902861474	2,390446166108602	
0,006533995981215295	0,42335720610597277	2,323381004469731	
0,0064875039394809856	0,4169513629558481	2,312142831413969	
0,006149017419658588	0,4095982890132883	2,2975468730204667	
0,006058079021146547	0,4033907030038433	2,1950431435116275	0,454066067651224
0,006058079021146547	0,39702356129267047	2,1798045153791623	
0,005150945406036523	0,39094428882584886	2,1507977748830105	
0,005024814896252738	0,38734565064743265	2,1457730293586064	
0,004946324256364511	0,3803003492264376	2,1034926939103995	
0,0048739947072711405	0,3762065327529474	2,0957745806617676	
0,004684375003474936	0,37144550220586886	2,0772080295822684	
0,004645676433819734	0,36343493696425583	1,9985544142099838	
0,004445030030972666	0,3585654296903207	1,983557455911192	
0,004403408725842445	0,3553167689288591	1,9805394742399665	
0,004147398829040369	0,3496694497256069	1,8951254155360622	
0,004124603689747556	0,34629165198216794	1,8927177248607865	
0,004117887954822006	0,3431529879317383	1,891370277907023	
0,004113395147264154	0,3378787021436947	1,858110256149145	
0,004081840378627221	0,33082215747832583	1,7390915707343009	
0,00391855121476432	0,3269851733575762	1,6889071007817251	
0,0038240854157895287	0,32365772304528784	1,68304807733647	
0,0037808650552726003	0,3209734219265059	1,6796308202824561	
0,003625674946416098	0,31684244808798095	1,6217243977305038	
0,0034822596677916923	0,31379950829108144	1,6189850177865233	
0,0034541056411309047	0,3102481686809586	1,5879157904452788	
0,003436372288008099	0,30786015167117425	1,585343550032036	
0,0033945867641257247	0,30620702611058265	1,5830397254369997	
0,003380713901948355	0,30315318249200607	1,5355023667469507	
0,003326077896433616	0,30102003998350885	1,519591523417057	
0,003303343300509582	0,29824760552465734	1,5053032821426984	0,32613207765156654
0,003291618355978889	0,29561111477126223	1,5039146541349167	
0,0032732741377050154	0,29351233885292455	1,501873301615761	
0,00326077218517788	0,29159012541183776	1,5002753925631438	
0,0032570806714635383	0,28983685354365923	1,4988123268609312	
0,003125428782366858	0,28736600357754816	1,4927589398810548	
0,0030626998377220192	0,28399091247798597	1,476169672708413	
0,0030552047659331825	0,28154446463675403	1,4606776067713596	
0,0030450986754947474	0,2797466260945535	1,4598257841617073	
0,0030388375826851054	0,27844469593630355	1,4584137215994752	
0,0030309583264527614	0,2765645115073839	1,4519460756299492	
0,0030281668795480404	0,2750605914295412	1,4498761302804437	
0,0029645524047591464	0,2731912555286481	1,432042817180052	
0,0029500851338716055	0,2711553596807416	1,4297877337187677	
0,002678486583899353	0,26928608300328355	1,4281689963460718	
0,00267428055331561	0,2676547171635962	1,4267450949133536	
0,0026724237809121376	0,26609655365996043	1,4253385897502735	
0,002660890935108304	0,263721744933603	1,3687478691205728	
0,002505221351782419	0,2622285034314543	1,367171556336965	
0,0024942558629843063	0,26074716236736567	1,3656537747164519	
0,002489273991213234	0,25958583203901353	1,3598218270207596	
0,00248560536057403	0,25854323919750954	1,3584654359291943	
0,002478331226724406	0,2563680701168242	1,3495916632174063	
0,0024754076154775108	0,25476900260113217	1,3455578943292974	
0,002473696260560153	0,2524295410822026	1,3369332278158461	
0,002469066028284496	0,2508383653790428	1,336094563949755	0,2814924341447225
0,0024689873104077036	0,24884925824218904	1,3255950618292054	
0,0024677599718190345	0,24763181632549322	1,318641347237607	
0,0024603271381685994	0,24663521971026967	1,3172193037819417	
0,002459119869959982	0,24536133043211347	1,3100160856731078	
0,0024421284683976406	0,2442306736415157	1,3088636124920285	
0,0024371804317858256	0,24263327670107393	1,297496523297365	
0,0024351928089181253	0,24140520859640305	1,2956392589054397	
0,0023967526006792657	0,24004073489210037	1,2940748371316473	
0,0023937597222582346	0,2383970386377679	1,292368777902345	
0,0023931035002427384	0,23714403460699185	1,287346357897925	
0,0023931035002427384	0,2361449913789632	1,2860594323053383	
0,002392989441004889	0,23542824001430218	1,2849311580720313	
0,002389689445517955	0,23442610981856427	1,2769426496119836	
0,0023894260613437314	0,23156662806315215	1,1971331759899713	
0,002387230532970298	0,22957483542778007	1,1652157244044252	
0,0023861858965663098	0,22791132923662155	1,1429396879904132	
0,002384735659890402	0,22701126178870015	1,1415932101238508	
0,0023827226335475207	0,22418547331440947	1,0910566108217095	
0,0023824280939853757	0,22333401164329367	1,0906219582018217	
0,002380014550481288	0,22218319317220378	1,0860077683263156	
0,002379651814939479	0,22076232409195135	1,0849804103575735	
0,002357455669412903	0,219575209106074	1,083401065162509	
0,002357276461298101	0,21837870849342728	1,0769123023337328	
0,0023046693176541947	0,21649734620021654	1,034859776630406	
0,0023034986567494267	0,21504642032194396	1,0274979815811351	0,23299973873831678
0,0023022784625749033	0,21405531677596987	1,0268038786041955	
0,0022884993085859726	0,21224208198661884	1,022690856358427	
0,0022878986643838453	0,21115151753331174	1,0167954519849502	
0,0022858039696267056	0,20987439367466404	1,0098882157887468	
0,002285387540417441	0,209224344018414	1,0079669387648051	
0,00228497463612902	0,208326855098995	1,0057435686645757	
0,002279541419633501	0,20681569152096815	0,9793763662804652	
0,0022793339287591574	0,2062229895779125	0,9783827401274366	
0,002278704159581829	0,20524247675998034	0,9774303541179017	
0,0022785992708178543	0,20457929747135098	0,9758088349453946	
0,002277712447123351	0,20335224468336194	0,9592190160425709	
0,0022774092760337946	0,20253058165531385	0,958649089239773	
0,0022727151529566406	0,20150834298636722	0,9544117196572561	
0,002270959470174308	0,20040490244381018	0,9530329941951736	
0,0022706194613694446	0,19976296467636245	0,9507318624872915	
0,002269310707283203	0,1984923077219552	0,9467124283241216	
0,002269310707283203	0,1976284943990511	0,9383650390284218	
0,0022692102326598894	0,19702778092352002	0,9363123832943728	
0,0022685800073179658	0,19597316839481174	0,9320865055436723	
0,0022684288258913343	0,1952238157914264	0,9303601286108979	
0,002267663451408585	0,19420466653964946	0,9290064712486914	
0,0022664608976552853	0,19302829916651895	0,9226450254309171	
0,0021362930871661515	0,19191536705976084	0,9209702390008205	
0,002135613827011697	0,1909664435669102	0,9195057227648704	
0,0021354301251055334	0,1897869577386172	0,9177781424579058	0,2089528610407136
0,0021354301251055334	0,1891302431118781	0,9166869403349555	
0,002134891859136642	0,1884971646712371	0,9157519943929548	
0,002133497257848104	0,1876665792803144	0,906016032361312	
0,002133274979321217	0,18706171718913184	0,905082858969183	
0,0021316413131194016	0,1865452235978141	0,9035879771628647	
0,0021308146922673302	0,18573696837642908	0,9029208279390682	
0,0021308093556938455	0,18470002640311386	0,901583139700113	
0,001888277398850908	0,1839394639159922	0,9007253329020649	
0,0018875494319489483	0,1829782016600652	0,8991919509003874	
0,0018863344214946087	0,1822916932314542	0,8980912270316107	
0,0018863056075190646	0,18144724611853214	0,8972110130867054	
0,0018733705634031842	0,18058867436217751	0,8961186984209621	
0,0017892060363757037	0,17984820270348692	0,8953673655830724	
0,0017870073817774093	0,17879397209514727	0,8814926524337701	
0,0017864233056653276	0,17780755471043774	0,8770312312006167	
0,0017863911850311929	0,1770468660304416	0,8742978229631565	
0,0017861618427558413	0,1764877985751948	0,8731960576882898	
0,0017854301541695588	0,1757706655973367	0,8643997737534534	
0,0016635579026106915	0,17528345872649403	0,862742464192507	
0,001663152125888482	0,1744419383252353	0,860871706085389	
0,001663152125888482	0,17368730387968032	0,8556676390546015	
0,001662880906806785	0,1725878069550991	0,8541853421453794	
0,0016623399644180143	0,17183273737294238	0,8526463977047534	
0,0016611679132606618	0,17111478685604833	0,8505368420251237	
0,0016597775568132317	0,17046357853093827	0,8482704788951874	0,19240659261424894
0,0016597775568132317	0,1697357172911926	0,8459633943514859	
0,001659346699475797	0,1688262352890393	0,8442533621688382	
0,001538384304635783	0,16781796608617527	0,8434711772348564	
0,0015361338096362962	0,16694919424828064	0,8386351023378387	
0,0015361338096362962	0,1661782174534671	0,8360215394028425	
0,0015361103902298277	0,1649710007585902	0,8153592417774803	
0,0015356235313640349	0,16437230453199078	0,8145079626292394	
0,0015352042739339405	0,16369597299793384	0,8137532061596978	
0,0015352042739339405	0,1628414410837824	0,8119399289992741	
0,0015352042739339405	0,1622177565166641	0,8106990785371861	
0,001534803212142597	0,1613657199051431	0,8090163066735723	
0,001534026313080069	0,16058477283015143	0,8081912306815603	
0,0015339184036720582	0,15981606901915676	0,8058213089279116	
0,0014811237283004603	0,15858764460951352	0,8046996309326889	
0,001480882743968122	0,15804344573419374	0,8034642791751995	
0,001480783242878353	0,15739789105694946	0,802326574051814	
0,001479339266933319	0,15694369276650896	0,801174373314765	
0,0014783877102214039	0,15620428583928	0,7999142933548995	
0,0014397673760329463	0,15546484206840788	0,7966891526550666	
0,0014070849529262072	0,15433011086023504	0,7935131233911864	
0,0014069457940007774	0,153737122911782	0,789286926449052	
0,0014064844711818023	0,153009905613644	0,7803804559309462	
0,001406299802846785	0,15206387245462508	0,7785933230796416	
0,0014061070004461685	0,15154376512353662	0,776908938025734	
0,001406072218118701	0,15098595376928237	0,7750344636158162	0,17331177904611736
0,0014058501289507116	0,15055421461573726	0,7741244170159649	
0,0014058501289507116	0,14993100008978474	0,7726728283810513	
0,0013535344652279547	0,14926369028872563	0,7709436122900216	
0,0013535344652279547	0,14867401366704208	0,7695019101693066	
0,0013534984710940087	0,14785613592162963	0,7677308738610451	
0,0013534984710940087	0,14739127931843016	0,7667746773582559	
0,0013461115568455943	0,1468910843698381	0,7661788605355602	
0,0013457427162061652	0,14607151702229382	0,7649884149851799	
0,001345635684534287	0,14536800015803616	0,7618835648673361	
0,001345635684534287	0,14475958200542827	0,7592891781209089	
0,0013452298297678294	0,14413548162392298	0,7575775068946428	
0,0013451087288455965	0,14328614978540452	0,7560458938862396	
0,0013451087288455965	0,14278281461947695	0,7542444512354498	
0,0013451080502696999	0,14198152242093712	0,7443768563138425	
0,001242525204711763	0,14105154785690469	0,7424184852561975	
0,001242076334099735	0,14057521828849548	0,7404874179325626	
0,0012419947743023628	0,1400841587800678	0,7392285420900915	
0,001241816937280312	0,13972370855829655	0,7375042141785118	
0,0012417406171010847	0,13906766648337485	0,7367271016027336	
0,0012417406171010847	0,13858072285564155	0,7352158262674899	
0,0012417406171010847	0,1381624954685458	0,7333169878418688	
0,0012415667484247184	0,1375740755715679	0,732137660434003	
0,0012413953000728944	0,13716600954935138	0,7305962465283297	
0,0012413512974525768	0,13651417431365964	0,728881793468747	
0,0012401945318875763	0,13601543941237446	0,72789697474736	0,1599091352799512
0,0012401945318875763	0,13528832103527091	0,7230070138315763	
0,0012401945318875763	0,13458997143679144	0,7216477292906345	
0,0012401792842220132	0,13408763278007607	0,7201464950543627	
0,0012400875964389201	0,13365225566710282	0,7186371273203052	
0,0012399065058028163	0,1333134576120963	0,7173220471279004	
0,0012397051254237625	0,1327997267547843	0,7162000307892877	
0,0012396644012757918	0,13242014127435872	0,7146655714338208	
0,0012323353393435229	0,13186395884047974	0,709099500364648	
0,0012323069579460216	0,13151262711499248	0,7084633477779689	
0,0012323069579460216	0,13101916406229194	0,707849602734319	
0,0012322627753443163	0,13051189625364162	0,7062813330949582	
0,0012322409289692105	0,13021065382323	0,7054814601798072	
0,0012322409289692105	0,12968799826967692	0,7027966001483922	
0,0012321989871659253	0,12923287719727772	0,7014897055444564	
0,0012319510026431901	0,1288605268263637	0,6994665518479014	
0,0012316468656793913	0,12826733355308198	0,6982128853017084	
0,0012316468656793913	0,1277205883901257	0,6968782769972584	
0,001231561396428567	0,12695599769703653	0,6903103527635253	
0,001231561396428567	0,12639486806677058	0,688699306506704	
0,0012315609703236615	0,12557980200621885	0,6735604403132146	
0,0012314797270947403	0,12486847396172251	0,6637499483413534	
0,0011452374394638218	0,12417937671523992	0,658049882699188	
0,0011452374394638218	0,12377984157436289	0,6571543571417559	
0,0011450272585257644	0,12319712803337608	0,6559140131276792	
0,0011450206238386746	0,12277744550843435	0,654829672083794	0,14568105563347186
0,001119106589111462	0,12199403956295399	0,653794913396107	
0,0011190573572825355	0,12164886161970263	0,652787571242784	
0,0011189113985110182	0,12136389590922274	0,6518382844308079	
0,001118817739088913	0,12073942778283842	0,6511113529853095	
0,001118817739088913	0,12027424141776676	0,6498564328394717	
0,001118817739088913	0,11979615319803844	0,6486825671943345	
0,001118817739088913	0,1192579412850625	0,6435458665762822	
0,001118817739088913	0,11864908629009661	0,6407043438850615	
0,0011188110956464779	0,11822215491181462	0,6389030943502011	
0,0011186207876689527	0,11784228905112946	0,637671458906679	
0,0011186207876689527	0,11733812825411848	0,6347376364725832	
0,0011185118854203863	0,11679697548478492	0,6338551338657933	
0,0011184960358804805	0,11637253606827822	0,6327331471984471	
0,0011184960358804805	0,11603268461762317	0,6308190823444153	
0,001118478031109254	0,1156055747153087	0,6298030890699908	
0,001118478031109254	0,11517221379161846	0,6292534302745652	
0,0011184568112855805	0,11484114474769629	0,6276054304895635	
0,0011184568112855805	0,1145020987999939	0,6269203629689308	
0,0011184366623686597	0,11396806071106305	0,6249009912279139	
0,0011184366623686597	0,1133917171651924	0,6231354794678274	
0,0011184366623686597	0,11306216004730114	0,6220542902397039	
0,0011183720334057268	0,11266577749877255	0,6212308831726984	
0,0011183204545366049	0,11236818867582786	0,6201550868464897	
0,0011183204545366049	0,11208073573637573	0,6190341938343346	
0,0011183204545366049	0,1114906700679191	0,614942848569152	0,13509862788004706
0,0011182397884033776	0,11108634795253737	0,6117098083888882	
0,0011182005668560638	0,11038689391971031	0,601783823759918	
0,0011181318752176406	0,11003874185566188	0,6008455979573525	
0,0011181318752176406	0,10960573729862663	0,5989608629758173	
0,0011181008305768193	0,10929415817392533	0,5976339942284352	
0,0011181008305768193	0,10883500212834639	0,5949334942360429	
0,0011180880772456046	0,10836468511502739	0,5926915022100704	
0,001118049734203483	0,10746720991652631	0,5777644760776997	
0,001118049734203483	0,10702131963449267	0,5765171308979253	
0,001118049734203483	0,10659662981329524	0,5755032181522463	
0,001118049734203483	0,10610504009256477	0,5745468606850165	
0,001116178999289911	0,10535856716898152	0,5733119603055443	
0,001116178999289911	0,10490846744136138	0,572339775115771	
0,001116101221782911	0,10460191423698001	0,5715731398257577	
0,001116090595820838	0,10414710315391369	0,5707162285987976	
0,001116072713377981	0,10366589848958566	0,5692923995786338	
0,0011160519985390458	0,10311925867660372	0,5666866844242268	
9,982515258891546E-4	0,10272320682001768	0,565539813229097	
9,982515258891546E-4	0,10224807162323496	0,5643013102443392	
9,978549553215864E-4	0,10193753455947759	0,5634461005863405	
9,978549553215864E-4	0,10161273024077074	0,5619305180374919	
9,9783996989952E-4	0,1011250445304642	0,5611120229376498	
9,977995209513957E-4	0,10083228482450077	0,5600590519243831	
9,97685011154512E-4	0,10039028937760101	0,5580593202260572	
9,976554365519169E-4	0,10009146937041939	0,5548207868566574	0,12203804969293772
9,976300644054612E-4	0,09977710037908376	0,5537528308337906	
9,97485077543332E-4	0,0995436324411953	0,5525560178844569	
9,974068222202066E-4	0,09916759806563161	0,5507779818579593	
9,973758428184739E-4	0,09887883621458801	0,5499097282160235	
9,969768984040886E-4	0,09861394607354367	0,5481070245586559	
9,969589710909674E-4	0,09828800798396257	0,5471081981402806	
9,96879780934435E-4	0,09799258751103367	0,5459647150607805	
9,96879780934435E-4	0,09772219464123053	0,544500372114589	
9,96879780934435E-4	0,09696300666434622	0,5331278103598213	
9,968391853003569E-4	0,09655684076334045	0,5319614655315481	
9,968206635075606E-4	0,0960931933786345	0,5300996094845147	
9,966835737180832E-4	0,0958257056331516	0,5288755171381122	
9,966309302687462E-4	0,09541564657542995	0,5273423809111771	
9,966309302687462E-4	0,09494630202771438	0,5265673727386835	
9,966309302687462E-4	0,09457393745308845	0,5253555251023551	
9,965354544821134E-4	0,09410682850610183	0,523567188702435	
9,964269124869756E-4	0,09368744312107098	0,522059320768476	
9,964269124869756E-4	0,09331068106454529	0,5191005881306547	
9,963978486509796E-4	0,09275378086144037	0,5146806171149874	
9,963978486509796E-4	0,09230901557406865	0,5138056257422484	
9,963729845693043E-4	0,09204331780984766	0,5130732222000418	
9,963348109885259E-4	0,09177166155177596	0,5125269830432072	
9,963348109885259E-4	0,09147531411424042	0,5116465352295959	
9,963178039840274E-4	0,0911924011375746	0,5107471601757154	
9,962555110651775E-4	0,09087022266279784	0,50991460391382	0,11200634169067138
9,962444794153437E-4	0,0906221371060426	0,5086223318213964	
9,962373646534544E-4	0,09026253330146777	0,5072852514416664	
9,962373646534544E-4	0,08988718629812142	0,5060466411236272	
9,962373646534544E-4	0,08952114415191699	0,5053274966346197	
9,962373646534544E-4	0,08920584694979063	0,5040769761837589	
9,962108868207102E-4	0,08880695303649729	0,5021727871397892	
9,962108868207102E-4	0,08849100463222108	0,5004808427164081	
9,962051286223313E-4	0,0882426243460434	0,49970839333653466	
9,962051286223313E-4	0,08800244535468398	0,4987382230271459	
9,96204112585917E-4	0,0876173525233485	0,49810764642759847	
9,96204112585917E-4	0,08731334704198276	0,4966746007587133	
9,96204112585917E-4	0,08692862119989098	0,49530826066456685	
9,96204112585917E-4	0,08671412994496398	0,49453040007373594	
9,961714078418604E-4	0,08648522462708978	0,4934676287587956	
9,96141705904915E-4	0,0860536735585135	0,49219639877309257	
9,96141705904915E-4	0,0857124950428397	0,49151384939709025	
9,96141705904915E-4	0,08540757274341372	0,490090580096251	
9,96141705904915E-4	0,08520017802047164	0,48890585322426505	
9,9610962201635E-4	0,08485745622085229	0,48810784102629595	
9,9610962201635E-4	0,08462589243328489	0,48708658791819254	
9,916606716399948E-4	0,08436629438435111	0,48469295561182235	
9,916606716399948E-4	0,08409883890868938	0,4836524474652157	
9,916530610006153E-4	0,08365530430514716	0,4828692089047695	
9,916530610006153E-4	0,08338568838555473	0,48191530954505446	
9,915844957055816E-4	0,08317529236139473	0,480931441557808	0,10380029515611647
9,915844957055816E-4	0,08294142802210944	0,4799983698779704	
9,915844957055816E-4	0,08271695937976718	0,4791348592791438	
9,91463621507632E-4	0,08251483173961274	0,47807876617566586	
9,91463621507632E-4	0,08218936922865618	0,4768988382480713	
9,91463621507632E-4	0,08198083135548792	0,47613924437047056	
9,91463621507632E-4	0,08168818191750893	0,471460656000396	
9,914596174632967E-4	0,08123278307193493	0,4654110186771391	
9,914596174632967E-4	0,08085603199510871	0,46447368219051927	
9,914596174632967E-4	0,08063092639409311	0,4638392280396682	
9,914557859670387E-4	0,08043135757130869	0,4629612702320648	
9,91419156146948E-4	0,08020846553008282	0,46215850919311996	
9,913594419367943E-4	0,07989570749030789	0,4611812857453127	
9,812741580280141E-4	0,0797267716388535	0,4604793152277418	
9,812267459753518E-4	0,07948629679327304	0,46001244814128	
9,698520354294338E-4	0,07922377905641893	0,459355637793492	
9,478706433156104E-4	0,07891364074563248	0,45626692203228864	
9,478706433156104E-4	0,07872422369194208	0,4548952768066667	
9,478706433156104E-4	0,07838590127758778	0,45072817659173375	
9,478214946477181E-4	0,07813934465744103	0,4490417262519612	
9,478214946477181E-4	0,07761420451579004	0,4476951446790295	
9,478214946477181E-4	0,07734423051523269	0,44717491353190764	
9,477765008412717E-4	0,0771154895269274	0,446374397111535	
9,453348265331948E-4	0,07676411651864645	0,44546929030356097	
9,453348265331948E-4	0,07647453179786154	0,4419971410380994	
9,453348265331948E-4	0,07598945710100789	0,439767208525437	0,09506384295061197
9,453348265331948E-4	0,07563457923661102	0,4371922687604065	
9,453311894078545E-4	0,07546555971009057	0,43645842472869795	
9,453311894078545E-4	0,07517067476380329	0,4355755021939603	
9,453311894078545E-4	0,07486497219798736	0,4346103665054667	
9,453295810932633E-4	0,07458619928462401	0,4341504354979544	
9,453295810932633E-4	0,07420181929658592	0,4320575969570813	
9,453248803506409E-4	0,07403398739023154	0,4311461730666902	
9,452545879987027E-4	0,07378213369854916	0,42988709796090097	
9,452545879987027E-4	0,07345164192532447	0,428373442971855	
9,45188069463968E-4	0,07322676395068842	0,4277368101158217	
9,45188069463968E-4	0,07278058947357467	0,421592810379396	
9,45188069463968E-4	0,07255308934484142	0,42078110050300266	
9,451178733980412E-4	0,07227685300289555	0,4193738174151474	
9,451178733980412E-4	0,07201911785516761	0,41884697394727793	
9,451178733980412E-4	0,07181073755519449	0,4173561347934083	
9,451178733980412E-4	0,07156882649731099	0,4167585772697955	
9,451178733980412E-4	0,07121703557079419	0,414186538450773	
9,451144917748386E-4	0,07098907656197745	0,41324757550728825	
9,451144917748386E-4	0,07067900516160402	0,4119569545193836	
9,451137811749754E-4	0,07043750258881021	0,41121509863682526	
9,451137811749754E-4	0,07017194305533908	0,4082274312075693	
9,451137811749754E-4	0,06972361458064213	0,40716335419738664	
9,451137811749754E-4	0,06953728494410291	0,4064217709093876	
9,451120628818796E-4	0,0692832441492349	0,4058392017843755	
9,450977271560312E-4	0,0690575767402977	0,4049657670349922	0,08687579358591549
9,450977271560312E-4	0,06868508086181847	0,39996758194566534	
9,450627812259943E-4	0,06853148690671956	0,3989152357145219	
9,450333176641737E-4	0,06821743540065683	0,39777261921181406	
9,450333176641737E-4	0,06785567664362206	0,39442137360439894	
9,07616881908219E-4	0,06766866842138332	0,3939459079181102	
9,07616881908219E-4	0,06746327539082647	0,39297798346965607	
9,07616881908219E-4	0,0673180869111472	0,3921073586881427	
9,07616881908219E-4	0,0670299842464999	0,391607189638539	
8,811894773132687E-4	0,06679963793784757	0,3907393518786442	
8,810639053197561E-4	0,06664664185984327	0,390096143851825	
8,810639053197561E-4	0,06647167513679268	0,3891644400274255	
8,810609169212794E-4	0,06626920971770046	0,388695387508019	
8,810271691098015E-4	0,06599300449725228	0,3845874811700763	
8,810271691098015E-4	0,06580471829600315	0,38378756955526716	
8,810271691098015E-4	0,06553467211696117	0,38040051972245875	
8,810209821531745E-4	0,06538454909823599	0,3797372057155016	
8,810186529080408E-4	0,0651293001507555	0,37891493619725625	
8,810186529080408E-4	0,0649279169884594	0,3779556206292702	
8,810186529080408E-4	0,06477302228509417	0,3770561731864453	
8,810105720463055E-4	0,06454940899517203	0,3762554230162084	
8,810105720463055E-4	0,06436201437438385	0,37568983550197965	
8,810105720463055E-4	0,06407028224419763	0,37499018346210666	
8,621571309264018E-4	0,06391746027989037	0,3742605782271919	
8,621295600484855E-4	0,06364016679234984	0,37345288051903114	
8,620846607397367E-4	0,06349833825227322	0,37324496780543653	0,08022786795595423
8,499290090419093E-4	0,06332140576443701	0,3726706076945076	
8,499290090419093E-4	0,06317786361072474	0,37208266908674426	
8,499290090419093E-4	0,0628853787214733	0,36831336822487415	
8,499290090419093E-4	0,06272443700498555	0,36757464338539864	
8,49927367059215E-4	0,06250380313767152	0,3639126930817531	
8,49926880381452E-4	0,06230885801022746	0,36330997685676325	
8,49926880381452E-4	0,06215837305597624	0,362505417957389	
8,49925859032169E-4	0,0619926442024358	0,36177165286555457	
8,49925859032169E-4	0,06181626979600973	0,3609779432563721	
8,49925859032169E-4	0,0615097388362881	0,36035061352722386	
8,49925859032169E-4	0,0612272239794315	0,35703680591597897	
8,498240947837443E-4	0,06108451979678351	0,35629622698200303	
8,498231796385594E-4	0,060768781962205407	0,3557670038501216	
8,498227430597854E-4	0,06060547203418818	0,3549252755333709	
8,497887582555221E-4	0,06035167879252621	0,3538786216218368	
8,497887582555221E-4	0,06019228395058316	0,353142040874739	
8,497887582555221E-4	0,060012183305176096	0,3523257630604614	
8,497800321934637E-4	0,05977598333644943	0,35151562777756235	
8,497800321934637E-4	0,05954915833615037	0,3474490702646802	
8,497789981955436E-4	0,059321036637021235	0,3438816369424606	
8,497772606735441E-4	0,05912690060445565	0,343116143357634	
8,497772606735441E-4	0,05884627284982951	0,3417659404409769	
8,497772606735441E-4	0,058690859285274295	0,3408030752179887	
8,497772606735441E-4	0,05853098895961492	0,3396005230642924	
8,497772606735441E-4	0,05825789713054066	0,3387995348850252	0,07338536372521018
8,497772606735441E-4	0,05809097094586602	0,3379140642805472	
8,497772606735441E-4	0,05785520906455697	0,33703787281576714	
8,497710897019711E-4	0,05761667386141354	0,33470190293528296	
8,497710897019711E-4	0,057348565610518175	0,3342337882799009	
8,497710897019711E-4	0,057183848661078576	0,33351281456033427	
8,497710897019711E-4	0,05690803600592563	0,332992968777943	
8,497710897019711E-4	0,05678436601896947	0,3325875685665984	
8,497666399819778E-4	0,05657770399868963	0,3320088477088853	
7,737006944866354E-4	0,05636283638959304	0,3310570888962123	
7,737006944866354E-4	0,05620813172646264	0,3300740595674489	
7,737006944866354E-4	0,05596738901428559	0,3296035770093803	
7,737006944866354E-4	0,05581754476788556	0,3286955565637152	
7,737006944866354E-4	0,05565925164329641	0,32800498338227996	
7,736997042102683E-4	0,055501674709630515	0,3271853119896882	
7,736996644326047E-4	0,05535326023591309	0,32674030830145034	
7,736881789253141E-4	0,05517448067174511	0,3261121353119342	
7,736881789253141E-4	0,05506501624866059	0,32586408268357	
7,736881789253141E-4	0,054924126257205844	0,32540982945405844	
7,736881789253141E-4	0,05481820050571674	0,3248400255895871	
7,717493002307721E-4	0,054610509745978	0,3244621288849723	
7,717493002307721E-4	0,054398967370224274	0,3235690437801601	
7,717429335554635E-4	0,05406963765934791	0,3220661891665333	
7,717042542196223E-4	0,053912407112422775	0,3214809112456735	
7,717005275111386E-4	0,05376180332376218	0,3207179122711291	
7,717005275111386E-4	0,05359402611686713	0,3204027950967627	0,0681225542309141
7,716965452316471E-4	0,053480041955762475	0,3199362145607527	
7,716965452316471E-4	0,05315576200416766	0,31629106411797653	
7,716965452316471E-4	0,05303686032630713	0,3151242224691295	
7,716680142456222E-4	0,05292759087466488	0,3147416443039342	
7,716680142456222E-4	0,05258140174143078	0,31345573886587613	
7,716680142456222E-4	0,0523979395144108	0,3107319463880604	
7,716680142456222E-4	0,05222194684895621	0,3104395756558441	
7,716679663573228E-4	0,05209906525547758	0,31008969750168414	
7,716679663573228E-4	0,05195289481010738	0,3093101784007413	
7,716679663573228E-4	0,05179248160859802	0,30865413990009105	
7,716679663573228E-4	0,05159635397379095	0,3078651089300421	
7,716674507307641E-4	0,05147358587424944	0,3074930109534287	
7,716674507307641E-4	0,051366135383330846	0,3069542153147892	
7,716667753744466E-4	0,05126003722600068	0,3062846972882356	
7,716667753744466E-4	0,05106497074193663	0,30551361483886863	
7,716410002344895E-4	0,05094335994286188	0,3048132635816566	
7,716410002344895E-4	0,05080995999203819	0,30399013091155197	
7,716410002344895E-4	0,05058695187915232	0,30332837282854724	
7,716410002344895E-4	0,05047471225222812	0,3026602642143231	
7,716229626360604E-4	0,0502519543734001	0,30151271310687083	
7,716027835247696E-4	0,050058749343728344	0,29900716412462325	
7,716027835247696E-4	0,049911293988545886	0,2983028587247594	
7,716027835247696E-4	0,04977194930104187	0,2976173589253955	
7,716027835247696E-4	0,04961871280179556	0,296965123842721	
7,716027835247696E-4	0,04949065148263317	0,2963116466397845	0,0626521482868522
7,716027835247696E-4	0,04938067964980273	0,29549143975235925	
7,274846180141933E-4	0,04914490876979664	0,2949447934094579	
7,274728749486358E-4	0,0489829095575828	0,2947537395402663	
7,274728749486358E-4	0,048819836035567395	0,29377744292907637	
7,274728749486358E-4	0,0486415674604726	0,29345749146038197	
7,274728749486358E-4	0,04855509393676712	0,29264630808387015	
7,274728749486358E-4	0,04844261802973881	0,292143543773815	
7,274728749486358E-4	0,048336845365155215	0,2914890340909595	
7,274665515707321E-4	0,04823218213486217	0,2906017529602813	
7,274665515707321E-4	0,04803205096798391	0,28895353638725435	
7,274587630897475E-4	0,04788077159615747	0,28831280891135913	
7,274587630897475E-4	0,0476521249802092	0,2865846669121915	
7,274587630897475E-4	0,04739680753902133	0,28591497809057054	
7,274581982876092E-4	0,04713832720282504	0,2830505677390785	
7,27454034692463E-4	0,047045439037293975	0,2823434059184636	
7,274536583048902E-4	0,046865821173666396	0,28213948415717316	
7,274536583048902E-4	0,0467461300556302	0,28155048391389104	
7,274536583048902E-4	0,04661151356792963	0,280920771458115	
7,274536583048902E-4	0,04650158936530101	0,28036385544803943	
7,230066398813648E-4	0,04631021306627412	0,2788267281636793	
7,230049585804993E-4	0,04620597532625328	0,2778549382564606	
6,911962960057097E-4	0,04607640088718723	0,27714719457357456	
6,911962960057097E-4	0,04596621957888728	0,2763947858297643	
6,911962960057097E-4	0,04588419511442309	0,27597965269313446	
6,911962960057097E-4	0,04577253348944074	0,2754525518807381	0,057709790610980666
6,911928235860637E-4	0,045647637192363505	0,27493255570508845	
6,911928235860637E-4	0,04556520025142669	0,27428451937944315	
6,911928235860637E-4	0,045454900873029204	0,27391375497528997	
6,911928235860637E-4	0,04536513428808017	0,2734304440943948	
6,911562433497481E-4	0,045217976351301044	0,27271468373830354	
6,911562433497481E-4	0,04514100701618785	0,2723412507769979	
6,911562433497481E-4	0,04500292795909942	0,27184474720388063	
6,911562433497481E-4	0,04489559637063125	0,27129805852897604	
6,911562433497481E-4	0,044798674160188734	0,2707802501933942	
6,911562433497481E-4	0,044662322536346194	0,270099340173932	
6,911562433497481E-4	0,04455319322279902	0,26918218356782775	
6,911562433497481E-4	0,04445984119116754	0,2687554965371495	
6,911562433497481E-4	0,04433328471190681	0,2683837450708017	
6,911562433497481E-4	0,04425273632249012	0,26786617772304006	
6,911525374892731E-4	0,04417038093080932	0,26734977091751444	
6,911525029501867E-4	0,044079182092424604	0,2668115468481401	
6,911518106285396E-4	0,04398878834840238	0,266200634298813	
6,911518106285396E-4	0,043836333235269434	0,2653076895755919	
6,911481018995519E-4	0,043634391982313725	0,26207964228481684	
6,911481018995519E-4	0,04353485231126908	0,26107647839545167	
6,911481018995519E-4	0,04345506863692224	0,2607323944828153	
6,911481018995519E-4	0,043354207684971995	0,26025504930921994	
6,911481018995519E-4	0,04324242577319394	0,2596067468430033	
6,911481018995519E-4	0,043074115917653255	0,2582066430545823	
6,911481018995519E-4	0,04299934504954044	0,25755312121617646	0,053998065522625635
6,911481018995519E-4	0,04292032595775926	0,2567357299252196	
6,911481018995519E-4	0,042786785611195574	0,2562595766467698	
6,911481018995519E-4	0,04267083243707726	0,25543404973262573	
6,911481018995519E-4	0,042493641078627846	0,2540083711996216	
6,911456350778527E-4	0,04236285312877606	0,25359908979939255	
6,911446166569346E-4	0,04221542192319786	0,25303691769793474	
6,911446166569346E-4	0,04211549517505407	0,2524620074152706	
6,911446166569346E-4	0,041999317770607315	0,25180592353950076	
6,911446166569346E-4	0,04192519632799476	0,25141040288079863	
6,379633663194085E-4	0,04176003657454566	0,2510193652466047	
6,379621932050006E-4	0,04158228113568678	0,2504112007303986	
6,379621932050006E-4	0,04136343393792248	0,24865769336531213	
6,379579275286533E-4	0,041198835254959966	0,24817935692476606	
6,299502453135519E-4	0,041005110391144683	0,24762628626575545	
6,299468361008685E-4	0,040934665405334345	0,24728540426652604	
6,299468361008685E-4	0,040868030880096426	0,24673399262812673	
6,299400004164427E-4	0,04077935211350191	0,24647953449518722	
6,299400004164427E-4	0,04064995806457167	0,24613018734579226	
6,299400004164427E-4	0,0405749919330529	0,24573236736066648	
6,299400004164427E-4	0,040506178083611497	0,24534724587513948	
6,29939165942815E-4	0,04030264231598224	0,2428829563788125	
6,29939165942815E-4	0,04012595608031603	0,24221671611780898	
6,29939165942815E-4	0,03999151226440733	0,24180327669036178	
6,29939165942815E-4	0,03979007478816307	0,23971864690573194	
6,299368522563995E-4	0,03971137502092012	0,23931953397554626	0,049846761353527974
6,298976179624186E-4	0,03962593276057519	0,23885602336275796	
6,152237515279611E-4	0,039435834234254744	0,23635994010287922	
6,152234077825688E-4	0,039331423184441834	0,23573560759884465	
6,152234077825688E-4	0,03925809806001958	0,2354328757060408	
6,15222883425835E-4	0,03919085748909575	0,23486338796917264	
6,15222883425835E-4	0,03911401256687609	0,23419392709915612	
6,15222883425835E-4	0,03902031977363694	0,23379511283527482	
6,15222883425835E-4	0,03895488044621263	0,23348142787155488	
6,152217704933713E-4	0,03885332869286116	0,23265356474618443	
6,152217704933713E-4	0,03877480816944409	0,2320822834363692	
6,152217704933713E-4	0,038688584998411414	0,23157965267949723	
6,152217704933713E-4	0,03861594869701737	0,23108769904264168	
6,152217704933713E-4	0,038509859367507795	0,2305888756935715	
6,152217704933713E-4	0,03833210692535664	0,23018591254897472	
6,152217704933713E-4	0,038249723962644915	0,22975714488517318	
6,152217704933713E-4	0,03815925120498596	0,22948421318043347	
6,152217704933713E-4	0,0381056576539558	0,22924873295972856	
6,152217704933713E-4	0,0380388123624429	0,2286069943058725	
6,152213851778301E-4	0,03796176032614877	0,22812618864806866	
6,085257123430446E-4	0,037852678796741916	0,22779932303836223	
6,085257123430446E-4	0,03773872485425284	0,22679350972856568	
6,085237179422754E-4	0,03766418367496063	0,22644292229345558	
6,085237179422754E-4	0,037561092662163134	0,22570975246568564	
6,085237179422754E-4	0,03746305690246279	0,22506008897435975	
6,085237179422754E-4	0,0373806042151497	0,22429706213712425	0,046558075450714595
6,085237179422754E-4	0,0373188928911481	0,2238176842444191	
6,085237179422754E-4	0,037253300099518466	0,22350788287855164	
6,085237179422754E-4	0,0371338689649886	0,22308053283152898	
6,085237179422754E-4	0,0370805460894543	0,22299040523295102	
6,085123383398585E-4	0,037009013817871896	0,2225270660714858	
6,085123383398585E-4	0,03692760440692605	0,22173875959280903	
6,085123383398585E-4	0,03685711046846404	0,221078394892755	
6,085123383398585E-4	0,03670235350112365	0,21974599398454855	
6,085123383398585E-4	0,03655447911677438	0,21938152281199305	
6,085123383398585E-4	0,03648715115772261	0,21903276860619195	
6,085123383398585E-4	0,03624372565011902	0,21808796612303358	
6,085123383398585E-4	0,03605141335416063	0,2157312754134455	
6,085123383398585E-4	0,035926184061815726	0,2152014582659202	
6,085060537199046E-4	0,035846853005326695	0,21486059939022634	
6,085060537199046E-4	0,03578844208813325	0,21434448812239398	
6,085060537199046E-4	0,035645816222266105	0,21137345566953006	
6,085059554974285E-4	0,0355779330191978	0,21100873172602452	
6,085059554974285E-4	0,03552312189172068	0,2104213863300517	
6,085059554974285E-4	0,03544919785209764	0,20998756560221807	
6,085053202721696E-4	0,0353805009147734	0,2097188466978506	
6,085042530991604E-4	0,03532760781202889	0,20935021766730919	
6,085042530991604E-4	0,03520453465271102	0,20915311420304397	
6,084742870150076E-4	0,03508974570248016	0,2080717487094107	
6,084742870150076E-4	0,03494189026445679	0,2073809384783538	
6,084742870150076E-4	0,03473264859137908	0,20623698989749514	0,04294154911598322
6,084742870150076E-4	0,034635440306515816	0,20574209093748763	
6,084465346877525E-4	0,03458534941784193	0,20538224186535117	
6,084465346877525E-4	0,03449791349773513	0,20481268664464525	
6,084465346877525E-4	0,03443494218670229	0,20440119977495544	
6,084465346877525E-4	0,03435589742946807	0,2038931835210969	
6,084465346877525E-4	0,03430340830272154	0,20359270033585158	
6,084465346877525E-4	0,03421499160665486	0,20317592348575805	
6,084465346877525E-4	0,03414937860480796	0,20254199693714234	
6,084465346877525E-4	0,034096108247589484	0,20229113717428163	
6,084465346877525E-4	0,03404582921843017	0,2018080031810193	
6,084423110969086E-4	0,03393431125441124	0,2013661136239844	
6,084348005955044E-4	0,03382684171007989	0,2009251301614513	
6,084348005955044E-4	0,033759748924743024	0,2006749919737155	
6,084098051237655E-4	0,03370400570740712	0,20018347764217195	
6,084098051237655E-4	0,03355768685036526	0,19963249811698533	
6,084098051237655E-4	0,03342310698595221	0,19901580133559618	
6,084098051237655E-4	0,03337197090957288	0,1985246024670814	
6,084098051237655E-4	0,033316218021176104	0,19788995091112457	
6,084084018464464E-4	0,033265439731514086	0,19740376671442436	
6,084084018464464E-4	0,03320907895155148	0,19692312157983463	
6,084084018464464E-4	0,033052402688691945	0,19636872241237424	
6,084084018464464E-4	0,03298525615516652	0,19594321606111106	
6,084084018464464E-4	0,03290310469284699	0,19573579430993768	
6,084076923988895E-4	0,032711126255630205	0,1952147253000888	
6,084076923988895E-4	0,032581082349267404	0,19467828686697572	0,04002880162359816
6,084076923988895E-4	0,03253739413626903	0,19446942002201176	
6,084076923988895E-4	0,03246622784977938	0,19424527146782172	
6,084076923988895E-4	0,032371375622336634	0,1937341014365716	
6,084076923988895E-4	0,03232614479687948	0,1934686465885341	
6,084076923988895E-4	0,032226084655632495	0,19328253177053256	
6,084076923988895E-4	0,03217600261396095	0,1929117226102074	
6,084076923988895E-4	0,03207710900229525	0,19254223506048934	
5,802861306633815E-4	0,032002185647692555	0,19175202296741123	
5,802861306633815E-4	0,031949386246900115	0,1913408410051533	
5,802778200945797E-4	0,03190522709893143	0,19117066794822857	
5,802778200945797E-4	0,03179873153494847	0,18932573591384969	
5,802716798726884E-4	0,03175459410596446	0,18915763253475962	
5,802716798726884E-4	0,03168844776695454	0,1887285307369675	
5,802716798726884E-4	0,031613665639978444	0,18836534874444322	
5,802653970548589E-4	0,031564595878495735	0,18773099169268065	
5,802653970548589E-4	0,03146618898963702	0,18739829620838924	
5,802653970548589E-4	0,031419835616915213	0,18701599895891222	
5,802653970548589E-4	0,031354591858930914	0,18652860281182945	
5,802653970548589E-4	0,031274840245727714	0,18619120317857685	
5,802618911782127E-4	0,031228767482460486	0,1857538723629723	
5,802618911782127E-4	0,03117833959533202	0,18546214228433375	
5,658625146952292E-4	0,031097518055271976	0,18500942065133102	
5,658613353369561E-4	0,031056053522665203	0,18465381242719897	
5,658613353369561E-4	0,030958090262936708	0,1842579692662513	
5,658613353369561E-4	0,030899085196527808	0,18402274525132598	0,03763943805863903
5,65853709432363E-4	0,03081596036794703	0,1836727795907696	
5,65853709432363E-4	0,0307105472479846	0,18260612788769864	
5,65853709432363E-4	0,030559759989751148	0,1814179646984394	
5,658533339529923E-4	0,030481480781903648	0,18089297776951882	
5,658385808477689E-4	0,030444110719317092	0,18058745661450815	
5,658385808477689E-4	0,030377894948603833	0,18033721850423653	
5,658385808477689E-4	0,03033551346388846	0,1800013630149758	
5,658385808477689E-4	0,030292125533573667	0,1797969646355543	
5,658385808477689E-4	0,030260218119647044	0,17964086017465747	
5,658385808477689E-4	0,030223138831740336	0,1794118658503762	
5,658383724596865E-4	0,03018150209200783	0,17893074567473521	
5,658383724596865E-4	0,030132137037600586	0,17828933393829008	
5,658377577784005E-4	0,030072967808639783	0,17792734908806068	
5,658377577784005E-4	0,030030771917203655	0,17754870711161488	
5,658374950970202E-4	0,029981068599187387	0,1771955267742182	
5,658374950970202E-4	0,02988080680584625	0,17670264605877725	
5,658374950970202E-4	0,02981426616161323	0,17653920828462993	
5,658374950970202E-4	0,029773910402637903	0,17598130110908708	
5,658374950970202E-4	0,029729211256004317	0,17563183922923248	
5,658374950970202E-4	0,02970053927714021	0,17535549220579988	
5,658374950970202E-4	0,02958251382585906	0,1751738368558504	
5,658374950970202E-4	0,02948325867534799	0,17484620620046482	
5,658374950970202E-4	0,02943589684067995	0,17461076871114078	
5,658374950970202E-4	0,029282939151201913	0,17416581152494964	
5,658374950970202E-4	0,02924596613677096	0,17354291422899468	0,035368247883090065
5,658374950970202E-4	0,029094176989385247	0,1726654208160892	
5,658369560067442E-4	0,029032476497570615	0,17245892884830727	
5,658369560067442E-4	0,028960513670694722	0,1716866231062074	
5,658369560067442E-4	0,02887052918673627	0,171497413183486	
5,658357250675198E-4	0,02882013425242255	0,17117019372463113	
5,658357250675198E-4	0,028772285466420446	0,1709962404909241	
5,658357250675198E-4	0,028729756034101793	0,17063124864871654	
5,658357250675198E-4	0,028690309627587566	0,17018858958884203	
5,658321326556593E-4	0,02865049603793991	0,16988371828637344	
5,658321326556593E-4	0,028604167404278732	0,1696017089405308	
5,658321326556593E-4	0,028571111972420665	0,16940288709921894	
5,658315614597227E-4	0,028490428107465826	0,1689110905860499	
5,658315614597227E-4	0,028383081286848695	0,16873007980177232	
5,658315614597227E-4	0,028345173559011762	0,16849686955238188	
5,658315614597227E-4	0,02830915802567402	0,16817122624900843	
5,658313034674093E-4	0,028253960898391845	0,1678645927645051	
5,658300669631145E-4	0,028138694586661784	0,1675699192449698	
5,658300669631145E-4	0,02808997772509701	0,1671231479285692	
5,658300669631145E-4	0,028030358712490128	0,16689465710596768	
5,658300669631145E-4	0,02799331126496278	0,16668483593267422	
5,658300669631145E-4	0,02790197328370535	0,16633219537299693	
5,658300669631145E-4	0,027866445158724412	0,16587809454028246	
5,658234569190338E-4	0,027826423385992952	0,16562561413014304	
5,658234569190338E-4	0,02778256402471419	0,16500870795434952	
5,658234569190338E-4	0,027756473109199608	0,16471377308404908	0,03324703085684881
4,959314510017975E-4	0,027683576670675766	0,1644049866935323	
4,959314510017975E-4	0,027652283840944588	0,16398461743088738	
4,959314510017975E-4	0,02759424409532448	0,16364799219507592	
4,959314510017975E-4	0,02749783599977155	0,16314036381574315	
4,959314510017975E-4	0,027464765704390298	0,16269441702369206	
4,959275518375461E-4	0,02743097494338405	0,16243019010824788	
4,959275518375461E-4	0,027397176860929334	0,16209930996499078	
4,959240483592282E-4	0,027364140616867746	0,16175989910563449	
4,959208960870953E-4	0,027334870591089258	0,16145251870474767	
4,959208960870953E-4	0,027244731286038902	0,15904043283942204	
4,959208960870953E-4	0,02716935252976923	0,15886968483534247	
4,959201883570447E-4	0,027118514285160496	0,15876240994428392	
4,959201883570447E-4	0,027090927619768123	0,15843522581864206	
4,959201883570447E-4	0,02706675272748907	0,15832356894013136	
4,959169943560982E-4	0,02702131311561904	0,15813198104584278	
4,959169943560982E-4	0,02698570991946926	0,15773279063894965	
4,959169943560982E-4	0,02695503170914947	0,15740753106496735	
4,959169943560982E-4	0,026864797045191603	0,1561848355155962	
4,959169943560982E-4	0,02677070786217971	0,1551268159317034	
4,959157997796193E-4	0,02673705136466301	0,1548329478728823	
4,959157997796193E-4	0,02668808380798641	0,15452070975460105	
4,959157997796193E-4	0,02662041508044986	0,1542780303305214	
4,959134437936839E-4	0,02659581604082062	0,15408882536849894	
4,959134437936839E-4	0,02654052954218952	0,15384377652596848	
4,959134437936839E-4	0,02650752693459383	0,1535727309304205	0,031213450352635917
4,959134437936839E-4	0,026481971365954184	0,1530431939963774	
4,959134437936839E-4	0,026433428430507774	0,15277329419069482	
4,959134437936839E-4	0,026401666356255387	0,15235671277951085	
4,959134437936839E-4	0,02636174891546827	0,15207296630693393	
4,959134437936839E-4	0,026271927961978133	0,1494711156265775	
4,959134437936839E-4	0,026222664799524942	0,14928120112884408	
4,959129227836E-4	0,02617917521314369	0,1489686546535512	
4,959129227836E-4	0,026151886833485304	0,14858335233185038	
4,959129227836E-4	0,026120280150361264	0,1484580287477525	
4,959129227836E-4	0,026085582513985496	0,14802316095100912	
4,959129227836E-4	0,026062571858708007	0,14787517173933973	
4,959129227836E-4	0,026039729440620257	0,14772658841867523	
4,959129227836E-4	0,02599849512428377	0,14726672212208286	
4,959129227836E-4	0,025953463080813765	0,1470759324506356	
4,959129227836E-4	0,025911189067633737	0,14666383274992428	
4,959129227836E-4	0,025861509393660914	0,14597945316423674	
4,959129227836E-4	0,02577945805597344	0,1456744307748618	
4,959129227836E-4	0,02575380302876626	0,14541972617642707	
4,959118658078536E-4	0,025714934355447968	0,14517634360585474	
4,959118658078536E-4	0,025658255940892855	0,144956226103144	
4,959118658078536E-4	0,025629866786401872	0,14464388657086064	
4,959118658078536E-4	0,02560017473652449	0,14449663064887272	
4,959118658078536E-4	0,025571519208298553	0,14428426610486722	
4,959118658078536E-4	0,0255394942887206	0,14399116612559337	
4,959078626050934E-4	0,025502870204248955	0,14362386470757188	0,02951145941488041
4,959078626050934E-4	0,025476408455559093	0,1433362482344913	
4,959064769665116E-4	0,025446525340954942	0,14311828759782064	
4,8405083801924257E-4	0,025382603825632268	0,14292225487378696	
4,8405083801924257E-4	0,02536477865245847	0,14269845725576308	
4,8405083801924257E-4	0,025334761153790523	0,1425796888611824	
4,840502768479161E-4	0,025193303696472498	0,14213409077216668	
4,840502768479161E-4	0,025147460991887808	0,141734781324006	
4,840502768479161E-4	0,025073438104701192	0,1413826710070077	
4,840502768479161E-4	0,025019141097615372	0,14100565171757706	
4,840502768479161E-4	0,02498885449202529	0,14077077913332844	
4,840500362078255E-4	0,02494931179666215	0,1404990223000826	
4,840500362078255E-4	0,02486718660396181	0,13994289026522505	
4,8404709596003954E-4	0,024844038412199218	0,13954098318015087	
4,8404709596003954E-4	0,02480697619942626	0,13924863660084297	
4,8404709596003954E-4	0,024775874910937135	0,1389711050182812	
4,8404692680089625E-4	0,024721993726545665	0,13842266611636472	
4,8404692680089625E-4	0,024696214758582524	0,1382179800493123	
4,8404692680089625E-4	0,0246022385250682	0,13799611651504134	
4,8404692680089625E-4	0,024552958007541932	0,13786856217429458	
4,8404692680089625E-4	0,024508893780453924	0,1377219228384337	
4,8404692680089625E-4	0,02447410094572633	0,13749060015511896	
4,8404692680089625E-4	0,024453460992152495	0,13736397818334325	
4,840461356027332E-4	0,02436645355714169	0,13709693230716438	
4,840461356027332E-4	0,024344837317013833	0,13686325487171977	
4,840461356027332E-4	0,02422905580618303	0,1350223886248004	0,02774414453951478
4,840461356027332E-4	0,02418135190241566	0,13476850743988053	
4,840461356027332E-4	0,024161167437790336	0,13447764202555695	
4,840460876634255E-4	0,024134470199537315	0,1341455967113064	
4,840460876634255E-4	0,02411208992350371	0,13394652549999203	
4,840460781586818E-4	0,0240188246211092	0,13375755905419118	
4,8404601038265797E-4	0,023971982696272116	0,13343114595356492	
4,840447876742387E-4	0,023934080549580107	0,13321240786986674	
4,7460389423536196E-4	0,023907199642050677	0,1330032108431019	
4,7460389423536196E-4	0,023886391500245647	0,13284990546594477	
4,7460389423536196E-4	0,023833748218452674	0,13246871718096073	
4,7460389423536196E-4	0,023797375708451717	0,1323195230142446	
4,7460389423536196E-4	0,02372723554392687	0,1321311076736809	
4,7460389423536196E-4	0,02370374723914116	0,131753438257419	
4,7460389423536196E-4	0,02368776334071654	0,13154831175882226	
4,7460389423536196E-4	0,023662301216559878	0,13098772985598583	
4,7460389423536196E-4	0,023612600537932227	0,13080063593938818	
4,7460389423536196E-4	0,02351632580081608	0,1305545694166503	
4,562355571746384E-4	0,023477115973264105	0,13021647419960358	
4,562355571746384E-4	0,02345799878174686	0,13009134301369796	
4,562355571746384E-4	0,023359522906572856	0,12974841914261154	
4,5623548644388966E-4	0,023341270761034337	0,12957659010213537	
4,5623548644388966E-4	0,023302025481063998	0,12927536657436792	
4,5623548644388966E-4	0,023272179738987427	0,1290267780451323	
4,5623297682260527E-4	0,023252228551181253	0,12874314795256278	
4,3967668051775495E-4	0,023211524176472972	0,12847447841442536	0,026294271669651686
4,396745361795003E-4	0,02313775657790296	0,12769099536215991	
4,396745361795003E-4	0,023121103027124543	0,1275468083862582	
4,396745361795003E-4	0,023100988819320097	0,12744123005995298	
4,396745361795003E-4	0,02305515873242658	0,1273415212115201	
4,396745361795003E-4	0,02301660730958774	0,12710807293381776	
4,396745361795003E-4	0,022923434186458706	0,12692565068588094	
4,396745361795003E-4	0,02288855169990265	0,12669635257339512	
4,3672531663299896E-4	0,02284826137276027	0,12659339033316688	
4,367250227259503E-4	0,022833164420980222	0,12654595803013852	
4,367250227259503E-4	0,02281808286105612	0,12633463020195046	
4,367250227259503E-4	0,0227447982718318	0,12516856437522797	
4,367250227259503E-4	0,022726549013551835	0,12490536169313149	
4,367243287384228E-4	0,022694665793205657	0,12479373442672143	
4,367243287384228E-4	0,02266808585558802	0,12456869311140015	
4,367243287384228E-4	0,022648133276801867	0,12445298823631543	
4,3672280378066205E-4	0,022592474614526195	0,12406825563197525	
4,3672280378066205E-4	0,022502859976337598	0,1239109796828561	
4,3672280378066205E-4	0,02247767575602667	0,12366521767871594	
4,3671363168613605E-4	0,022463271687996448	0,1235609139555776	
4,3671050694026005E-4	0,022423592432336534	0,12328669499986036	
4,3671050694026005E-4	0,022399496118686735	0,12294682739295944	
4,3671050694026005E-4	0,022385245837573748	0,12284775170407118	
4,3671050694026005E-4	0,02232342578849222	0,12265144169600496	
4,3670561218721467E-4	0,02226684831130565	0,122348923039155	
4,3670561218721467E-4	0,022213487552326952	0,12215337680649346	0,024906412440001087
4,3670561218721467E-4	0,02218834217206625	0,12193107611827464	
4,3670561218721467E-4	0,022171838625586915	0,12178659898744622	
4,3670561218721467E-4	0,022143503987408397	0,12150151524182451	
4,366993511747455E-4	0,022110018967214005	0,1212836710073836	
4,366993511747455E-4	0,022086263475669107	0,1210220230875639	
4,366993511747455E-4	0,022072483383290962	0,12081493039135839	
4,366993511747455E-4	0,022047998676029436	0,12058394248645397	
4,283592552540351E-4	0,022021183221491207	0,12041790677281777	
4,283592552540351E-4	0,022008037087409914	0,12031651876424554	
4,283592552540351E-4	0,021979794964232188	0,12019426737652714	
4,283592552540351E-4	0,021963367361979763	0,12001162522979712	
4,283591028137738E-4	0,021943971527941378	0,11987506390458892	
4,283591028137738E-4	0,021924147586380238	0,11953041127018277	
4,283591028137738E-4	0,021885748879813732	0,11938184801771247	
4,283591028137738E-4	0,021817500839263017	0,1192681742783101	
4,283591028137738E-4	0,021801356539735247	0,11902386278405996	
4,2835866255274205E-4	0,021756109686192876	0,11877538376915453	
4,283571527894732E-4	0,021700492884391683	0,11831113953477437	
4,283571527894732E-4	0,021636004659519138	0,1181119622056716	
4,283571527894732E-4	0,02162128956289258	0,11799943559471612	
4,283571527894732E-4	0,02159134571768275	0,1177275660464266	
4,283571527894732E-4	0,021565014106067388	0,11754322652105685	
4,283547640291537E-4	0,021551395636062	0,11735115634649457	
4,283543112179975E-4	0,021531166694045565	0,11714435604435995	
4,283543112179975E-4	0,02152140224572049	0,11699358439673536	0,023855094248769113
4,283524450509142E-4	0,021506984653850147	0,11678647835376331	
3,98918223905658E-4	0,02146092018679578	0,11668427500666939	
3,98918223905658E-4	0,021411090519449876	0,11646996487857758	
3,98918223905658E-4	0,021400355556463704	0,11636671672737028	
3,989180580995104E-4	0,021362882065753055	0,1162039279560875	
3,9891793439599183E-4	0,021351108709897912	0,11605027706270428	
3,9891793439599183E-4	0,02132245598868781	0,11586377831488967	
3,9891793439599183E-4	0,021308479281292605	0,11571764537126837	
3,9891793439599183E-4	0,021285176869110686	0,11547023980707856	
3,9891793439599183E-4	0,021258929728495857	0,11536970595944059	
3,9891793439599183E-4	0,02123911336812892	0,11510633523637588	
3,9891793439599183E-4	0,021113454880333702	0,11363366615223246	
3,9891793439599183E-4	0,0210942021462933	0,11342041073444403	
3,9891793439599183E-4	0,02108232458837921	0,1132383692884347	
3,9891793439599183E-4	0,020963379074217404	0,11305716420373163	
3,989157595350472E-4	0,020949441682382358	0,11293474514576975	
3,989157595350472E-4	0,02092333476744661	0,11272028860010992	
3,989157595350472E-4	0,020903184467419293	0,1125143536976692	
3,989157595350472E-4	0,02087608857106225	0,1123185250219136	
3,989157595350472E-4	0,020852302331062042	0,11216004311453222	
3,989157595350472E-4	0,020840587994855584	0,1120714975461777	
3,989157595350472E-4	0,020813705922020264	0,1119546578331419	
3,989157595350472E-4	0,020763437028129758	0,11182928871862279	
3,989157595350472E-4	0,020750045179079017	0,1116588751030064	
3,989157595350472E-4	0,020739054382682993	0,11150283032787664	0,022758625039426682
3,989157595350472E-4	0,020662443101992292	0,11075035503112582	
3,989157595350472E-4	0,020637313308062934	0,1106373381773356	
3,989157595350472E-4	0,020614749455934306	0,11045227391441903	
3,9891510605636455E-4	0,020570185915459862	0,11030233032948412	
3,989115063780383E-4	0,020557997889523415	0,11019946698945685	
3,9890606656362715E-4	0,020546237990420144	0,10997471735006452	
3,9890606656362715E-4	0,020535794553804054	0,109864745818154	
3,9890606656362715E-4	0,020452673517818633	0,10932145427172221	
3,9890606656362715E-4	0,02044002792549718	0,1091037569367431	
3,9890606656362715E-4	0,02042933096308969	0,10897247190479074	
3,9890606656362715E-4	0,020404183833253133	0,10882109507414349	
3,9890606656362715E-4	0,020379092031839706	0,10869346480232904	
3,9890606656362715E-4	0,020367957516324798	0,10849079801987567	
3,9890606656362715E-4	0,02035789223087839	0,10834546573845515	
3,9890606656362715E-4	0,02034432416295381	0,1082683166409764	
3,9890606656362715E-4	0,02031902469786662	0,10815384351594566	
3,9890606656362715E-4	0,02020182468500372	0,10590970530993825	
3,989030836739713E-4	0,02016064931944136	0,10576662308597261	
3,989030836739713E-4	0,020096560940664997	0,10564736006704402	
3,989030836739713E-4	0,020085789499892898	0,10556061047096563	
3,989002331683476E-4	0,020074217374024962	0,1053212545641755	
3,989002331683476E-4	0,020057510084892063	0,10522404238739254	
3,989002331683476E-4	0,020046083971225356	0,10511843472311842	
3,989002331683476E-4	0,019974681294553806	0,10493363211096701	
3,9890012847179266E-4	0,019957326826925696	0,104756415383288	0,021575200291452573
3,9890012847179266E-4	0,01993848849225788	0,10461502839896152	
3,9890012847179266E-4	0,019913036363080772	0,10441615472268156	
3,9889205409456534E-4	0,019902449444541736	0,10428701144527094	
3,9889205409456534E-4	0,01988990301572298	0,10416100737625741	
3,9889205409456534E-4	0,01987962221514838	0,10408494079294947	
3,799106644295613E-4	0,019835565051097345	0,10380957081638925	
3,799106644295613E-4	0,01982143761245665	0,10357582862439414	
3,799106644295613E-4	0,019780369775911088	0,10341563073530949	
3,799106644295613E-4	0,019771116236683154	0,10329851466390759	
3,799092136666773E-4	0,019759510491102656	0,10315173169799055	
3,799092136666773E-4	0,019752203388046105	0,1030926303804253	
3,799092136666773E-4	0,01972372735531784	0,10293164648995817	
3,799092136666773E-4	0,019698300238562914	0,10282642820522697	
3,799092136666773E-4	0,019668844058308255	0,1025089349538364	
3,799092136666773E-4	0,019655777752133945	0,10241536108101261	
3,799092136666773E-4	0,01964973822775748	0,1023676107433643	
3,799091658556707E-4	0,019637809472312997	0,10230404518932575	
3,799091658556707E-4	0,019622607278495505	0,10220725852545115	
3,799091658556707E-4	0,01961424576261812	0,10215460702983689	
3,799091658556707E-4	0,01954367856345685	0,10210787283733817	
3,799091658556707E-4	0,01950440666910418	0,10197790574019452	
3,799091658556707E-4	0,019496500037471772	0,10190248799773388	
3,799091658556707E-4	0,019433874502289318	0,1016939486322392	
3,7074163366325024E-4	0,019412215186975022	0,10148962397857902	
3,7074163366325024E-4	0,019369549643787464	0,1014181818453339	0,020842015145184894
3,7074163366325024E-4	0,019356441836197134	0,10125795725227275	
3,7074163366325024E-4	0,019319863213058605	0,10105395822818673	
3,7074163366325024E-4	0,019272123991404624	0,10090019856398284	
3,7074163366325024E-4	0,019253921175396312	0,10076842524058507	
3,7074163366325024E-4	0,01924460903540058	0,10069276446230216	
3,7074092121834747E-4	0,019227175383038485	0,10062675402238658	
3,7074092121834747E-4	0,01921877241829159	0,10058230648425887	
3,707407539948018E-4	0,01919031644272934	0,10044547750980519	
3,707407539948018E-4	0,019141686646859647	0,10032230265108939	
3,707407539948018E-4	0,019131509833833448	0,10023131367015989	
3,3399293411982974E-4	0,019122728619548723	0,1001667292891531	
3,3399293411982974E-4	0,019113145071710833	0,10002857406799713	
3,3399293411982974E-4	0,0191039513745108	0,0998961006559182	
3,3399293411982974E-4	0,01909406740516255	0,09978962109678477	
3,3399293411982974E-4	0,019083204052756163	0,09968626934369333	
3,3399293411982974E-4	0,0190461367358841	0,09854895055260585	
3,3399293411982974E-4	0,01898442409904031	0,09847207466130405	
3,3399293411982974E-4	0,018938094345899086	0,09833220419891785	
3,3399293411982974E-4	0,018917224233972383	0,09823195887690955	
3,3399293411982974E-4	0,018892797152434696	0,09803605068442682	
3,3399293411982974E-4	0,01888773986379691	0,09796669723198864	
3,3399293411982974E-4	0,018880116626051414	0,09785173637269898	
3,1047615156414715E-4	0,018869426130248976	0,09774903324613572	
3,1047615156414715E-4	0,018858936302787482	0,09766854470886206	
