1,3005532580245118	508,08770006174063	2854,094256652569	662,5489589119634
0,8346328484447563	474,227800635073	2787,0606149412515	
0,5408739260542123	416,2832626680845	2643,9580924577563	
0,308467258083013	361,75287385424497	2503,182653925821	
0,22513944357011226	299,62522999029767	2272,645275114311	
0,17489960035391428	250,65748636305096	2111,860316295525	
0,1413856929250713	204,2120059959811	1977,1886055088676	
0,11412713656353964	168,20534525709422	1871,9098247773975	
0,10313824842270984	138,7037330228684	1684,6538461486803	
0,09417869016923806	113,05490000633718	1536,5503448369864	
0,08045454488141644	93,14654453534602	1406,2935038819453	
0,07348008758350918	77,13351894407442	1240,901914057001	
0,06481975707985196	65,09402478871976	1131,2723898035101	
0,05962117858766027	57,308333629333156	1073,3539267267777	
0,05476993631809325	49,687408691648145	998,373985358512	
0,0510252582401184	43,911083669755456	936,3438692934333	
0,04731721548342433	38,57117575475074	860,2304364081207	
0,04227505968229954	34,66225027580974	820,1930038615017	
0,038024718019419465	31,06092499031765	758,1226352461093	
0,03561219172369795	27,659555550956267	700,1861138935899	
0,03112301876530443	24,478960381863743	632,5743065410095	
0,02751408140445486	22,076005415235972	575,996229064737	
0,025072525112641363	20,177502159819277	546,8092668240448	
0,02294130751720587	17,817212408174115	486,28694537921797	
0,020989353647171916	16,276106374297413	454,5610634527088	
0,019503582414201064	14,71054056830433	420,4466292002019	64,5898250616979
0,01853945651004213	13,468979053675346	399,2751088167251	
0,01698546481336781	12,406820269599667	372,7656802811596	
0,015544536730965437	11,486285130046921	347,7989405626091	
0,014681657290375351	10,549777826100488	322,00890661348114	
0,01431443865817606	9,956992115582167	309,2627638233723	
0,01361119504584852	9,015528024175092	279,7857365352695	
0,01305434880201468	8,435190875431681	264,6239295535793	
0,011142406060163168	7,92826489370819	252,62196432235828	
0,009240329516197111	7,429073117486945	239,1622135107622	
0,008343753947641608	6,8022063888033575	219,6517191268584	
0,007604502162532676	6,302910217299053	204,38457467086562	
0,0069457624343249825	5,9431280759035054	194,94990406134133	
0,006300011899371662	5,553788136653343	181,61012870646763	
0,005977151291873923	5,379459527736802	176,91572170602612	
0,005779882621138354	5,216357190980083	172,30883977109946	
0,005670716984263696	5,065509708314812	168,33835561825464	
0,005469820412575518	4,850524762293286	162,56491296463014	
0,0054573620717963175	4,676120182782773	157,68520179695764	
0,005238043403233619	4,522076942530362	153,29463778863092	
0,005049120365859253	4,404853327226534	149,71349485193704	
0,004849301128485378	4,2127853906045685	143,75890497150266	
0,004799704067360331	4,070913589810418	138,79024057798085	
0,004458550659900865	3,908673202418575	132,57815340623705	
0,004318889787046452	3,776272193834615	128,53882580103036	
0,003922658624941092	3,692447710375599	125,94624117963022	18,788647464482413
0,0038585685763511558	3,583257191168302	122,1965727821903	
0,0037615590267329265	3,4340262780691244	115,76742610110232	
0,003739766407992071	3,325651901675327	111,95264259316902	
0,0036895093785576623	3,201637928008198	107,49457583669079	
0,0035520163192490355	3,0256145355020214	99,81748471972068	
0,002995932762709847	2,9443379612687717	97,54141684767441	
0,0029557392411068955	2,8745877661753227	94,97310756116187	
0,00291687975300633	2,791412352687353	92,23316736823544	
0,002617072665188289	2,6982203361970085	89,22188738342322	
0,002588790135293636	2,650272076707592	87,72006806297739	
0,002485462618835498	2,6043315286706545	86,53959376739257	
0,0024812916171170025	2,573453996818785	85,70699841383161	
0,002405478949266005	2,5159313176830604	83,88737300110267	
0,0023986420847928454	2,4641948220007124	82,22572029216623	
0,0023021179993185465	2,428101835710948	81,1681224984975	
0,00214721451407094	2,406708390637343	80,73088182245168	
0,0019848218624869633	2,371405729967896	79,41374329520846	
0,0019725502982187617	2,3391433874830834	78,28162384429871	
0,0019689053637927255	2,286605161892597	76,47845827726854	
0,0019384926714016376	2,2320186460741187	74,19653347720333	
0,001876447685336499	2,205215541220417	73,16984705796506	
0,0018602727623558215	2,1752547275942606	72,01747787180621	
0,0018368451364997567	2,140929276475347	70,80984983149759	
0,0017842306412585746	2,1151597478668664	69,88797481104581	
0,0017025989415680115	2,0674254071662026	67,81906332036908	10,24636873125249
0,0016995064245449423	2,04637956901532	67,16640158541126	
0,0016451896568203458	2,0304573499662584	66,7014951304239	
0,0016010330724924196	2,0061395650183824	65,80396585917192	
0,0015896538700276028	1,9842734573922067	65,20101679225174	
0,0015625150755181356	1,9473227582758372	63,80801435760674	
0,0015289032969421714	1,8821346103422252	60,86023649512416	
0,0015182044045141875	1,85515300630712	60,029671476476594	
0,001469273377289815	1,8311657567137092	59,366725605151835	
0,001457508631118282	1,7937929936942183	57,97231854144336	
0,0014565909484673945	1,7601129633065922	56,69517776489144	
0,0014376898588212767	1,7411007465557324	56,10007170633113	
0,0013727508951170858	1,7100711153757358	55,06000703928442	
0,0013675067039500635	1,683997884896294	54,14734458666704	
0,0013497911776161034	1,6602599333021086	53,391441613798285	
0,001340642695456795	1,644952008752114	52,805349424862634	
0,0013119570105802052	1,6149298423921719	51,62621717657168	
0,0013079196129259507	1,598912451092757	51,182712685045324	
0,0012999378525101943	1,568811499630572	49,85010729432669	
0,001288639033812561	1,5517479498977564	49,20883612413207	
0,0012425990055432911	1,527104432397551	48,42618547665572	
0,0012385499846511452	1,5145698442397941	48,1777782954776	
0,0012273795159339065	1,4998658048026663	47,837127708981825	
0,0011951496937688134	1,4794763046134145	46,994403247470736	
0,0011769372739890804	1,463370236901706	46,44871313205838	
0,0011575004725058807	1,441342907907407	45,52085295867147	6,945864208499958
0,0011377849540222778	1,4175511583816751	44,59861841633152	
0,001132214214649633	1,4092958353811738	44,39066069929468	
0,0011285170592461981	1,3965263387604927	43,91278784899107	
0,0011144261935906814	1,3857500278660402	43,53282830545381	
0,001098945945316245	1,349458747530157	41,94209083522781	
0,0010873590114597194	1,3381862128617115	41,602508073831984	
0,0010844102755744357	1,330509006344136	41,367901217305096	
0,0010791865516036126	1,3191281364168703	41,000247186177994	
0,0010791865516036126	1,300934688827468	40,2946241077573	
0,0010654857620199807	1,2918260496733072	40,040031526902126	
9,543091540932764E-4	1,2780528418179167	39,54081576471148	
9,539894198907782E-4	1,2714850499877999	39,370474470580255	
9,435451132060789E-4	1,255799851242929	38,81732474618397	
9,431241665643759E-4	1,2465022511721933	38,64304821856528	
9,431115289903379E-4	1,2379129042608836	38,41655443623532	
9,4089115100403E-4	1,2296759097542713	38,21773365924721	
9,319424134276021E-4	1,2185258909592653	37,80917019206493	
9,318576067336105E-4	1,2079246701730966	37,516609022637496	
9,315472546491361E-4	1,193736108085981	36,91210187274797	
9,007538431235985E-4	1,173664617646309	36,11335662265196	
8,863323088796457E-4	1,1618629829261051	35,6894335440059	
8,576572821335995E-4	1,1559354641508848	35,569005588285656	
8,576572821335995E-4	1,1477764151150813	35,31915477611782	
7,855800143431818E-4	1,1340932085774067	34,8816388632014	
7,851867869976051E-4	1,1288950760572372	34,775421894759006	5,332161080084352
7,723917821818175E-4	1,119370697556858	34,501592205889864	
7,723917821818175E-4	1,1043815827500916	33,95920561766619	
7,689363423645532E-4	1,0988357550811887	33,78401477798846	
7,615404625358488E-4	1,0828995321189157	33,30221251396777	
7,615404625358488E-4	1,0725281821550887	33,062285662701576	
7,575814496704017E-4	1,062361745848551	32,74780253765416	
7,568355328736706E-4	1,056890813295765	32,67124774794017	
7,562820642668045E-4	1,049633462458374	32,42646815379329	
7,51888265904365E-4	1,0357577221422745	31,90801722066861	
7,51888265904365E-4	1,0264702464911064	31,674007840608642	
7,500779468364202E-4	1,018616780856766	31,37763847288123	
7,500244420442195E-4	0,9930353019525086	30,19898107809057	
7,495610690660745E-4	0,9857341946268069	29,937740761011945	
7,481343914365313E-4	0,9757972600713678	29,687952547792303	
7,47298967277688E-4	0,969437993211568	29,45945969334286	
6,755966569207345E-4	0,962653534060286	29,222798440702903	
6,737125459270013E-4	0,9421708796756602	28,3396903952748	
6,725979057084808E-4	0,9379147543778936	28,19888536102477	
6,645559706723869E-4	0,9306445670292137	27,918574379892938	
6,597527143743996E-4	0,927016437950255	27,857143094188654	
6,585814728831013E-4	0,9202689938417979	27,635045196494254	
6,536902219774633E-4	0,9133942237574446	27,513229526688043	
6,536902219774633E-4	0,9073564995929709	27,37258469409239	
6,49903082282311E-4	0,8991803630959696	27,17760535113187	
5,855789660919652E-4	0,8900381049219527	26,91557264500381	4,102531217836433
5,855789660919652E-4	0,8856694195883944	26,843006754718544	
5,808655460581907E-4	0,8809126255023483	26,712032526126105	
5,139441662684285E-4	0,8772137767417242	26,58869797216264	
4,8795835889754903E-4	0,8713989250519851	26,378813775600342	
4,8722429351722053E-4	0,8663255375802751	26,26728467940906	
4,843289593143582E-4	0,8628484904659954	26,197507381330205	
4,8310703342429353E-4	0,8552290789216467	26,085014456136992	
4,81875221626622E-4	0,8449454430206143	25,7041051185889	
4,7854217883602985E-4	0,8372701467154056	25,480288386921078	
4,7447669350636994E-4	0,8300397781254212	25,200890274197253	
4,7447669350636994E-4	0,8263109257605166	25,128205486587063	
4,677244819039411E-4	0,8213030289007409	25,08261347774614	
4,677244819039411E-4	0,8186260007476749	24,996601655728583	
4,677244819039411E-4	0,8114564080503384	24,70454979721751	
4,677244819039411E-4	0,8010607357464469	24,24216301338868	
4,677244819039411E-4	0,796244641680313	24,130366067071733	
4,590319779405161E-4	0,7894400101784729	23,85109633727271	
4,529214494083019E-4	0,7849215228817957	23,706488427608402	
4,5275135900960177E-4	0,7791136502800426	23,486093314759618	
4,5264005221366935E-4	0,7741211153102482	23,305185613452707	
4,5264005221366935E-4	0,7688335473386729	23,19937807901887	
4,5254453791434966E-4	0,7580958418521965	22,74412648480775	
4,521696447816366E-4	0,7527888098519055	22,530213723341788	
4,521696447816366E-4	0,7404602411758151	21,95926943821213	
4,370772258779651E-4	0,7344362901690441	21,715515382386812	3,309511345227553
4,278648977546603E-4	0,7292117963706769	21,62208795635229	
4,278236399853926E-4	0,7236431481126293	21,43285473608202	
4,2726409309759924E-4	0,7190482433511589	21,267479556137772	
4,176822507127485E-4	0,7136545461484447	21,130375522811704	
4,145418937935505E-4	0,7079800266889285	21,09277286240277	
4,1446361442853854E-4	0,7039699545019303	21,03502924397717	
4,095662107557471E-4	0,7011183590047081	20,9731504917127	
4,064869452720708E-4	0,6930293386600027	20,753406188584187	
4,063995891493521E-4	0,6895218979925812	20,648174379443596	
4,0435058422881294E-4	0,6863675710788512	20,550556042607706	
3,6620074400559255E-4	0,6798718941253735	20,351566467938973	
3,6620074400559255E-4	0,6773977997626094	20,284524586652598	
3,6586171954990684E-4	0,672341360604993	20,093781049932133	
3,566137824167396E-4	0,6673624429638829	19,94085971127654	
3,5653678119328363E-4	0,6636002405933358	19,825916736478135	
3,5644806660378405E-4	0,6580614634093509	19,58819387119024	
3,562205482544885E-4	0,6530259184852253	19,427753756802495	
3,5438567332315583E-4	0,6491205131333233	19,2951274447562	
3,5431301610620234E-4	0,6433923920753035	19,07234469598148	
3,5431301610620234E-4	0,6405278526020615	18,96306015532174	
3,5431301610620234E-4	0,635917276534065	18,783820590139353	
3,5431301610620234E-4	0,6300029450354153	18,569763852959774	
3,5431301610620234E-4	0,6276518845028696	18,554916897540075	
3,5431301610620234E-4	0,6246711932922904	18,479005769505733	
3,5431301610620234E-4	0,6210872821343472	18,33230321201501	2,768143061319425
3,5431301610620234E-4	0,6173049997366467	18,201443916921964	
3,44210196238309E-4	0,6145785124150559	18,11304079534465	
3,44210196238309E-4	0,6090811158176127	17,931779540482143	
3,44210196238309E-4	0,6058310224917163	17,844385731497574	
3,44210196238309E-4	0,60274093950314	17,741015481490173	
3,441867480314588E-4	0,5971828685715873	17,49229871036975	
3,441867480314588E-4	0,5948832613770174	17,40498399191857	
3,434638230698643E-4	0,5927566357075255	17,34418935637192	
3,434046963718506E-4	0,5899455929953646	17,263918093290236	
3,433945962025179E-4	0,5852628950523561	17,07018206876199	
3,433945962025179E-4	0,5834108272040668	17,00690172355327	
3,4326553940854836E-4	0,5745104039078466	16,615503622169093	
3,4326553940854836E-4	0,573263797078623	16,578892731970864	
3,431147681313849E-4	0,5691707443991515	16,41237995325329	
3,398711938926903E-4	0,566093422661516	16,2991906689772	
3,398439862476563E-4	0,5632826470251724	16,182749250036046	
3,3791328819307353E-4	0,5617151269537208	16,122646423922603	
3,3791328819307353E-4	0,560250896859533	16,06706840475281	
3,3791245372668226E-4	0,5578142649862122	15,986756898671134	
3,3791245372668226E-4	0,552811832730238	15,851564943311027	
3,3791245372668226E-4	0,5511070477717536	15,809844155576252	
3,3791245372668226E-4	0,5457581312961859	15,630959787690376	
3,3758287341146046E-4	0,5439830409703014	15,60543026319982	
3,3745741868257406E-4	0,5423526562690723	15,55055945438792	
3,3745741868257406E-4	0,5405259461530378	15,490770698228264	2,362420648623031
3,3745741868257406E-4	0,5378136635138473	15,410484762193665	
3,3745741868257406E-4	0,5347127055840751	15,305908447813707	
3,3745741868257406E-4	0,5331409392900817	15,274172355392077	
3,3745741868257406E-4	0,5304364323590166	15,174889066686504	
3,3745741868257406E-4	0,5291681289637182	15,139087020046526	
3,374283037727845E-4	0,5253768183848666	15,060798055246297	
3,362483959720073E-4	0,52401787593712	15,01309461057785	
2,743541206734949E-4	0,5223615226786892	15,00194452934416	
2,621701600500032E-4	0,5176409993552902	14,852034167353656	
2,6124075675132094E-4	0,5156724262386684	14,82609728108314	
2,564723521867493E-4	0,5138579976958706	14,781576557625709	
2,5359347145774305E-4	0,512025982709725	14,713876380091426	
2,5359347145774305E-4	0,5078237134684243	14,613709776400826	
2,5359347145774305E-4	0,5056496507212294	14,576909235204566	
2,535645924784938E-4	0,5041924789500978	14,54014361552862	
2,530368889866329E-4	0,5014440174855972	14,442037449343081	
2,530368889866329E-4	0,4982673534520917	14,343376826106674	
2,530368889866329E-4	0,49602223392960093	14,288869384923968	
2,5180695782444913E-4	0,4938437305548197	14,205632770168815	
2,517259997179927E-4	0,490541121977214	14,092484277815442	
2,517259997179927E-4	0,4889248059901933	14,056948822820019	
2,5148509097377465E-4	0,4863196326799178	14,011557382546666	
2,4293035587822073E-4	0,4847049566461586	13,991920358930066	
2,4293035587822073E-4	0,4789474519958031	13,7823919251672	
2,4293035587822073E-4	0,4765773451823051	13,69167708759141	2,0715371992324862
2,4293035587822073E-4	0,47484229214894697	13,639006922769468	
2,4293035587822073E-4	0,47356254132774017	13,60759861511957	
2,389523178353422E-4	0,47173959088245515	13,551384256816975	
2,389523178353422E-4	0,467684915034259	13,412714823481384	
2,389091044109307E-4	0,46515225727052983	13,317645369269401	
2,3661978184588237E-4	0,4614114637951311	13,216777782328172	
2,3263646806963946E-4	0,4592457806033292	13,192979530292543	
2,3263646806963946E-4	0,4576244009025158	13,133108504625367	
2,3263646806963946E-4	0,45572096894023995	13,077129314063288	
2,3185590963436024E-4	0,45320259664580936	13,012053202038823	
2,3185590963436024E-4	0,45078612045024646	12,915557364660092	
2,3148001165984009E-4	0,44849566038723454	12,872951367848902	
2,3148001165984009E-4	0,44685676140045116	12,82255680651142	
2,3148001165984009E-4	0,44456006459372366	12,756259355532983	
2,3148001165984009E-4	0,4436300056954285	12,72951733266421	
2,3065844032379697E-4	0,44040474687154263	12,636315562875657	
2,3065844032379697E-4	0,438438442605525	12,578140345812024	
2,3048044360869717E-4	0,4332322203241914	12,404927322788591	
2,29838173652182E-4	0,43038257209019287	12,314771070887286	
2,2980281354209806E-4	0,4265132865229952	12,167289168078216	
2,2979300417029313E-4	0,4237782178107398	12,064011729150625	
2,2979300417029313E-4	0,4203595748883668	11,911544662841168	
2,2979300417029313E-4	0,4184150616008095	11,858758470250777	
2,2614237102115388E-4	0,41678879627273085	11,79314112124205	
2,2614237102115388E-4	0,4141789238946765	11,76759143117203	1,7828298757338854
2,2614237102115388E-4	0,41155792538790814	11,677464254277321	
2,2614237102115388E-4	0,409226055622457	11,643310513869697	
2,2547641371498386E-4	0,4087232247497219	11,629695069286274	
2,2497531494476748E-4	0,4066242426397357	11,568981152522419	
2,1212188296117367E-4	0,40463367629512875	11,513650275988912	
2,1212188296117367E-4	0,40245540256354057	11,456648199059886	
2,121038214918123E-4	0,4008393239350498	11,431590216505638	
2,1117135725191535E-4	0,39922106793461287	11,407568199763537	
2,1116926367191954E-4	0,39603065532439247	11,346538210608182	
2,1116926367191954E-4	0,3952812427632482	11,342969805215974	
2,111500311554298E-4	0,3936867884300378	11,284012297757242	
1,9825413020675296E-4	0,3922604776874325	11,244688611104698	
1,9825413020675296E-4	0,39082731459241143	11,213613880390428	
1,980101758528874E-4	0,38946010170475387	11,168929242083225	
1,980101758528874E-4	0,38863410992368436	11,13906605838604	
1,9796419089853834E-4	0,3868645955541448	11,08645049991885	
1,9796419089853834E-4	0,3856958783624052	11,051198907113468	
1,9796419089853834E-4	0,3850921889994474	11,036973349563281	
1,9788520141109607E-4	0,3835304680464086	10,989915641977602	
1,9788520141109607E-4	0,382463006034109	10,969551515713137	
1,978790654316752E-4	0,381337666853657	10,945454866848335	
1,978790654316752E-4	0,37950252071139223	10,931655980383466	
1,978110371897754E-4	0,37831112921929294	10,92340608877032	
1,978110371897754E-4	0,37584812349926294	10,88798826511734	
1,978011501379878E-4	0,37543152881967723	10,883670676951686	1,6310194284597137
1,9345883149278156E-4	0,37384984415862244	10,81846662083424	
1,9345883149278156E-4	0,3732836833148212	10,801243769354278	
1,9345883149278156E-4	0,37179844133111095	10,753502412238323	
1,9291142684871939E-4	0,3695715329069679	10,673258429510849	
1,9291142684871939E-4	0,3693199263825141	10,66871721511548	
1,9249445421109832E-4	0,3684538341940924	10,648349416163203	
1,9244851337759563E-4	0,3676431731912808	10,620035005850818	
1,9244851337759563E-4	0,3661007783423833	10,606151806683103	
1,9235400183179881E-4	0,36473422062700783	10,592532456220471	
1,9235400183179881E-4	0,36439013534113146	10,592532456220471	
1,9145382326080196E-4	0,3630879663265852	10,557048479351925	
1,8883254422855735E-4	0,36196648362391876	10,531456314872743	
1,8883254422855735E-4	0,36010065081344256	10,497452908935893	
1,8883254422855735E-4	0,3583798933581091	10,425798349180255	
1,8883254422855735E-4	0,3570262723387663	10,377425289590416	
1,8883254422855735E-4	0,3559683843636023	10,353695112630598	
1,8870421262307872E-4	0,35465801757496396	10,34117508142528	
1,885880214684148E-4	0,3534235826874737	10,322362279228205	
1,885880214684148E-4	0,3518944986955952	10,28980330713704	
1,8854666001952923E-4	0,3504688633460626	10,226764173246682	
1,8849678768695951E-4	0,3493225603456277	10,186422724084835	
1,7387378079428646E-4	0,34766706453002966	10,154118615168564	
1,7362034753086382E-4	0,3473031950435527	10,150090707116684	
1,7340785479016203E-4	0,34635346504630093	10,127875444015839	
1,7340785479016203E-4	0,3457639044274822	10,104970174567287	1,5124208935449075
1,7302909077616786E-4	0,34455431767738426	10,062012465739564	
1,7302909077616786E-4	0,3439559010571714	10,054811614385363	
1,7302909077616786E-4	0,33780735857763994	9,761156396349069	
1,7301510819368252E-4	0,33655813359239267	9,712964796342039	
1,7301510819368252E-4	0,33603671095534154	9,700262942467441	
1,7301510819368252E-4	0,3351297514326222	9,674859153879275	
1,7301510819368252E-4	0,33422724045585617	9,639553066242865	
1,7301510819368252E-4	0,3339498442086011	9,63306274454565	
1,7295830105812458E-4	0,3332693157146128	9,627545546977357	
1,7154350784514522E-4	0,3321055041712607	9,594357753560223	
1,7147336839970574E-4	0,3313467509607076	9,57695532253524	
1,714728328106915E-4	0,33096030322590253	9,573686255321846	
1,7138222448185116E-4	0,3301206808666054	9,538486873586372	
1,7138222448185116E-4	0,32889065691163344	9,49824091754345	
1,7132188705016E-4	0,3285347245926786	9,492944144862753	
1,7132188705016E-4	0,32760027775886613	9,466556483077454	
1,7132188705016E-4	0,32686919964225014	9,438584643401299	
1,7082637212279976E-4	0,3257603164101075	9,397906399246272	
1,7082637212279976E-4	0,3248054130455725	9,379550506575963	
1,7082637212279976E-4	0,3240032441224053	9,36694750566637	
1,7082637212279976E-4	0,32304620013023033	9,359592227044159	
1,7027762886349842E-4	0,3225134364473559	9,346206398795635	
1,7015257545391116E-4	0,3220164428583782	9,334451778210388	
1,692026125797558E-4	0,3214772054797022	9,330675194040678	
1,69192429173155E-4	0,3207426525086101	9,312545578176458	1,3947809042582724
1,69192429173155E-4	0,3201478632771515	9,29048164696244	
1,69192429173155E-4	0,3194833008392256	9,284257246159303	
1,69192429173155E-4	0,31900084385403743	9,273493438586407	
1,4086032985391561E-4	0,3185129543881699	9,264855734152789	
1,407068458501425E-4	0,31763660716138087	9,264855734152789	
1,407068458501425E-4	0,3168789620822059	9,233797847524855	
1,407068458501425E-4	0,3162931984674295	9,231504748966799	
1,407068458501425E-4	0,3151520524013526	9,186328155251584	
1,407068458501425E-4	0,3148991349794605	9,182615755212815	
1,2990946247822305E-4	0,3145474448773666	9,171438464178305	
1,2258477791112036E-4	0,31365787972710163	9,146135518494644	
1,2258477791112036E-4	0,312900101253696	9,116552878700116	
1,2256034824600313E-4	0,312404895661707	9,097918440712332	
1,2256034824600313E-4	0,3112986893530831	9,064230211845008	
1,225376978651898E-4	0,3111039211653346	9,059889876865107	
1,2250874030351566E-4	0,31016535171413745	9,025567338074387	
1,2245135722494015E-4	0,309654482268383	9,010288804224817	
1,2245135722494015E-4	0,3089078757937469	8,985753069745412	
1,224208404929914E-4	0,3086987831468287	8,983135083044086	
1,224208404929914E-4	0,3079757180058571	8,959626623559263	
1,224208404929914E-4	0,307732980504595	8,959518874201693	
1,224208404929914E-4	0,30747921318911386	8,955982704320647	
1,224208404929914E-4	0,30682538742781873	8,944715020490953	
1,224208404929914E-4	0,3063769096100335	8,93105481155164	
1,224208404929914E-4	0,30601566257401686	8,921581413267425	1,3372219879692622
1,224208404929914E-4	0,3020848351142506	8,729068058420049	
1,224208404929914E-4	0,30139012481958916	8,719531070555364	
1,224208404929914E-4	0,30026663391938196	8,667760412741094	
1,224208404929914E-4	0,2996948637202062	8,647007087073014	
1,224208404929914E-4	0,29947789645137796	8,640941632895487	
1,2241348396148616E-4	0,29893182176687605	8,62450415792911	
1,2241348396148616E-4	0,2984963200615462	8,613354498010713	
1,2194345074305878E-4	0,29834712935138813	8,611605358879423	
1,2166079855193447E-4	0,29786689867931776	8,599650857184958	
1,2151962941900383E-4	0,2974137519895189	8,59255710947582	
1,2151753441944786E-4	0,29706542319971946	8,586828171720313	
1,182786284715037E-4	0,2964800795504569	8,57410615466468	
1,182786284715037E-4	0,2961616980605443	8,571888151813026	
1,1761882194510877E-4	0,295028667656662	8,52625252566363	
1,1761882194510877E-4	0,2948644132167848	8,524666417201912	
1,1755277389380401E-4	0,2943293741369047	8,50143363469003	
1,1395413419635276E-4	0,29415733140374023	8,49911166396799	
1,1394665802484476E-4	0,29386368743890406	8,488144777700498	
1,1394250893548329E-4	0,2933699640442116	8,488058258193812	
1,1394229830417861E-4	0,29300722975238186	8,479478214951776	
1,1389106391351428E-4	0,29145086564816197	8,415428132074446	
1,1389106391351428E-4	0,2912056440636876	8,414631044096055	
1,1389106391351428E-4	0,29106872490923014	8,412342204360305	
1,1388670283824519E-4	0,2905685376801024	8,395356651693787	
1,1388670283824519E-4	0,2900756990557767	8,394387946176586	1,26208006407612
1,1388670283824519E-4	0,2896887144478668	8,383544345388358	
1,1388670283824519E-4	0,2889262952391984	8,359775794971117	
1,1388670283824519E-4	0,2886955623137526	8,356201597208951	
1,1388670283824519E-4	0,2885237908700551	8,354166708500664	
1,1388670283824519E-4	0,288386504001891	8,352401843176521	
1,135994860309239E-4	0,2880061552246967	8,336269294002216	
1,1300428631763284E-4	0,2876792217136156	8,32267117957955	
1,1300428631763284E-4	0,28752447681977267	8,318383543505904	
1,1300271119345358E-4	0,28713081195091356	8,310424198219772	
1,1299563135427414E-4	0,2866491875671091	8,299623421270349	
1,129762973303328E-4	0,28632395337751515	8,29692091660439	
1,1294365196078793E-4	0,2860577557816509	8,287546086547426	
1,0520533567994896E-4	0,2856733155514191	8,276432235285267	
1,0520533567994896E-4	0,2855389844637287	8,275858128217372	
1,0520533567994896E-4	0,2852426098174463	8,269659295482525	
1,0520533567994896E-4	0,28503624633571945	8,269284848684316	
9,901889216645945E-5	0,28455108372732524	8,254715938758013	
9,901654095621219E-5	0,2842231461366318	8,244580315526553	
9,899972622031714E-5	0,28408809095295295	8,242141190920787	
9,899972622031714E-5	0,283542175003072	8,220284275824568	
9,899972622031714E-5	0,28323401618269994	8,21479347699336	
9,899972622031714E-5	0,2830923013199849	8,211782454942384	
9,899972622031714E-5	0,28292880712805674	8,2106669744038	
9,841349132706849E-5	0,2825749320319281	8,202165931919358	
9,841349132706849E-5	0,2822214820041194	8,188854755814083	1,2352463222090924
9,841349132706849E-5	0,28168950854405	8,169319004439773	
9,841349132706849E-5	0,2815499615405772	8,168366922655672	
9,841349132706849E-5	0,28068409250722515	8,135612783489634	
9,841349132706849E-5	0,2805146251905937	8,13353522233587	
9,830921959710333E-5	0,2802266440153789	8,122307128536725	
9,830921959710333E-5	0,28000378517268976	8,115874001163629	
9,648522011762643E-5	0,2796033052249822	8,10051060535194	
9,648522011762643E-5	0,27915272868568586	8,08643156215558	
9,648522011762643E-5	0,27899377501396344	8,08603787452734	
9,629500929353912E-5	0,27876688121866644	8,078983414055383	
9,628746683384144E-5	0,27866900589658383	8,078817530602121	
9,628390019953812E-5	0,27856580850721113	8,077584359946385	
9,627989795513563E-5	0,2783803305880504	8,07753189572697	
9,627989795513563E-5	0,2781832548450722	8,071042040528187	
9,589763209293249E-5	0,27785504552510504	8,05750494379068	
9,589763209293249E-5	0,2777866077942447	8,056518168801036	
9,589763209293249E-5	0,27766543224734014	8,0539868511313	
9,574938631267768E-5	0,2775616097772914	8,053159194831075	
9,574938631267768E-5	0,2775087280352088	8,052817900924232	
9,574093913076509E-5	0,27733124560893424	8,0499265405915	
9,574026224737422E-5	0,27725475323182996	8,049541288876243	
9,574026224737422E-5	0,277124925834916	8,04874794983602	
9,574026224737422E-5	0,27708645308529084	8,048369897201045	
9,561908502729439E-5	0,27693380284215663	8,045554967704305	
9,561908502729439E-5	0,27665642807113616	8,035483544248692	1,2152703875496016
9,561908502729439E-5	0,2765386807571733	8,033088677899935	
9,561908502729439E-5	0,2763860916726309	8,028889976130323	
9,561908502729439E-5	0,2762961419314435	8,028889976130323	
9,561908502729439E-5	0,27611052726742125	8,021223400570175	
9,561908502729439E-5	0,276019847735226	8,020746715343922	
9,561908502729439E-5	0,27584831326486203	8,017218223795295	
9,561908502729439E-5	0,2757071105198503	8,014289379313796	
9,561908502729439E-5	0,2756469238704039	8,01422105664874	
9,557734266015648E-5	0,27549682251039437	8,009418777309726	
9,557734266015648E-5	0,27539706754705917	8,008346009929175	
9,557734266015648E-5	0,27525612173372477	8,006817352368962	
9,557734266015648E-5	0,2751306765160651	8,006457241117998	
9,557734266015648E-5	0,2750497693506136	8,006212306860505	
9,545838550464739E-5	0,27486421150073886	8,003814962471944	
9,426073150527027E-5	0,274787058982409	8,003185153330294	
9,426073150527027E-5	0,2746845253447615	8,002872449863924	
9,426073150527027E-5	0,2745873839525031	8,00277898011973	
8,691682773968758E-5	0,27449814621782187	8,00247204898253	
8,691682773968758E-5	0,2743761381427196	8,001367913546074	
8,691682773968758E-5	0,27427581917980914	7,998893713406835	
8,691682773968758E-5	0,2741547764762205	7,998777218000497	
8,691682773968758E-5	0,27399747639012806	7,993974235135921	
8,691682773968758E-5	0,27374577822339274	7,989549513275785	
8,449802696794276E-5	0,27364908613640754	7,989524298380206	
8,449802696794276E-5	0,2736069944375367	7,989304512889918	1,2091101423192219
8,449802696794276E-5	0,27355129144115914	7,989304512889918	
8,449802696794276E-5	0,27348790484908897	7,98913190761885	
8,449802696794276E-5	0,27336986405813823	7,98467812698762	
8,449776588806117E-5	0,27324080538104867	7,983384777799402	
8,449776588806117E-5	0,2731867355922884	7,983082714266665	
8,449776588806117E-5	0,2731552716335714	7,983082670977942	
8,449776588806117E-5	0,27312398005972577	7,9830661365552364	
8,446450985271152E-5	0,273014339912336	7,982631882366987	
8,321789250863794E-5	0,2729129279606188	7,982605723006181	
8,285831179591538E-5	0,2728673998888065	7,982605723006181	
7,833377018458989E-5	0,27284785225432795	7,982605723006181	
7,833377018458989E-5	0,2728061596613554	7,982489685064878	
7,833377018458989E-5	0,27266200514305355	7,980235581947914	
7,833377018458989E-5	0,2725818022498326	7,98012849909304	
7,833377018458989E-5	0,27253166838412285	7,97971837834774	
7,833377018458989E-5	0,27245174260019395	7,978894119288245	
7,833377018458989E-5	0,2723005376141348	7,975217183574838	
7,833377018458989E-5	0,27221668600654586	7,973470180405019	
7,833377018458989E-5	0,2721867037570452	7,9734450728117965	
7,830692775323642E-5	0,2720931148829421	7,973397544801163	
7,830692775323642E-5	0,2720468629456442	7,973123869134039	
7,830692775323642E-5	0,27196058878889623	7,970191755267936	
7,711348835457224E-5	0,27189289597835714	7,970191755267936	
7,711348835457224E-5	0,2718566177811367	7,970136719383702	
7,711348835457224E-5	0,27170111916044176	7,969717916420514	1,2062764092948612
7,711348835457224E-5	0,2716465006688539	7,969481520861569	
7,710350403135628E-5	0,2715529692135386	7,96873440692676	
7,620790315608061E-5	0,2714876193598972	7,96873440692676	
7,620383474336645E-5	0,2714237119715962	7,968470409662298	
7,620383474336645E-5	0,271229646874291	7,967674508169059	
7,620383474336645E-5	0,27115444622256857	7,967427062161985	
7,620383474336645E-5	0,2710994527569623	7,967387696896129	
7,620383474336645E-5	0,27106379121077767	7,967368294252968	
7,619855686642707E-5	0,27099895535839663	7,967366682649609	
7,618750458290437E-5	0,270963621273286	7,967155634831674	
7,618750458290437E-5	0,2709220153929198	7,967155634831674	
7,618750458290437E-5	0,2708809193571369	7,96713701867668	
7,618750458290437E-5	0,27084870220531887	7,9668862419334	
7,618750458290437E-5	0,27081158486821366	7,96670776648663	
7,618750458290437E-5	0,2707664013428338	7,966640188199827	
7,618750458290437E-5	0,2706880976743594	7,96661671861122	
7,618750458290437E-5	0,27060493321507645	7,96661671861122	
7,618321085019123E-5	0,2705377042249424	7,96661671861122	
7,618321085019123E-5	0,27048053641918224	7,9665880303148855	
7,616657524243505E-5	0,27044886721820705	7,9665880303148855	
7,616657524243505E-5	0,2703995293921349	7,966550028776697	
7,616657524243505E-5	0,2703550565177494	7,966546272814742	
7,616657524243505E-5	0,2702881563706288	7,9664293803294415	
7,616657524243505E-5	0,2702415476518001	7,966418747615677	
7,202094882440734E-5	0,27011880672447136	7,96634362801028	1,2049152230337874
7,202094882440734E-5	0,2700705907318243	7,9661539133047	
7,197065011614668E-5	0,27003709837219786	7,966097711396558	
7,197065011614668E-5	0,2699996976114321	7,966001253136147	
7,197065011614668E-5	0,2699505579565052	7,9659122189816545	
7,196101814007196E-5	0,26991294192060233	7,9659061757677705	
7,194728269017821E-5	0,26983317666925644	7,965797303630601	
7,194728269017821E-5	0,26980019679299166	7,9657598677076535	
7,194728269017821E-5	0,2697638917525842	7,965742522461535	
7,194728269017821E-5	0,2697392228915641	7,965742522461535	
7,194728269017821E-5	0,2696380936208875	7,965700708948836	
7,194728269017821E-5	0,26959412233781666	7,965638839411212	
7,194728269017821E-5	0,26955782511773674	7,965569786039961	
7,194728269017821E-5	0,26952408909460074	7,965569786039961	
7,194728269017821E-5	0,26947042124915216	7,965497577976319	
7,185284499188335E-5	0,2694077852442502	7,965454691352203	
7,185284499188335E-5	0,2693304302752765	7,965454691352203	
7,185284499188335E-5	0,26928599971811906	7,964726669606227	
7,185284499188335E-5	0,2692632948753298	7,964651855910525	
7,185284499188335E-5	0,2692264180665186	7,964486596172764	
7,185284499188335E-5	0,2691871794579258	7,964416316096784	
7,185284499188335E-5	0,26916387866427416	7,964402470174666	
7,185284499188335E-5	0,2691217006566756	7,964289233428198	
7,185284499188335E-5	0,26908541331192326	7,964038443121934	
7,185284499188335E-5	0,26906204675466905	7,963965467915503	
7,185284499188335E-5	0,26887667539878246	7,962656249810919	1,203754732911409
7,185284499188335E-5	0,26882253500178144	7,962626464618464	
7,185284499188335E-5	0,26878924611301785	7,962606301626043	
7,185284499188335E-5	0,2687646527367599	7,962578007722326	
7,184745877635602E-5	0,26872144595046055	7,962378212639849	
7,184739110988694E-5	0,26867817020944956	7,962146627380042	
7,184739110988694E-5	0,2686391645645878	7,962090976076873	
7,184739110988694E-5	0,26857764740907963	7,96204351884177	
7,184739110988694E-5	0,2685474040415553	7,962037418174645	
7,164860250205404E-5	0,2683203492980278	7,9522658463646	
7,164860250205404E-5	0,268295329263365	7,952171903041567	
7,164860250205404E-5	0,2681824264800878	7,951212208691827	
7,106211516406389E-5	0,2674457463086034	7,951083591766088	
7,106211516406389E-5	0,2646734114766213	7,814480109953766	
7,106211516406389E-5	0,2646400211057097	7,814479325176425	
7,106211516406389E-5	0,2646081384448744	7,814453152084227	
7,106211516406389E-5	0,2645347656198056	7,814347876652262	
7,106211516406389E-5	0,2644958055630358	7,814188223369743	
7,106211516406389E-5	0,2644326713855779	7,814188223369743	
7,101965604578691E-5	0,26439710312837117	7,814141461725511	
7,101965604578691E-5	0,2643436855109298	7,814141461725511	
7,094808877570894E-5	0,26431310817048626	7,814095718411984	
7,094808877570894E-5	0,26429164673116234	7,814035529341482	
7,094808877570894E-5	0,2642364176959387	7,81399676421971	
7,094808877570894E-5	0,26420671762368797	7,813950169965863	
7,094808877570894E-5	0,2641835054060554	7,813925202990129	1,1823049415007665
7,094808877570894E-5	0,26414714486835117	7,8138731634241365	
7,094808877570894E-5	0,26408302726412203	7,813805665897219	
7,094808877570894E-5	0,264049261005071	7,813710637881656	
7,094808877570894E-5	0,2640241412141318	7,813702316355617	
7,094808877570894E-5	0,26393250004410906	7,813664106232193	
7,094808877570894E-5	0,263902750807596	7,813664106232193	
7,094808877570894E-5	0,26388365510474066	7,813633350314363	
7,094808877570894E-5	0,2638556892487946	7,813591030863986	
7,094808877570894E-5	0,26382759464866423	7,813588159878162	
7,094808877570894E-5	0,2638166874635204	7,813576458012381	
7,094808877570894E-5	0,26380620243080716	7,813515212943912	
7,094808877570894E-5	0,26377684095995385	7,813515212943912	
7,094808877570894E-5	0,26373867433485254	7,8134860341935735	
7,094564727019417E-5	0,263707409347724	7,813437434122537	
7,084871830209307E-5	0,26368068194953276	7,813408332566699	
7,008287195096537E-5	0,2635587766469883	7,81340217100252	
6,882956965595903E-5	0,2635333306542717	7,813258356102438	
6,882956965595903E-5	0,26349827764118894	7,813244242897474	
6,882956965595903E-5	0,26346947865150444	7,813206491089869	
6,882956965595903E-5	0,26344349994730915	7,813206491089869	
6,882956965595903E-5	0,2634161379823284	7,813206491089869	
6,882956965595903E-5	0,2633923332264753	7,813164823485048	
6,882956965595903E-5	0,26336370029066597	7,813130476041535	
6,882956965595903E-5	0,26325883378046916	7,813072723047105	
6,830420478675499E-5	0,26322535718659645	7,813072723047105	1,181607112521778
6,37439529692243E-5	0,263204667646778	7,813072723047105	
6,37439529692243E-5	0,2631742070359686	7,813010135817169	
6,37439529692243E-5	0,2630915200154413	7,812975302555397	
6,37439529692243E-5	0,2630679542341211	7,8128755222836626	
6,37439529692243E-5	0,2630232165678599	7,8128677699393885	
6,37439529692243E-5	0,2630006144029128	7,812843650307022	
6,37439529692243E-5	0,2629769802850925	7,812805390884458	
6,37439529692243E-5	0,26295009736593994	7,812694510572759	
6,37439529692243E-5	0,2628709680864758	7,812536209880508	
6,373504443090328E-5	0,2628438262349062	7,812314142393846	
6,373504443090328E-5	0,26280519450199596	7,812314142393846	
6,373504443090328E-5	0,2627725604535298	7,812291787468139	
6,373504443090328E-5	0,26274958877728366	7,812209319923125	
6,373504443090328E-5	0,26273368113710033	7,812205311055538	
6,373504443090328E-5	0,26271068243828816	7,812186380399538	
6,241841476221864E-5	0,2626789026755174	7,812060204022778	
6,241841476221864E-5	0,2626329179986422	7,812050596931608	
6,241841476221864E-5	0,2625998815787409	7,812024978033962	
6,205728266448087E-5	0,2625756251974129	7,811965951198151	
6,205585250602743E-5	0,26255753599622056	7,8118941018783286	
6,200671624409748E-5	0,26252995531234546	7,811731268096501	
6,200671624409748E-5	0,26251369871749136	7,811731268096501	
6,200671624409748E-5	0,2624325567233841	7,81159236942701	
6,200671624409748E-5	0,2624107473306862	7,81159236942701	
6,183900257254662E-5	0,2623944904425835	7,811574604606778	1,180874001844086
6,145806675954908E-5	0,2623557514696686	7,811565013842593	
6,145740119217027E-5	0,26228565943430615	7,811545418910901	
6,145740119217027E-5	0,2622644791395323	7,811524318859556	
6,145740119217027E-5	0,26222266087005996	7,811459014790825	
6,145740119217027E-5	0,2621931043227979	7,8114526698531055	
6,145740119217027E-5	0,26216933121146385	7,811374511992547	
6,027034084159495E-5	0,2621151420586541	7,8113547835034876	
6,0157759632635555E-5	0,2620852008594201	7,811290610104906	
5,951628938007129E-5	0,2620516901061995	7,811151110766864	
5,951628938007129E-5	0,2613885111496236	7,779423150360597	
5,9151024890934864E-5	0,2613281008448448	7,779385011862381	
5,9146570850838394E-5	0,26129856147565983	7,779349765783825	
5,9146570850838394E-5	0,2612829273183125	7,7793026653691815	
5,9146570850838394E-5	0,26125877756873017	7,779116933302613	
5,9146570850838394E-5	0,26122378395624035	7,779100013314537	
5,910444619886431E-5	0,2611900471390326	7,779049579110732	
5,903516122757855E-5	0,26113097735246343	7,778996018700651	
5,903516122757855E-5	0,2610718423181305	7,778983355550166	
5,903516122757855E-5	0,2610443795021989	7,778950006767717	
5,903516122757855E-5	0,2610209563927645	7,7788764167700934	
5,903516122757855E-5	0,26098802949575395	7,778785105790563	
5,903516122757855E-5	0,26090194399755723	7,777912876970414	
5,903516122757855E-5	0,260819466654066	7,777580656895258	
5,903516122757855E-5	0,26079629041061314	7,7775304565395205	
5,903516122757855E-5	0,2607243297084276	7,77744435779584	1,1755518548188229
5,903516122757855E-5	0,26060169403036465	7,77744435779584	
5,7155391341607283E-5	0,2605701150469209	7,777343866275906	
5,7155391341607283E-5	0,26054777977896476	7,777264088429693	
5,7155391341607283E-5	0,26052834625904064	7,777264088429693	
5,7155391341607283E-5	0,2604949548930876	7,777024801190565	
5,704926991912699E-5	0,26047624506130906	7,777013644101222	
5,704926991912699E-5	0,26046690708399656	7,77700706837272	
5,704926991912699E-5	0,2604427041869807	7,7768620142001055	
5,704926991912699E-5	0,26041796876675805	7,776783311110205	
5,5490250163926296E-5	0,26039012733076133	7,77674450930953	
5,5490250163926296E-5	0,2603500267831547	7,77659809774441	
5,5490250163926296E-5	0,26032251158418374	7,776572245148187	
5,5490250163926296E-5	0,2603020263389653	7,776517795400175	
5,5490250163926296E-5	0,2602584341467311	7,776488539374012	
5,5490250163926296E-5	0,26022664199517925	7,776243495588383	
5,5490250163926296E-5	0,2601979724052392	7,776213827779746	
5,430415793295965E-5	0,26015926713548465	7,7762019975164405	
5,430415793295965E-5	0,260139585018408	7,776186959114116	
5,430415793295965E-5	0,2601250324624439	7,776141558250208	
5,4304007497886705E-5	0,2601126177824462	7,776084053234211	
5,4304007497886705E-5	0,2600698135454725	7,77604671600285	
5,4304007497886705E-5	0,2600568622834139	7,776032936472129	
5,4304007497886705E-5	0,260018032562158	7,77602763478133	
5,4304007497886705E-5	0,25999774617042765	7,775989419063901	
5,4304007497886705E-5	0,2599546152412255	7,77585568934432	1,1748614237126749
5,424005021355678E-5	0,25986813604551434	7,775844566722209	
5,424005021355678E-5	0,2598451520226035	7,775734430938672	
5,424005021355678E-5	0,25982314670278045	7,775663026090722	
5,424005021355678E-5	0,259774110414793	7,775645316621528	
5,424005021355678E-5	0,25975256968444227	7,775627246556829	
5,2958469311386096E-5	0,25971544948709907	7,775627246556829	
5,2958469311386096E-5	0,25969809252221	7,775596704139316	
5,2934663539660485E-5	0,25966749275419987	7,775583876080997	
5,2934663539660485E-5	0,25964704261826876	7,775532036474017	
5,2934663539660485E-5	0,25962551162727154	7,775532036474017	
5,2934663539660485E-5	0,25959552719785284	7,775467689932566	
5,2934663539660485E-5	0,2595661050255963	7,775437529169126	
5,2934663539660485E-5	0,25952758620166416	7,775409622537827	
5,2934663539660485E-5	0,25949976767023586	7,775304602914577	
5,2934632199115254E-5	0,25947326534893767	7,775156189789702	
5,2934632199115254E-5	0,2594409044935975	7,7750805851183475	
5,2934632199115254E-5	0,2593691975777497	7,774878362055286	
5,2934632199115254E-5	0,259337080102183	7,774845248646892	
5,293452531329933E-5	0,259272905316273	7,77482485607784	
5,293452531329933E-5	0,25920219344642587	7,774809767972442	
5,293452531329933E-5	0,25918751342291935	7,774803268295927	
5,293452531329933E-5	0,2591645088132398	7,774803268295927	
5,293452531329933E-5	0,2591328802146152	7,77472155644281	
5,2932728428946015E-5	0,2591160547480774	7,774668392961559	
5,2932728428946015E-5	0,2590976217936704	7,774630259821548	1,1741872669817663
5,2932728428946015E-5	0,25907823753240994	7,774630259821548	
5,2932728428946015E-5	0,25904428292762677	7,7745900312785325	
5,2932728428946015E-5	0,25901807602515126	7,774549548913525	
5,271938380129463E-5	0,2590020365302786	7,774505490423779	
5,271938380129463E-5	0,258982825346744	7,774476864662111	
5,2646349167609936E-5	0,2589516372422056	7,774467795896122	
5,2646349167609936E-5	0,25887103186321275	7,774463797175399	
5,2646349167609936E-5	0,25883284232281584	7,774448314770762	
5,2646349167609936E-5	0,2588131087585301	7,774318640364195	
5,2646349167609936E-5	0,2588006263820137	7,77430500011817	
5,264572141198886E-5	0,2587803216479287	7,774173847413409	
5,264572141198886E-5	0,2587562308406825	7,774104268113929	
5,264572141198886E-5	0,25873922029318985	7,77409435874897	
5,264572141198886E-5	0,2587181683620195	7,774028387932568	
5,2142469710035505E-5	0,2586773519510268	7,773903208312645	
5,2142469710035505E-5	0,25859662891706386	7,773903208312645	
5,2142469710035505E-5	0,258552701573756	7,773244414440576	
5,2142469710035505E-5	0,25849992269960614	7,773136150855859	
5,214213865872909E-5	0,2584819525677352	7,773136150855859	
5,2116579992500133E-5	0,25844436241845514	7,77307548574158	
5,210694493877038E-5	0,25842833914341923	7,773024624778114	
5,210694493877038E-5	0,25841501606179423	7,772971932020614	
5,210517451582198E-5	0,2583607262973351	7,772810369080555	
5,210517451582198E-5	0,25832395848276396	7,77272772717129	
5,210517451582198E-5	0,25830635934525376	7,772685724225676	1,1734768884152529
5,210517451582198E-5	0,25829189241642775	7,772685724225676	
5,209018922169204E-5	0,2582777098568448	7,772680603227631	
5,209018922169204E-5	0,2582642262020492	7,772651646716883	
5,209018922169204E-5	0,25747247915389815	7,735210826351854	
5,0701363923019725E-5	0,2574565684508707	7,735053711188318	
5,0701363923019725E-5	0,2574350893051783	7,734995424373279	
5,0701363923019725E-5	0,257412562008332	7,734750991295255	
5,0701363923019725E-5	0,2574010261611127	7,734743203249528	
5,0701363923019725E-5	0,2573804845949795	7,734743203249528	
5,0701363923019725E-5	0,25733083381160904	7,734743203249528	
5,0701363923019725E-5	0,257315325605575	7,7346873645829275	
5,0701363923019725E-5	0,25729506732404456	7,734649598813842	
4,8276112412574254E-5	0,257269273526584	7,734588986958091	
4,81507719473952E-5	0,25725522740404044	7,734518548598862	
4,81507719473952E-5	0,2572356526783135	7,734487720974789	
4,81507719473952E-5	0,257150370820876	7,73445591112501	
4,812060146765249E-5	0,2571040789571621	7,73445591112501	
4,808063981965622E-5	0,25709336840998304	7,734414980121137	
4,808063981965622E-5	0,2570528568340303	7,734414980121137	
4,808063981965622E-5	0,25703698264103975	7,734411333402835	
4,801725073353209E-5	0,2570155372571332	7,734307498771718	
4,801725073353209E-5	0,2569949693280875	7,734307498771718	
4,801725073353209E-5	0,2569879722972943	7,734299865052197	
4,8016046269533265E-5	0,25696289802158057	7,7342248047071145	
4,76860347014406E-5	0,2569468426051483	7,734218962123212	1,1676850938843564
4,76860347014406E-5	0,2569138694248065	7,734218962123212	
4,76860347014406E-5	0,25689129792857196	7,734215576455772	
4,76860347014406E-5	0,2568695431781969	7,734215576455772	
4,76860347014406E-5	0,2568569294937312	7,734215576455772	
4,76860347014406E-5	0,2568435325734426	7,734198184295094	
4,767695916620786E-5	0,2568110286783307	7,733058092032548	
4,767695916620786E-5	0,25675921557643905	7,733058092032548	
4,767695916620786E-5	0,2567444326750666	7,733050333898762	
4,767695916620786E-5	0,25672231961851166	7,732994199677315	
4,767695916620786E-5	0,25670793870739067	7,732984802660707	
4,767174225763878E-5	0,25663343661031646	7,732984802660707	
4,767174225763878E-5	0,25661294580031746	7,732984802660707	
4,767174225763878E-5	0,25657386707978314	7,732984802660707	
4,767174225763878E-5	0,256559427906387	7,7329749693074925	
4,767174225763878E-5	0,2565448773366932	7,7329405386265755	
4,767174225763878E-5	0,2565384581934281	7,732914719805618	
4,767174225763878E-5	0,2565166753830399	7,732826630437849	
4,7613853939505214E-5	0,256494005128878	7,732729652224308	
4,7613853939505214E-5	0,2564643942554822	7,732602846626804	
4,76132643652565E-5	0,2564492645688569	7,732602708249033	
4,76132643652565E-5	0,25642648434433385	7,732525481528455	
4,76132643652565E-5	0,25640337070722885	7,732511997972243	
4,76132643652565E-5	0,2563595116603222	7,732356556926676	
4,76132643652565E-5	0,25632454792425996	7,73229026969338	
4,76132643652565E-5	0,2563121889629707	7,73224242614093	1,166988710115391
4,76132643652565E-5	0,2562937260256711	7,732231977706079	
4,76132643652565E-5	0,25626438013386393	7,732183364603968	
4,76132643652565E-5	0,25624610382050067	7,732060573092826	
4,76132643652565E-5	0,25623269009415967	7,732060573092826	
4,76132643652565E-5	0,2562180102517165	7,731825335373099	
4,761119129740447E-5	0,25620354130325135	7,731704852097016	
4,761119129740447E-5	0,2561527968070199	7,731699435589993	
4,761119129740447E-5	0,2561352533143178	7,731566292089733	
4,7603625490074806E-5	0,25611037217320304	7,731456361298391	
4,7603625490074806E-5	0,25609269631179815	7,731375421349834	
4,7603625490074806E-5	0,2560637052453833	7,731284359273692	
4,7603625490074806E-5	0,25605490732573144	7,731175149375045	
4,7603625490074806E-5	0,2560449622346045	7,731096709335853	
4,7603625490074806E-5	0,25599475612742	7,731012780927764	
4,7603625490074806E-5	0,2559665250100457	7,730957483348302	
4,7603625490074806E-5	0,2559555243319793	7,730910549336702	
4,7603625490074806E-5	0,25593853662443283	7,730854116896537	
4,7603625490074806E-5	0,2559297847315636	7,730841806129046	
4,7603625490074806E-5	0,2558624426559397	7,730841806129046	
4,7338215539492314E-5	0,2558202982584497	7,730773073324607	
4,7332614586907726E-5	0,2557410940866889	7,730631346061228	
4,7332614586907726E-5	0,25566964138844506	7,730541680056194	
4,7332614586907726E-5	0,25563696912601946	7,7304718304478435	
4,7332614586907726E-5	0,2556243089602905	7,73044665062432	
4,7332614586907726E-5	0,25561099627626205	7,730441317011195	1,166143834811011
4,7332614586907726E-5	0,255580183608868	7,730324291041074	
4,7332614586907726E-5	0,25557097306434373	7,730262046137829	
4,7332614586907726E-5	0,2555623798094663	7,730262046137829	
4,726208924994261E-5	0,2554488631174772	7,730262046137829	
4,726208924994261E-5	0,25543037166259513	7,7302275094466015	
4,726208924994261E-5	0,25541752719946176	7,730138373645105	
4,726208924994261E-5	0,255402772847318	7,730124337929616	
4,726208924994261E-5	0,25535279617012985	7,730049763981559	
4,726208924994261E-5	0,25530965852029036	7,729897217732697	
4,726208924994261E-5	0,2552896932153577	7,729891443480418	
4,726208924994261E-5	0,25527234994223463	7,729829351713509	
4,1370365423429104E-5	0,2552507855350161	7,729826189845569	
4,124981014910246E-5	0,2551146761796476	7,729808798691015	
4,124981014910246E-5	0,25510718085681	7,729795714014708	
4,124981014910246E-5	0,25509256974470573	7,729762163575888	
4,1240943836255006E-5	0,25507587074012217	7,7295335662469595	
3,9534102121460354E-5	0,25505811141583745	7,729471762938899	
3,9534102121460354E-5	0,25502286939126423	7,7294263673347325	
3,9534102121460354E-5	0,2550061309402184	7,729324433995406	
3,9534102121460354E-5	0,2549502678514114	7,729273436074274	
3,953336778915276E-5	0,25493585934344304	7,729101790310102	
3,953336778915276E-5	0,254924384314012	7,7290854797002115	
3,953336778915276E-5	0,25490041747474707	7,72899965667365	
3,857697947644077E-5	0,2548446924593406	7,728886491202943	
3,857697947644077E-5	0,2548335015155954	7,728886457114455	1,1654853839126367
3,857697947644077E-5	0,2548203671831832	7,728880086319242	
3,6210055730892856E-5	0,2548093996712973	7,728873120757529	
3,6210055730892856E-5	0,2547942135064518	7,7288695038957655	
3,6210055730892856E-5	0,25477415807859055	7,728842301679986	
3,6210055730892856E-5	0,2547531850294023	7,728821220017349	
3,620492543497914E-5	0,25473924803380243	7,7288040613093925	
3,620492543497914E-5	0,2547238317372399	7,728698266687542	
3,620492543497914E-5	0,25468740835230624	7,728629046113161	
3,620492543497914E-5	0,25467457210890304	7,728551389925311	
3,620492543497914E-5	0,25463268570311415	7,728512977147761	
3,615549617501533E-5	0,25461846789851206	7,728509429317009	
3,615549617501533E-5	0,2545872662832353	7,728457543601405	
3,615549617501533E-5	0,2545680704501842	7,7284321699608025	
3,615549617501533E-5	0,2545407002664294	7,7284321699608025	
3,615549617501533E-5	0,2544966821716036	7,7284321699608025	
3,615549617501533E-5	0,2544718613780979	7,728401296391063	
3,615549617501533E-5	0,25445897726238115	7,728401296391063	
3,615549617501533E-5	0,25443005148423525	7,728345521247981	
3,615549617501533E-5	0,2543936436463516	7,728301510448301	
3,615549617501533E-5	0,2543716873458809	7,7282804427148335	
3,615549617501533E-5	0,25435421186005325	7,728259516468852	
3,615549617501533E-5	0,25434405810048716	7,728204555795716	
3,615549617501533E-5	0,2543265028974836	7,728074615746364	
3,615437103398023E-5	0,2542912186183461	7,728059416285642	
3,615437103398023E-5	0,25422309342433824	7,727939740927745	1,1648837673027812
3,615437103398023E-5	0,2541727558130469	7,727691728691412	
3,615437103398023E-5	0,2541615694241865	7,727612870252033	
3,5239496262062666E-5	0,2541478054456859	7,727557748615215	
3,5239496262062666E-5	0,2541341980172824	7,727551040530312	
3,5239496262062666E-5	0,25409203269307407	7,727382497743062	
3,5239496262062666E-5	0,25406953754564054	7,727382497743062	
3,523892610579199E-5	0,25403088195777274	7,727334276307179	
3,523892610579199E-5	0,25400002976033575	7,727310896523336	
3,523892610579199E-5	0,25398881204718177	7,727296676886107	
3,523892610579199E-5	0,2539303600450971	7,727140626424151	
3,523892610579199E-5	0,2539149329752106	7,727130753982022	
3,523892610579199E-5	0,25387234275834786	7,727130753982022	
3,515730532206393E-5	0,25386402725763085	7,727130753982022	
3,515730532206393E-5	0,2538555941809798	7,727073018509486	
3,515730532206393E-5	0,2537860643360512	7,726984565693577	
3,515730532206393E-5	0,2537488038646623	7,726983651725168	
3,515730532206393E-5	0,2537289067098118	7,7267925080639	
3,515730532206393E-5	0,2537084373726281	7,7267925080639	
3,505691819818669E-5	0,2536808073376981	7,726488252725407	
3,505691819818669E-5	0,2536692155903793	7,726437084120716	
3,505691819818669E-5	0,25363308516472943	7,726364239449547	
3,505691819818669E-5	0,2536207928318756	7,726328793309669	
3,505480142821016E-5	0,25357594570107617	7,7263217069667185	
3,505480142821016E-5	0,2535695159808364	7,7263217069667185	
3,505480142821016E-5	0,2535627112959896	7,726297338860065	1,1640899827703757
3,505480142821016E-5	0,25355061841652204	7,72597776313084	
3,505480142821016E-5	0,25354476889524574	7,72597776313084	
3,505480142821016E-5	0,2535328279865939	7,725853759143243	
3,505480142821016E-5	0,25350870994364355	7,725853759143243	
3,505480142821016E-5	0,2534793874438232	7,7258121980433705	
3,50389122556253E-5	0,2534668901267456	7,725739600921124	
3,500378602233047E-5	0,2534419080511217	7,725249207802645	
3,500378602233047E-5	0,2534069349543927	7,725059066836968	
3,500378602233047E-5	0,25337542932052404	7,725052083687871	
3,500300479892206E-5	0,25336229448327596	7,724848137263849	
3,500300479892206E-5	0,25333638333911684	7,72482771175866	
3,500300479892206E-5	0,253324749727535	7,724825703262431	
3,500300479892206E-5	0,2533151378974527	7,724699745911891	
3,500300479892206E-5	0,2532999477596271	7,724699745911891	
3,500300479892206E-5	0,2532839171173707	7,724694610149446	
3,500300479892206E-5	0,2532674719967489	7,724623993278227	
3,500300479892206E-5	0,2532295485786546	7,724489568245434	
3,500300479892206E-5	0,25320214790294177	7,724489568245434	
3,500300479892206E-5	0,25318832090859833	7,724378003079056	
3,500300479892206E-5	0,2531731223665003	7,7243035219042175	
3,500300479892206E-5	0,2531110392016915	7,724278524565306	
3,500300479892206E-5	0,2530947640924763	7,724247839954046	
3,1941062591903724E-5	0,2530710381750765	7,724185946116938	
3,1941062591903724E-5	0,25306158160765874	7,724166967578141	
3,1941062591903724E-5	0,2530158176519761	7,724116018125549	1,1635985700300562
3,1941062591903724E-5	0,25299846017475364	7,724059892626437	
3,1941062591903724E-5	0,25297146299485185	7,723917516918471	
3,1941062591903724E-5	0,2529515575775401	7,72345957386683	
3,1941062591903724E-5	0,25290513684229177	7,72328125505842	
3,1941062591903724E-5	0,252852434055826	7,72328125505842	
3,1941062591903724E-5	0,25284300229046164	7,723154966228725	
3,194084252422584E-5	0,25282553105076744	7,72313000591946	
3,193979900428227E-5	0,2525632062318231	7,71374610551172	
3,193979900428227E-5	0,2525110386096203	7,713701271349607	
3,193979900428227E-5	0,25249431315608656	7,713297001525649	
3,193979900428227E-5	0,2524832734109308	7,713223877600899	
3,193979900428227E-5	0,2524693043022955	7,713223877600899	
3,193979900428227E-5	0,2524357530150054	7,713201387756055	
3,193979900428227E-5	0,2524183720240228	7,713145792111816	
3,193979900428227E-5	0,2524079001496966	7,713062569569973	
3,193979900428227E-5	0,25229788896761923	7,713062569569973	
3,193979900428227E-5	0,2522819437707425	7,713027032766396	
3,193979900428227E-5	0,252241111554011	7,712933164287372	
3,193979900428227E-5	0,2522181606202865	7,712897397025252	
3,193979900428227E-5	0,2522014348917386	7,712751256915283	
3,193979900428227E-5	0,25216379488208424	7,712722767566366	
3,189283798468805E-5	0,252143274061502	7,71269602472199	
3,189283798468805E-5	0,2521333514949411	7,712645778412463	
3,18883346832398E-5	0,25210648043426725	7,712508928211524	
3,18883346832398E-5	0,25207080867877735	7,712495687722898	1,1614728767752052
3,18883346832398E-5	0,2520592317842192	7,712484164174397	
3,18883346832398E-5	0,2520088902173579	7,712409315062359	
3,18883346832398E-5	0,251970605102807	7,712392656968928	
3,187778004470349E-5	0,2519234801876083	7,7115312257074295	
3,1855219184464184E-5	0,25188743042097267	7,7115312257074295	
3,1855219184464184E-5	0,25184034483088774	7,7115312257074295	
3,1855219184464184E-5	0,2517994401179546	7,71152454954441	
3,1855219184464184E-5	0,2517670416492519	7,711491500232629	
3,1855219184464184E-5	0,25175571168402444	7,711353885658204	
3,185424388388554E-5	0,2517451882500344	7,711304879358928	
3,185424388388554E-5	0,251733619710644	7,7112537759862585	
3,185424388388554E-5	0,2517248703704677	7,711241077961018	
3,185424388388554E-5	0,2516977166381282	7,711205062225435	
3,185424388388554E-5	0,25168396209165816	7,711181019475516	
3,185424388388554E-5	0,246783663218905	7,46655557091028	
3,185424388388554E-5	0,24677031224318824	7,466548951975008	
3,185424388388554E-5	0,24675535083819686	7,466510049164559	
3,185424388388554E-5	0,2467401627906245	7,466465048286226	
3,185424388388554E-5	0,24671262359506962	7,466400895672523	
3,185228425440842E-5	0,24669819850131283	7,466400895672523	
3,185228425440842E-5	0,2466887635935356	7,46621815264491	
3,185228425440842E-5	0,24666075051019173	7,466193688366109	
3,163645422298261E-5	0,24664184359043656	7,466092491557367	
3,163645422298261E-5	0,24661995014554017	7,466076525368526	
3,163645422298261E-5	0,24660841654520674	7,465845690448515	1,126921436092028
3,163645422298261E-5	0,24655298719528573	7,4657373455456835	
3,163361072907242E-5	0,24652165281911004	7,465595176842547	
3,163361072907242E-5	0,2465111183114652	7,465592029062363	
3,163361072907242E-5	0,24649382186292804	7,46557158436575	
3,1633117393468177E-5	0,24645032298773104	7,465512769039546	
3,1633117393468177E-5	0,24642986904854466	7,4654640044649385	
3,1633117393468177E-5	0,2464082867386648	7,4654617673372545	
3,1633117393468177E-5	0,24636659569183667	7,465339427994443	
3,151667202591746E-5	0,2463420545595872	7,465339427994443	
3,151667202591746E-5	0,24631930554122955	7,465278227672906	
3,151667202591746E-5	0,24630064838493	7,465278227672906	
3,150673652444573E-5	0,246294104124867	7,465247582510836	
3,150673652444573E-5	0,24623479239106197	7,4652188692806565	
3,150673652444573E-5	0,2461204844475946	7,460440513086944	
3,150673652444573E-5	0,24610361224072252	7,460373565005775	
3,150673652444573E-5	0,24606607432756378	7,460331328610641	
3,150673652444573E-5	0,24605230873124576	7,460290009655037	
3,150673652444573E-5	0,24604676381841556	7,46027361660247	
3,1105308139553344E-5	0,24602713080345853	7,460205579224861	
3,1105308139553344E-5	0,24597371778650182	7,460117382382464	
3,1105308139553344E-5	0,24595421057506697	7,460065163990652	
3,109273451867587E-5	0,24593522872472917	7,460065163990652	
3,109273451867587E-5	0,2458770765574499	7,459884311353722	
3,109273451867587E-5	0,24585928616482008	7,4597452052129	
3,109273451867587E-5	0,24584470870861458	7,4597452052129	1,1255642086382773
3,109273451867587E-5	0,24583822883402967	7,45971279389445	
3,109273451867587E-5	0,2458164057581465	7,45971279389445	
3,083045826544358E-5	0,24578203295323647	7,459708471875071	
3,083045826544358E-5	0,24577400932094903	7,459647983291162	
3,083045826544358E-5	0,2457122273250983	7,4595812754105975	
3,083045826544358E-5	0,24570247253578548	7,4595812754105975	
3,083045826544358E-5	0,245694277140217	7,459510903280776	
3,083045826544358E-5	0,2456839951603336	7,459495514277743	
3,083045826544358E-5	0,24565018995393714	7,459456177038292	
3,083045826544358E-5	0,2456383152978917	7,459318956310401	
3,082723162915098E-5	0,2456278523736025	7,459318956310401	
3,082723162915098E-5	0,2455961855255185	7,459264594933983	
3,082723162915098E-5	0,24558789321471522	7,459260141454929	
3,078297372176921E-5	0,2455612818008655	7,459148738171766	
3,078297372176921E-5	0,2455291037671169	7,458819547072564	
3,078297372176921E-5	0,24552022650665975	7,458781431092621	
3,078297372176921E-5	0,2454826109312676	7,458735425502892	
3,078297372176921E-5	0,24545505984022245	7,457924464026237	
3,078297372176921E-5	0,24540324713120173	7,457924464026237	
3,078297372176921E-5	0,24538013569161937	7,457922352577798	
3,078297372176921E-5	0,2451258200655269	7,445917161160903	
3,078297372176921E-5	0,24511863019198668	7,44590153026501	
3,078297372176921E-5	0,24464940206053704	7,445901450455296	
3,078297372176921E-5	0,24462825507954772	7,4458687146118265	
