7,069595392181664	70,18923336719939	125,60735415948666	33,680151221439935
6,39057379247905	400070,0807867337	1,0000110546456467E7	
7,167707899782568	800071,8789816899	1,0000110552735709E7	
8,34395970566251	600071,467833519	1,0000113743929824E7	
7,704879443482785	600072,9203764874	1,000011231030809E7	
6,82072955003972	800069,7984966666	1,000011176597073E7	
7,603930725866362	1400072,5639151204	1,0000113497177003E7	
7,744996260476946	1400073,0368794897	1,0000115006627183E7	
7,538878014006898	1000072,4411277798	1,0000112036827141E7	
7,6233797158874825	1200072,8860731465	1,0000115303659573E7	
7,914230560688912	800072,7242887495	1,0000111281264773E7	
7,215760377258116	1400070,6009263631	1,000011246451291E7	
8,626729955889813	1000072,1315956045	1,0000112030099114E7	
8,723185725041242	1200073,2360174195	1,000011562056118E7	
7,941000749945877	1600073,3794046852	1,0000112991153719E7	
7,93627021024716	1800071,2183898883	1,0000112464229254E7	
9,03665561118032	1200072,3715780622	1,0000113473223483E7	
8,770750399055032	600073,6032673793	1,0000114118322859E7	
8,469678114466571	400072,1649055071	1,000011093577099E7	
9,63424490581941	800072,8398772384	1,00001138393605E7	
8,817242968857142	200071,02351212502	1,0000111760526463E7	
7,311335514911821	1200072,8724602826	1,0000114067078084E7	
8,062111326077897	1000071,6918420165	1,0000114479621338E7	
8,131240531922753	800071,8816865468	1,0000112654361386E7	
7,161719096323568	200071,30733003118	1,0000112199709874E7	
8,092382232479823	600073,1318051474	1,0000112954881733E7	2374896,8238773276
8,369999330305893	600074,7251138703	1,0000115255471675E7	
9,584857949507303	2200069,4333939375	1,0000110302745007E7	
7,317519731076752	2200072,5314430473	1,0000115239417845E7	
7,632816325188462	1000071,0761143301	1,0000111132134045E7	
6,939166081798044	1000073,1774799556	1,0000115268283114E7	
8,02946197088561	600069,7552897168	1,0000107701225461E7	
7,928906900729262	73,8299735465118	128,04581678655862	
7,597102439275841	800072,6828705296	1,000011328977738E7	
8,668266996756271	1000073,3336585037	1,000011390140546E7	
7,9229960531997285	800070,7692209692	1,0000111678368717E7	
8,475008252820343	400072,9365490055	1,0000112400584606E7	
7,953274075509817	1600068,8896370118	1,0000111278518721E7	
8,692470869633716	800072,4213433525	1,0000113312366394E7	
7,511675971656689	1400071,5879047057	1,0000112359861275E7	
8,19986311012807	800072,4094770078	1,0000111613676485E7	
7,418155885839715	400071,43327759765	1,000011226932231E7	
7,712048768040797	1000073,0006751957	1,0000112818701707E7	
8,494554070970388	600071,5777317359	1,0000114382754149E7	
10,008554922026484	200073,71184823822	1,000011248275499E7	
8,237747099753385	400071,69045068714	1,0000110915708877E7	
7,766385429092736	600073,2553085864	1,000011529753475E7	
7,327880645114835	600072,6598400706	1,0000112658422034E7	
7,053423538482954	600073,2709579881	1,0000115923607994E7	
8,208961225514887	200071,57475211966	1,0000111576792557E7	
8,27156183340102	400071,8803570831	1,0000109002732717E7	1959618,766531035
7,141498393440893	1600070,5787437456	1,000011038243982E7	
8,183154234745214	72,28639716848507	126,05684290369834	
8,508263889074602	1200074,2007512106	1,0000114883442324E7	
8,294635329590431	1000069,9029066912	1,0000110002519026E7	
7,676633524698782	1600070,8351337598	1,0000112214060985E7	
8,409843862304754	800072,479807321	1,0000112721837102E7	
8,135823090332899	200075,79482957642	1,0000114710619329E7	
6,967920865008526	800072,3115212118	1,000011155172441E7	
7,4295227796655805	1400071,5555697682	1,0000112761332173E7	
7,619783184070213	2000069,124078324	1,0000110353804372E7	
6,977701076785192	1000068,4566093549	1,0000108602952553E7	
9,260276434841542	1000073,9622216638	1,0000111882102689E7	
7,643505896722952	800072,2871815573	1,0000112742182394E7	
8,804816102591586	1000074,8139686144	1,000011626495309E7	
8,721040510887581	73,35054005916786	128,0297970530356	
7,107382126520613	1400069,4831075657	1,0000109835868208E7	
7,581299276456499	200072,75592601276	1,0000114187430348E7	
8,307216078469187	71,81416852885197	127,34704304067387	
8,160843492929018	1200072,8755668048	1,0000113792676918E7	
7,523209499107966	1000069,6438664466	1,0000111613803249E7	
7,574140671097529	1000073,6121483435	1,0000115270326115E7	
7,514192055401266	1000071,0748945194	1,0000112129317319E7	
7,144474005743437	1000071,692223319	1,0000112503054729E7	
8,80948302932198	1200071,855530588	1,0000111534658E7	
7,821973699052272	400071,7656396939	1,0000109529683758E7	1959619,645248476
7,120890638118642	1600069,561600796	1,0000109503233468E7	
7,908196017470846	1800069,2490472088	1,0000112118509829E7	
7,520004316145428	1200071,7573199822	1,0000112081678338E7	
8,172655019134629	600075,0776678891	1,0000113916140324E7	
7,899162552578875	800074,9225700625	1,0000113784608884E7	
8,332142897111662	1400072,4801675556	1,0000112623453217E7	
7,5030864892417934	1000073,3980914009	1,0000114068133399E7	
8,136275035219704	1000070,8721594805	1,0000110920415267E7	
6,784853079691261	800072,01263396	1,0000113029814208E7	
7,615285549992612	600073,6734828849	1,0000114516630389E7	
7,569169638494848	200072,48010539886	1,0000114072377449E7	
8,060358499841238	400072,2867669198	1,000011129421316E7	
8,160606207977759	1600072,1450474127	1,0000114216678398E7	
8,304587456735314	1400070,1398181997	1,0000111296569236E7	
10,355119301602171	800071,7839888368	1,0000113381809015E7	
7,231937812270364	1000072,2409041275	1,0000113073550375E7	
8,060530320716536	600072,5243874784	1,0000113078161784E7	
6,542996123131636	600069,9944210333	1,000011035861409E7	
8,712744444010575	600072,2982980472	1,000011318042443E7	
7,4415103201536	1000072,5709107337	1,0000115770151064E7	
6,373119723214211	400073,6107669814	1,000011420084916E7	
8,039062481551793	400073,3574636758	1,000011575349235E7	
8,27715620732426	1000071,6186673854	1,0000110858951872E7	
8,15568836751904	1400072,6750767243	1,000011496218585E7	
7,425077933285404	600073,672596874	1,0000112574041398E7	2374896,163233535
8,482995409022195	800071,2208615079	1,0000111691837322E7	
8,687627503532113	800073,3993785405	1,0000112275548128E7	
6,869096092717913	1200071,522423803	1,0000111537005143E7	
8,189113994239655	600073,2729102559	1,000011449442997E7	
7,686381384867339	400073,7019369008	1,0000111802519353E7	
7,381534529772685	800071,4431544351	1,0000111490677686E7	
7,366902420323263	600070,1002671887	1,0000110507026685E7	
10,524613524719957	600074,6762516832	1,0000114339508666E7	
8,033716020680224	1200073,603658655	1,000011318426364E7	
7,750248165828253	1400073,6359412041	1,0000114298987841E7	
7,5225600981349725	1000073,0072261839	1,0000113783824518E7	
9,176879955053893	1000073,5799753872	1,0000114640631994E7	
6,332843810387967	800073,1929610383	1,0000113191031948E7	
7,545074891721701	1000073,4498998385	1,000011337035413E7	
8,024808804269398	1000073,0474646091	1,0000112467489878E7	
7,504987731155182	1000072,4323448106	1,0000113151804242E7	
7,755686155494202	1000074,3751346021	1,0000114003011554E7	
7,751373366049727	400073,05943432	1,0000111286993E7	
7,5508189829292975	1000072,8956028958	1,0000111860850088E7	
8,163634687024876	400073,46330111776	1,0000113511330577E7	
8,646521135613492	1200069,542407059	1,0000106884701723E7	
7,213581979711242	600071,9109872747	1,0000112871217292E7	
7,574866620105227	400072,18011003616	1,0000112430454845E7	
8,384978916681382	2000073,2687828082	1,0000115814190654E7	
7,516673060315745	600071,5016428132	1,0000111738813736E7	2374897,050333136
7,395672706985283	1000072,4489106223	1,0000115210859474E7	
8,592788816116961	1200071,9453321502	1,0000112566724543E7	
7,478700998754619	74,01757333883356	128,02637486695482	
7,7087627035471264	1000069,543811822	1,0000110180833342E7	
8,402752426376287	1800073,0463746127	1,000011417889447E7	
6,933521988912507	400072,3520520993	1,0000111493755156E7	
8,552247592551373	400073,2848345762	1,000011419627058E7	
7,358720900667484	600071,3749550179	1,0000110188306453E7	
7,435331290055173	200073,38360606742	1,0000112161706204E7	
7,311007438976378	800072,4523398649	1,0000113420329977E7	
7,642054981294938	1200074,2849905987	1,0000117008052558E7	
7,999215507790893	800072,4519554474	1,0000113914260909E7	
7,9681686659037565	600072,5783507202	1,0000112681493485E7	
8,437056121910324	1600072,1830593634	1,0000111122237254E7	
6,413376378848756	1600070,7984566966	1,0000110739360752E7	
8,313306560219825	600072,9304224957	1,0000113141462231E7	
7,925675440808712	600071,536438725	1,0000111673951091E7	
8,003936718129992	1600071,748722466	1,0000113710177742E7	
8,547923803333545	400073,0983262755	1,0000112307815097E7	
8,555169300972727	1000072,1866232221	1,0000113776720833E7	
8,255709301046496	600072,9503565595	1,0000112903813414E7	
8,642836922769682	400073,85547153867	1,000011346639579E7	
7,260779181361142	400072,6990919255	1,0000113194653934E7	
7,93766624721809	600074,2823778703	1,0000116344546502E7	
8,414254584167484	800072,0748098005	1,000011183951491E7	2712960,252391715
7,943272410181203	800073,113758606	1,0000112959919596E7	
7,428636594665445	1000073,1599661735	1,0000112269278372E7	
7,766970253382238	400071,22214099346	1,0000109841638379E7	
9,331640442187886	400073,4480481009	1,0000113300835095E7	
8,124206234285191	600074,1153007584	1,000011223532266E7	
8,348116987541875	800075,0893398598	1,000011653239708E7	
8,27939143185364	71,84247114322197	129,1780199789323	
8,724572296450726	800073,179284706	1,0000111214104393E7	
7,425560092808082	600076,0775452503	1,0000113808511617E7	
7,3095196386845025	1400072,3824937346	1,0000113013758335E7	
9,14973706597057	400074,9987154441	1,0000115087558066E7	
8,022939283793479	800071,3600127232	1,0000113520015394E7	
8,345033117098623	400072,29387676227	1,0000113309734078E7	
7,676306771290923	1000071,9860170461	1,0000111378093356E7	
7,413088121187834	800073,5449779504	1,0000113197121924E7	
8,64116443352534	800071,8233686349	1,000011102968348E7	
8,609170632564505	1400070,5297857726	1,0000110539390715E7	
8,59153760031336	1200071,8923806578	1,0000112054494042E7	
8,911128075434513	1600071,3503018224	1,0000112481627448E7	
8,586404927358869	1600070,7567318091	1,000011053469243E7	
8,610305794101034	1200072,2209127583	1,0000112102888828E7	
7,6157390346245935	800071,6346114128	1,0000111930831116E7	
8,522313507356037	600073,178653938	1,000011318764258E7	
7,712431202394821	1200074,7312532505	1,0000116797946557E7	
7,478335510033869	800072,238951388	1,000011325769987E7	2712959,986321513
7,948810969944743	1600071,1404487072	1,0000114153454037E7	
9,52011306975614	600072,3668926273	1,0000111095361311E7	
7,586614080642096	200072,47985649708	1,0000112136520697E7	
10,416498271844235	1200073,8020975257	1,0000114929848757E7	
8,255571793861229	800071,5464543257	1,0000113531613236E7	
7,526778425640292	1400071,0590120757	1,0000111858035816E7	
7,271821504109766	1800073,685538019	1,0000113663393125E7	
7,59845522531439	73,5602277680332	129,70707300088546	
8,289265245168089	800071,0970844087	1,0000112825115804E7	
8,21005791510275	1000070,7870358829	1,0000111458382543E7	
8,247788303486164	400073,5670749348	1,0000112417928724E7	
7,217314474797511	1400071,438405191	1,0000112253593309E7	
7,4405233645440365	600071,9182808092	1,000011129037605E7	
7,792448105058888	400071,9157594791	1,0000112674744159E7	
8,143908836545897	1000071,707957802	1,0000113668210184E7	
8,655524426588041	1800070,7517437725	1,0000111819925139E7	
8,033997854318997	1200072,564877082	1,0000114153923582E7	
7,721078062150493	1600070,0759731152	1,0000112529906001E7	
7,312876593248484	600071,9031558529	1,000011158752364E7	
8,344305264805616	400073,02166313864	1,0000113857592814E7	
7,76340655663759	600071,4853524141	1,0000113271040168E7	
8,261218246404528	1400073,2079794696	1,0000114990166683E7	
7,793667164999839	200075,1675415592	1,0000114258840267E7	
7,6241176283461405	800073,3110722052	1,0000114106714373E7	
6,917701677278391	2000070,7870442697	1,000011211462925E7	4000027,288427907
7,115614221565716	2000071,470692808	1,000011285971097E7	
6,902155456912885	1200070,5105945847	1,0000111785289116E7	
9,377908491542296	2800071,6240013503	1,0000115084923413E7	
7,836298240072056	800071,9060633171	1,000011237165673E7	
9,720335350632588	1400073,2822526745	1,0000114644641405E7	
8,02103447410845	400074,0919304077	1,000011322113829E7	
6,831698119179882	1400069,7273270548	1,000011129095097E7	
9,07355753584281	600075,6634589928	1,00001168135348E7	
7,489298395647379	200072,41647340168	1,000011256466308E7	
6,602857988823285	600070,8280334522	1,0000111115472233E7	
8,420400845438197	1000072,0912601766	1,0000112947069643E7	
7,7236140630368935	600073,5435831943	1,0000114520877477E7	
9,239572323129657	2000072,0234815853	1,0000113552345103E7	
8,074916854853956	1600072,212947326	1,0000113529351084E7	
7,367023484786916	1400071,618911293	1,0000112186367847E7	
7,381986000806272	600071,4168261373	1,0000111350504797E7	
7,842269066717012	1200070,6577574953	1,0000109907241922E7	
8,467258706010147	800073,5992136432	1,0000113737501439E7	
8,775334408115192	600072,2937800076	1,0000111105892256E7	
8,458182089751364	1200072,308055137	1,0000112278657889E7	
9,715484605481755	400074,3771366011	1,0000114601867175E7	
7,999639740146576	1400072,3177405528	1,0000114806243189E7	
7,323001119117237	1800070,7263728627	1,0000111671690194E7	
8,397917138713488	200075,08317263972	1,0000114152883643E7	
8,260524051572808	1800069,4664488204	1,0000109918229649E7	3841901,080891166
7,949364804645797	200072,10282847908	1,0000112077820733E7	
7,854896956068527	400072,8249542354	1,0000113411191856E7	
8,716546899597532	800070,94506802	1,0000110008108538E7	
7,656434838582932	1200074,0577391887	1,0000115431797331E7	
7,966021625878086	400070,88409169967	1,000011141399867E7	
7,780889176311481	1800070,6838615611	1,0000111588895654E7	
8,046850270612682	600071,0156831775	1,0000111879638173E7	
9,077465303766678	1400071,940114021	1,0000112635713307E7	
6,606151193635503	1200072,3014767317	1,0000114248502431E7	
8,176071051848476	1600072,0061227698	1,0000114148027437E7	
8,552181565692132	1000073,8930162368	1,0000114008811714E7	
6,708345650236107	1600071,3911286274	1,000011171069184E7	
7,184016624095668	800071,9365620095	1,0000113839729289E7	
8,161556746820757	1000072,1946729377	1,0000112711107912E7	
7,4794475658740005	800071,1849248809	1,000011156681015E7	
7,648428561908813	1000072,2162888371	1,0000112657785885E7	
8,503453320847779	2000072,0392699337	1,0000114823284095E7	
7,6615230024391705	1200071,888678389	1,0000111931414973E7	
7,201478450681593	1000074,3446440422	1,0000114318665914E7	
8,893759763967322	1000073,1016168726	1,0000112042518372E7	
7,312430911187266	200072,76892200953	1,0000113052521449E7	
9,908625956359762	1600074,14427764	1,0000114812910782E7	
7,797031132575346	2000070,7161092127	1,0000112145092826E7	
7,567316267570436	800071,7631466241	1,0000111989648484E7	
8,18537093603941	800069,4271449922	1,0000108641853787E7	2712958,8942031097
8,291832328456664	800074,7050828804	1,0000116117748443E7	
7,37457760707092	600072,3309559074	1,000011133988212E7	
7,693857922685408	600070,3438968589	1,0000110578944486E7	
7,202016134975782	400072,87891748466	1,0000113138444789E7	
8,339297971383957	1000073,4895456227	1,0000111972143317E7	
8,089296752665094	600070,3911429204	1,0000109546095835E7	
9,386547789912207	1400071,4979087443	1,00001122365781E7	
7,430089720712894	1200068,246899213	1,000010930326751E7	
7,678025891533282	400071,35933612095	1,0000111027723668E7	
7,738294018669844	1200070,3062834002	1,0000111834492872E7	
8,505644841091707	400073,34604237514	1,0000112896989577E7	
8,113912082571568	600073,3813411962	1,000011230329254E7	
8,379711910345486	800071,3879254768	1,0000110850807194E7	
8,677298974467698	1200072,3545669643	1,0000113352468152E7	
7,663740670133372	600071,515409532	1,000011383379104E7	
7,142274856415981	800071,815006084	1,000011204911818E7	
8,062280336726367	400073,4062009111	1,0000112431378039E7	
9,20089441316652	1000074,0577848149	1,0000114186428638E7	
7,3662806068362485	1000074,8745325276	1,0000114696852628E7	
7,36116478367268	1400070,0396176544	1,000011017788431E7	
7,481759004770629	800071,8358598441	1,000011100049944E7	
7,500830785984644	1000073,1484260148	1,000011394517369E7	
8,58500602967733	1200072,8228657024	1,0000114325625602E7	
9,458443597081017	1400072,7654064745	1,0000112138205044E7	
7,357036630013656	1200071,3676241045	1,0000114143150173E7	3249643,92497474
8,24363964565698	1000072,997912805	1,000011300646767E7	
8,606303870432018	400074,9996565137	1,000011402230806E7	
7,798787308752392	400073,37590915465	1,0000114530266443E7	
7,848517140328458	800071,3873850948	1,0000111588810725E7	
8,452162206922003	400073,3284390587	1,0000113239842629E7	
7,277025157877111	400074,7479708863	1,0000111658769252E7	
7,932736037517673	400073,8600707568	1,0000113927022051E7	
6,925547223770947	400074,36204697407	1,0000113932499537E7	
8,201241363258696	800073,7077162592	1,0000113962424582E7	
7,660894346927728	400072,865359827	1,0000114083583362E7	
7,360652608296826	1200072,4325513327	1,0000113423183763E7	
8,02582674266333	1000074,0337102324	1,0000113149246773E7	
8,716238904834572	800073,2726121647	1,0000113115246754E7	
8,606158430018084	1400070,8425788207	1,0000111912972158E7	
8,668197979522171	800075,1945822712	1,000011294060287E7	
8,030034634575317	1600071,506545151	1,000011388324391E7	
8,729153197359334	1800073,7456541264	1,0000114979562638E7	
8,656873509104212	400072,6956353017	1,0000111607057817E7	
8,261788916494686	200071,47969614126	1,0000110874682607E7	
8,86996747668718	600071,8697163298	1,0000113690749707E7	
8,997863153646481	1200070,2408626797	1,000011167912853E7	
6,887406861457236	400071,428049444	1,0000112917616302E7	
8,10132947902937	800071,2322829348	1,0000111459837843E7	
7,847194955817178	800070,6185212043	1,0000111565580314E7	
8,945603453543017	1000072,6092148289	1,000011131705591E7	3000027,1426486676
7,584763214708771	600073,9530147796	1,0000113535771975E7	
7,339801628539908	1200070,796079414	1,0000112458244069E7	
7,611362293440088	800074,1431258789	1,0000114463515326E7	
6,791959349506117	200073,18359908898	1,0000112824713876E7	
8,74375147389432	400071,85797173314	1,0000111490424298E7	
7,57109204048351	400073,3657029856	1,000011379827137E7	
7,895362878000125	200073,23449539935	1,0000111923174446E7	
8,175442316865515	400073,75496597023	1,0000113103921695E7	
7,504891276881184	1000071,4905930334	1,000011355935416E7	
7,607209349145587	1000071,5968442484	1,0000111770895733E7	
7,324641118568552	600074,1408377512	1,0000113883061957E7	
7,885660455986153	1000070,2954807258	1,0000111621333698E7	
7,528810715644095	1200071,5735095295	1,0000113093805052E7	
8,15892236392108	74,29722036137939	129,00979480969212	
6,975956918444004	200071,66839544446	1,0000112308985746E7	
8,891448202463259	800072,8551447699	1,000011187747897E7	
8,011940263531113	1000071,7482757707	1,000011152610529E7	
8,794212786512126	400075,21527207346	1,0000115303102512E7	
7,646834126671764	600074,082612966	1,0000113281774493E7	
7,361635191579426	800070,8328480868	1,0000110583210012E7	
7,889185629721728	400070,2076913454	1,0000111754667364E7	
8,57009094386606	73,06004487831156	128,24682836152556	
8,135855212327604	72,99699549817332	129,96462246076965	
7,869947182159258	200073,24546358478	1,0000114738051446E7	
7,666646998431208	800071,3224535665	1,0000113453315282E7	2712960,7207167125
7,513951677274072	600071,8418090987	1,0000111319390943E7	
7,751936523990918	200073,8255266149	1,000011327914036E7	
10,476740867933467	400071,8453695846	1,0000110282475695E7	
7,465564010267101	1200071,095936616	1,0000112440226708E7	
8,492307261674982	800072,5076560581	1,000011112566575E7	
7,84962108474688	800071,8559378325	1,0000112006572722E7	
8,74830520006958	200071,31969013886	1,0000111731223483E7	
8,183182235292543	400074,648873277	1,0000113581676444E7	
7,098316147109573	400070,0116371616	1,0000110865603628E7	
7,726936321799369	1400072,289598421	1,0000113134016559E7	
9,196171404494706	200074,21499036573	1,0000113285628805E7	
7,899250175317995	800074,0620971859	1,000011268092864E7	
8,274964081586154	1000071,6289082676	1,0000111965781525E7	
8,962692312892484	200071,62603348677	1,0000111326616872E7	
8,218590370428256	600072,250763591	1,0000110054661978E7	
7,7221063854523075	1600073,3885999068	1,0000115737486962E7	
7,419107143256997	800072,073601399	1,000011367246573E7	
9,236230968100289	200074,11579277963	1,000011481800392E7	
7,4291094806789735	600072,9106148238	1,0000112955580654E7	
8,202840640938021	1000071,2014047594	1,0000110431549892E7	
8,184979883381985	1200070,8749426862	1,0000112039461754E7	
8,609363117359083	600072,9841111088	1,0000114618605923E7	
8,033995949335642	800071,0638535601	1,0000111159478398E7	
7,095055559223822	70,19310244886978	125,7090439199136	
7,942642415111607	200072,85216062065	1,000011236027214E7	1400028,7418551869
7,709300812008576	800069,4072555351	1,0000109774583232E7	
8,184537199186737	600071,1757742579	1,0000110414262988E7	
7,9489860835698165	1200071,428376832	1,0000112489952205E7	
8,703418478340453	800072,7671953124	1,0000112576736718E7	
7,470689083256939	600071,0091763395	1,0000110524104733E7	
7,912496810796431	1000071,8249523783	1,0000111999736328E7	
7,867529640835598	800071,9007129021	1,0000111726716219E7	
7,784202367906484	1200071,848856815	1,0000112416038517E7	
7,949438886767111	1000074,2080767616	1,0000113627139391E7	
8,017641637937022	2200071,1888431236	1,0000113230542628E7	
7,1729899432930075	1600072,1786243203	1,0000113330927605E7	
8,082436385315349	1000072,6477951042	1,0000114257018061E7	
7,556084035182498	1800071,8347421018	1,0000112435934426E7	
8,527825046410857	1400072,7503052906	1,0000112293907883E7	
8,64470499619282	1400071,6860084033	1,000011433965429E7	
7,678460650445061	1600070,6687558303	1,0000110766048128E7	
7,643646486746141	800074,9716665834	1,000011618783648E7	
8,58056004086124	400074,06966196565	1,0000112535335725E7	
7,426094351571135	800073,452050723	1,0000113832587682E7	
8,042154627971751	1000073,4393899373	1,0000114865319494E7	
7,409944577443562	200073,46408433645	1,000011296055526E7	
7,365443225768381	400074,36838167603	1,0000114177383445E7	
8,62521786595782	1400071,9965463772	1,00001138501728E7	
9,228533451783004	400074,4410523129	1,000011568138185E7	
7,5071060384792485	1000073,9708421676	1,0000115572014222E7	3000027,999606842
7,461717891637037	1200072,2994150228	1,0000111881083071E7	
8,585448523858696	2000071,4174618802	1,0000114019664997E7	
7,798577658904103	1800072,5727483085	1,0000115135521764E7	
7,990160995194019	1200074,3823814748	1,0000114520600751E7	
7,804552633458571	1000070,277382701	1,0000110617687175E7	
8,880598806724247	400072,03330297227	1,000011223231095E7	
7,4553032917206545	1400071,8235242076	1,000011119833008E7	
7,734616344618839	800073,0639374439	1,00001145305781E7	
7,5492888940559855	1000072,9663016753	1,0000113703482855E7	
8,633040757191662	1400073,052504483	1,0000114084990073E7	
7,167407087440725	1200069,718364273	1,0000109853051871E7	
8,199435910750195	1000074,7564200114	1,0000116263492757E7	
7,707382462222723	74,7825158389915	130,10882032861255	
9,659036758680426	600073,0030852463	1,0000112648434917E7	
8,383739504714638	800072,3182858856	1,0000111896581361E7	
8,00491047196308	1000073,6527689078	1,0000113558581056E7	
7,830552794335983	400073,5100427562	1,0000112457843103E7	
7,449421247585189	400071,15939209657	1,0000111177935768E7	
10,060241089116035	1200073,4818754417	1,0000113787075356E7	
10,20456604972006	200075,11008943547	1,0000115837382557E7	
7,296592376277435	1200071,6706336883	1,0000111225832112E7	
7,68582141297786	600069,132437001	1,0000110365755763E7	
8,296290926663419	400073,10010885145	1,0000112769349996E7	
7,265183628293557	400072,21209777077	1,0000112433873206E7	
9,196963510735678	2000071,5827141658	1,0000112905967131E7	4000026,818144707
8,167615756193332	1000076,2289985057	1,000011647627878E7	
7,340316065091254	1400070,9746478787	1,0000111567501867E7	
9,524746641375982	2200071,3626427874	1,0000113536888732E7	
7,223705300386041	600074,634110456	1,0000116846786238E7	
8,131258931191951	800072,7251769523	1,0000113944531273E7	
7,5447959475465565	1000072,2844395498	1,0000114252536286E7	
8,896900982708656	400071,70419458265	1,0000111493229484E7	
7,47803774968269	1200073,615144584	1,00001125258556E7	
8,040811552952032	800073,5105203262	1,0000113374952365E7	
8,351491882056065	1400072,091945229	1,000011187736798E7	
7,568158730174037	600073,0454896247	1,0000112647827592E7	
8,580832673666412	1600072,1738967	1,0000111946693331E7	
7,470361315286124	72,12162619386552	127,50160936919252	
7,688092513607148	800069,5407450184	1,0000110706824573E7	
8,478940859808663	400073,0614613697	1,000011387375915E7	
7,587564035542557	600071,5239864624	1,0000112577547096E7	
8,241980233074262	600071,6059973771	1,000011182305472E7	
7,420301122055605	800071,9118947593	1,0000113393465469E7	
9,455231920300985	1400074,3916957006	1,0000113982826144E7	
6,839033372880649	73,53296279928675	127,59316292113202	
8,168434963679186	200069,50885159097	1,0000109384964775E7	
9,126796256742312	1600073,2767626368	1,000011479961233E7	
8,97173536901193	400072,1211049179	1,0000112233048812E7	
9,235932578203014	400071,5683535656	1,0000110739609625E7	
9,467790040741672	200072,83990828745	1,000011077845353E7	1400028,4570245496
7,216532778699996	600072,8112710012	1,0000111835262774E7	
8,780666654264287	1000072,8873248178	1,0000113984273776E7	
7,642996258588305	1200072,092941682	1,0000111481772505E7	
8,466505530283824	1800073,4047842107	1,000011406115336E7	
8,435672678114818	1800073,3657239852	1,0000114644718911E7	
7,092861024695581	600072,3093463993	1,0000113309141928E7	
7,273832525019126	1000071,4379041563	1,0000111062936235E7	
8,010016288336331	1000074,1463804536	1,0000114763794819E7	
7,169631378251295	1000072,4882477772	1,0000113364297684E7	
10,20769734496992	800073,6216185167	1,0000113580270179E7	
7,884997857060134	600073,1953758338	1,0000111866609955E7	
8,005062420588107	600069,4410432198	1,0000110074832441E7	
7,469234195607111	800072,7119374439	1,0000112818258129E7	
7,71722863974157	400072,55131372693	1,0000112626807911E7	
7,539321427696339	600071,490790325	1,0000110124090578E7	
7,90848529193142	1400072,652276369	1,0000111573883813E7	
7,978607621900923	800069,4262781368	1,0000110891693775E7	
7,487285058852374	600074,1483061129	1,000011364826313E7	
8,388377152862462	800070,4193766373	1,0000111093786333E7	
7,263789128194139	200072,34410308217	1,000010959757597E7	
8,062508688833823	600072,5961615746	1,0000113052044287E7	
7,469829975463803	600072,5277873526	1,0000112806776125E7	
8,51254416141945	1200071,2178310761	1,000010887590976E7	
7,751761704913677	800070,7497698654	1,0000112208082622E7	
8,274800850588761	600075,2098712495	1,0000115800071131E7	2374898,00604314
7,738861522660078	1200072,9899176494	1,0000113634202784E7	
9,032958902826426	600072,8480260207	1,0000112880354922E7	
8,234888616463031	1600071,4667666652	1,0000113706328575E7	
8,547709390298275	600073,3148578459	1,0000113239663824E7	
7,968975777602843	1400072,63005631	1,0000114126260217E7	
7,506291467775379	1000071,7281050034	1,000011376236574E7	
7,347252609506588	600071,6244199169	1,0000112945264146E7	
7,794522625480725	1400071,4520234766	1,000011478707494E7	
7,521942775378998	1800071,7664687303	1,000011290291066E7	
7,226719692408732	1000072,3529750619	1,0000112568025721E7	
7,380011327666089	400072,1545899433	1,000011276936259E7	
7,863879420239427	800070,5924491449	1,0000110809696881E7	
7,030624505474143	800072,6565511416	1,0000113595776796E7	
8,329442707775263	1600070,7853558075	1,0000111878936028E7	
7,712494969326936	600070,6351526806	1,0000111247105153E7	
7,414899877742236	1200068,014009208	1,000010873857994E7	
8,905628991028754	600071,169723571	1,0000111130435102E7	
7,871295737940227	600072,8051649339	1,0000114051729256E7	
6,600690070607982	1200073,3039037613	1,0000113703507928E7	
6,922429544629677	600069,9799007897	1,0000109733310632E7	
8,157268953146833	400071,4409034457	1,0000109791553762E7	
7,104929694934401	800071,9314104649	1,0000112127347391E7	
7,863482710330137	1400072,2096167565	1,000011477242684E7	
8,262762420028103	2400070,6279337658	1,000011195624287E7	
7,553033986720034	400071,5719559414	1,000011230578776E7	1959620,4446643097
8,425608815601487	1000072,2247877945	1,0000113055359697E7	
9,31743966379979	1200072,6443364385	1,0000113767129969E7	
7,370079921599836	1200070,96393836	1,0000111049162993E7	
8,886801388696819	1600071,8543127268	1,0000113293872226E7	
8,426788960216447	1800071,2202828694	1,000011243242307E7	
8,836930412435615	200072,1182920869	1,0000112042136932E7	
9,067836446577623	72,2095357320269	128,59624579532272	
7,661887948089721	400071,58913384716	1,0000110722333614E7	
8,764441293738555	400074,3721237021	1,00001138548842E7	
8,585890277702259	1000073,5572569682	1,0000112768617056E7	
8,227925199216351	400073,07603494136	1,000011349098283E7	
7,613323309499817	1200071,5105842673	1,000011013364442E7	
7,894525427693313	800069,0791063904	1,0000108750299739E7	
8,281047385467275	600071,5580503205	1,000011166823525E7	
7,616942063771494	400073,8475020985	1,0000113472441202E7	
9,529349114510396	400075,08246743574	1,0000114848824464E7	
9,585033834997796	600074,2478096149	1,000011203579378E7	
9,259447230359957	1600071,3114673237	1,0000112061931683E7	
7,531112939897741	1200071,4948548598	1,000011321065011E7	
7,695646268802759	600074,1124556091	1,000011501151343E7	
7,196992114619368	1200070,4309392641	1,0000112742998522E7	
7,747995716101393	1800069,0169849154	1,0000109644033276E7	
7,82908073767631	1000073,5622850321	1,0000114665877363E7	
8,068208430946015	1000071,5775575286	1,000011247348135E7	
9,986560841822655	1000072,2342300884	1,0000112141418798E7	3000027,851846209
9,802915786977898	2000072,8757137337	1,0000114644990314E7	
8,356257693963695	400073,35276350996	1,0000114442804117E7	
7,777386095573948	1400071,239542907	1,000011177435589E7	
7,466322282080918	200072,2338421853	1,0000112428274129E7	
8,858614637584543	1200071,9836585582	1,0000113307732983E7	
8,111182556592643	800074,1247408667	1,0000115234557573E7	
8,511363368891335	1200071,374412845	1,0000112338212855E7	
8,041513702268876	600075,0112409038	1,0000115742973572E7	
7,465271231049019	600073,3424874062	1,0000114179988345E7	
7,077967353119323	600073,5594773153	1,0000113232248496E7	
8,65888762966966	800072,675660931	1,0000113734797604E7	
9,216813813195976	1800068,7608634236	1,0000106892915426E7	
7,578747922992368	1600071,4066490964	1,0000112793653982E7	
8,904283195646965	400074,776226277	1,0000115845830562E7	
6,68515983313996	400072,26131296856	1,0000110788263155E7	
7,082687649602828	600070,9299671003	1,0000112418299539E7	
8,877928931603376	600074,9485038324	1,000011429547771E7	
7,80379861101223	1400072,018129909	1,0000114170262858E7	
7,754028606565935	800072,9160290218	1,0000113009570312E7	
7,387656847435566	1200070,3128180986	1,0000109955473293E7	
7,29166165385926	1000071,3552901346	1,0000111802397303E7	
8,177611314320707	600073,6833836106	1,0000111839417242E7	
7,63304199571239	400072,9149264805	1,0000110558995167E7	
7,442819494472181	1000074,0626736489	1,000011573606975E7	
8,197291938643145	1000072,7084163704	1,000011541096495E7	3000028,761313457
7,615511145472235	800071,3581826137	1,0000112535025934E7	
7,3852368485619335	1000070,3461922847	1,0000112773850523E7	
7,887373806349172	800071,1286150136	1,0000111125289526E7	
7,058671337119418	1200071,8012280955	1,000011411711433E7	
7,8612704119708265	1400072,9585725951	1,0000114778605081E7	
7,689872066188908	1200071,6229980504	1,0000112145646902E7	
8,10251394791321	600072,7643900405	1,0000112620401375E7	
8,11531979375078	1200071,9686786323	1,0000112604633264E7	
8,355851452847347	1000073,7130176957	1,0000112755142493E7	
8,264969648034997	1200072,4096627387	1,0000114518913219E7	
8,138660712212769	1000071,3832674385	1,0000111646253586E7	
6,997457764485295	200073,89623973268	1,0000115488724263E7	
8,016177540829686	600072,9280869287	1,0000112444418449E7	
8,062478664658794	400071,8917469228	1,0000111253456302E7	
8,040719155602103	400071,73749898805	1,0000112447617004E7	
7,895652736422244	600072,6568355103	1,0000114027897015E7	
8,174254146621935	400070,1252842432	1,0000111177810168E7	
6,90803996276352	1000075,3933452789	1,0000117029081728E7	
8,281671023375011	1200073,5016921707	1,0000114790123755E7	
8,984490414843576	600072,3570969079	1,0000115061056163E7	
7,625862506698773	74,23927981155678	130,28144920505682	
7,99185369889562	1000072,2303187351	1,0000113200753307E7	
7,906564969134202	200071,78231738164	1,0000110512700673E7	
8,644505281410845	200071,4452639765	1,0000110005050361E7	
9,16487670255184	400074,01596177503	1,0000114105570117E7	1959621,0775267344
8,085588253834116	400072,6665258331	1,0000112618591424E7	
9,373742972789158	600072,3764508597	1,0000112094560124E7	
8,401183639375072	600072,6900032547	1,00001114727524E7	
7,8623319776371305	400071,4447045845	1,0000111690132735E7	
8,54546242516464	1400072,323605209	1,0000110807971673E7	
6,915054066124513	600072,7879580213	1,0000112070212195E7	
8,807344690874652	600071,370990609	1,0000112391256012E7	
8,759040767481519	600071,7452202997	1,000011062042612E7	
7,936821948768231	1000072,6835628238	1,000011346625758E7	
7,553135258082882	800072,9709866714	1,0000112169221314E7	
7,574941353942204	200074,12650535256	1,0000114292542683E7	
7,788944554207994	1200074,7416306487	1,0000115522258459E7	
8,289552541182143	600070,2327720282	1,0000110566657415E7	
8,987272000672512	1000074,427314034	1,0000116431130745E7	
8,054153672730852	2000071,931778973	1,0000112470046498E7	
7,790542091615291	1400072,9984797677	1,0000111413282705E7	
8,46239136531286	1400071,8834658668	1,0000113002572829E7	
7,100120449783037	1800072,090482562	1,0000113215631036E7	
7,8336224223860915	600072,1888647645	1,0000113656811954E7	
7,713938733937275	1600072,8491778213	1,0000112919449482E7	
7,548889221607457	1000071,3964596876	1,0000111238756353E7	
6,659034134961643	400073,2912851406	1,0000115046543088E7	
8,717300631204857	1400072,1829935003	1,0000112982046533E7	
7,853329322570563	800070,7338551742	1,0000111206910418E7	
10,31981817547271	1800072,5465731854	1,0000114335094308E7	3841902,107200753
6,809251126565622	800073,370923772	1,0000115120721215E7	
7,424964849015254	800073,1761841549	1,000011477368189E7	
8,789163601234838	800072,4258620299	1,000011236905146E7	
7,306703607121874	1000070,383295652	1,0000109963243835E7	
7,511190055814366	200071,981122709	1,0000112861953933E7	
8,10325091508034	800069,933323437	1,00001093704969E7	
8,066385389589993	400071,50465232885	1,0000111787717117E7	
9,333600958964354	2600070,14480876	1,0000112823805002E7	
9,137755790071099	400073,70330174663	1,0000113220407577E7	
8,986502686045267	800071,7744506708	1,000011348332598E7	
7,933516345255382	1000072,1624458028	1,0000110896966621E7	
9,968747627550954	800074,6668367434	1,0000114568506708E7	
8,331572563454381	800072,463473504	1,0000112116582982E7	
7,7843217486435945	800073,5788099186	1,0000114756102394E7	
8,24509095339477	600069,877608269	1,0000107833570363E7	
7,712029619766373	1200073,5936447836	1,0000111924949793E7	
7,667127917374814	200075,16070011567	1,0000116232185045E7	
7,39736697462087	1000071,5113409655	1,0000112831231834E7	
7,9886759335823285	1600071,115158136	1,0000113102566294E7	
8,162070451617957	1800070,936399995	1,00001106899738E7	
8,091495830491501	1200072,6004082893	1,0000113767872049E7	
9,647652519393638	1600071,7842997224	1,0000110816402817E7	
7,939927433451019	1800072,9528924865	1,000011314437891E7	
6,977435285418928	800072,0261204258	1,0000110818346458E7	
9,356908084317512	400073,3958176829	1,0000114008852487E7	1959620,367490013
8,032802884708417	800072,0308179909	1,0000111316756308E7	
8,038282572459087	1000071,668029584	1,0000111721515309E7	
7,691240781196582	600074,7164183478	1,0000114564165208E7	
7,397900101667587	200072,4495525222	1,000011245262416E7	
8,132331900377142	400072,1402996022	1,0000111552533183E7	
8,341371515169424	600071,1232307856	1,0000111688087255E7	
8,19520084658863	800072,9470982025	1,0000111753565852E7	
7,258748459805755	1600070,3024663958	1,0000110558105513E7	
7,890386058952279	600072,7089786722	1,0000115102229025E7	
9,190936467262521	600072,3127068368	1,0000110710530767E7	
8,145894704124261	1000073,6869664245	1,0000114169749688E7	
7,25111083105276	1200070,9506926835	1,0000111335657142E7	
7,579068819780613	1200070,775489889	1,0000111411199717E7	
8,39302367037346	1000072,7959308373	1,0000112790921895E7	
8,034512499810132	200074,25065000157	1,000011136712449E7	
7,568759900189154	400070,7959659797	1,0000109620407358E7	
7,081851345706118	400071,6537023777	1,0000109492879303E7	
7,976290261260581	1000074,4881911868	1,0000115222366506E7	
9,157060629691035	1400071,6382104827	1,000011188210407E7	
7,069113449263157	1200072,5104918769	1,000011241551177E7	
8,657987875891505	600075,5946178262	1,0000114734512504E7	
8,089849619490387	2000070,6180661735	1,0000112957260616E7	
8,930629717618029	1000072,4168637949	1,000011198716134E7	
7,3346720652107456	200074,7240894403	1,00001141528702E7	
8,54280021400312	200072,71268583759	1,0000111480071925E7	1400028,457004474
7,59274768470058	800071,1416516213	1,0000112975650603E7	
8,865806906606718	73,08431103962664	128,19756079481348	
8,372043583148725	600071,7759674471	1,0000111519493861E7	
8,050106652711571	72,94328623183698	128,56959645241056	
8,027915878847285	400073,0334988905	1,0000113162667496E7	
8,156486144723209	200078,38843176566	1,0000118492040308E7	
8,604228601970616	200069,14720243445	1,0000109308474384E7	
7,475030828336705	200072,56524777212	1,0000113397252819E7	
7,219087377342783	600072,088532126	1,0000112937011905E7	
7,621034533907564	1000071,9052664271	1,0000113066831E7	
8,884160699180576	1000074,5328346633	1,0000115964312071E7	
8,088468403631914	800071,9972592982	1,0000111533523893E7	
7,336620268580653	600073,9381230907	1,0000115062004985E7	
7,561226742195553	1200072,7979126028	1,0000113921103157E7	
7,421611863457813	400073,26617559255	1,0000115909648357E7	
8,491867790435103	400074,06243743154	1,0000113500578023E7	
8,663394786370858	400072,552594698	1,0000113463099442E7	
7,4995896412837055	1000073,0190953038	1,0000113874247747E7	
8,605139615910817	800071,5933832306	1,000011115219726E7	
8,504472230335203	74,15255173853781	127,38171802964801	
9,580907423390313	1000072,0145184811	1,0000112183632737E7	
7,422938301196184	1000072,8864268579	1,000011333717867E7	
8,754652113028216	400075,46422223264	1,0000113997478336E7	
8,228127950118536	1200073,2466095316	1,0000114338857692E7	
8,01661409820761	600071,0499995762	1,0000113054437263E7	2374897,1194915227
9,304010794738353	600071,4586931601	1,0000111292024173E7	
9,251545223604415	600072,3041264827	1,0000114451944392E7	
8,215982195673291	1600071,4121735692	1,0000111721264172E7	
9,128505756611927	800074,4507436508	1,0000113935055926E7	
7,596988850924056	1000070,0885635865	1,0000110973953893E7	
7,279449822523131	800072,1081575843	1,0000114192134183E7	
6,449240365135851	800072,2311929236	1,000011302518093E7	
7,506976875490868	600071,0370800908	1,0000111686015727E7	
9,022598907890927	1200073,6681735928	1,0000115304338858E7	
9,412178244075813	600072,9506078211	1,0000112345102213E7	
8,24772000032379	1600072,717573734	1,0000113840760473E7	
7,251094826683409	1400069,6099305777	1,0000112033702081E7	
7,866163507788143	600071,9239566731	1,0000112642893065E7	
8,169304167355556	600072,7750274976	1,000011376427607E7	
7,5238387438246495	600071,153763469	1,0000111754791496E7	
6,786212384971631	600069,3116606469	1,0000107836161321E7	
7,46383862877255	1200071,2231995973	1,0000110307619523E7	
8,084081854278493	2000070,837065572	1,0000112873135904E7	
7,399190018575698	1800073,2946435837	1,000011697898149E7	
8,17166553671476	1400071,6162195716	1,0000112473584697E7	
8,015556357580552	1400072,5954646468	1,0000114057029856E7	
7,417350427495739	1000071,4490744374	1,0000113495678682E7	
7,504589346865526	800072,6109107248	1,0000113768588334E7	
7,580369230856586	200073,98853738632	1,0000113125145208E7	
8,555039581309009	200071,14953176794	1,0000111225320451E7	1400028,6995323224
7,914403756298046	600073,085734108	1,0000112386038706E7	
6,745405636194405	600070,738575496	1,0000111241486587E7	
9,027488885877341	800070,0796874728	1,0000111244840676E7	
8,552718243577921	1000073,2175107535	1,0000110206744207E7	
8,514445315239476	800072,4079374645	1,0000112382545073E7	
8,7790528862904	1000074,1844193052	1,0000112798489945E7	
9,359279966762815	600074,4426229496	1,0000115219998991E7	
7,712139608174765	600073,9512190729	1,0000114116645673E7	
8,25605870122076	600074,1274600002	1,0000113485509684E7	
8,135321857324916	600073,3167845835	1,0000112568818402E7	
7,251863421434437	400069,409530186	1,0000110574978912E7	
6,096324719518086	1000073,1757307622	1,0000112946595713E7	
8,1098537110799	600071,2459513083	1,0000108755389523E7	
8,322624890229003	600072,2232546923	1,0000112984946286E7	
8,216992993745734	600072,9468411935	1,0000112850852529E7	
9,023632585710786	1000072,553250058	1,0000111383528465E7	
8,183730089564845	800071,4417897052	1,0000113658775583E7	
9,135791489917166	800075,06193968	1,0000114304441467E7	
7,830241369618805	200073,38239738002	1,0000114593939446E7	
8,517478039109012	200074,32151894982	1,0000114197128933E7	
7,4854348604984215	800072,340787116	1,0000112942877173E7	
7,238546977701009	800076,038346588	1,0000115350744143E7	
8,643649958916201	600073,2043596524	1,0000113512452299E7	
7,359614201116043	71,90835647502973	128,35225221312805	
7,68915426666756	800071,0399245295	1,0000111898689017E7	2712959,761688878
7,711637736940292	200073,30520406415	1,0000112081877017E7	
7,857463991795935	600071,6194523112	1,0000113029884854E7	
7,978011956788818	400071,7336698348	1,0000111279019272E7	
8,05952134942998	800071,613336353	1,0000110663235933E7	
7,907875371668341	1200072,474241511	1,0000111566471912E7	
7,60507933956513	800073,9055289715	1,000011357537149E7	
7,727353561069542	1400071,168547593	1,0000110203232616E7	
7,504582650322934	1800072,8249287545	1,0000114695005743E7	
7,353140056587952	1000071,4415946697	1,0000114224729458E7	
9,32803989199934	1800070,037925863	1,0000109551174272E7	
7,723689145400299	1800072,6181525642	1,00001125638413E7	
8,74618273121417	2000074,070336873	1,0000114464385511E7	
8,053371577383423	800072,0161801833	1,000011428571479E7	
8,28221797242431	400075,15040028864	1,0000114705977872E7	
7,29536943351413	1600071,1412022323	1,0000112726994155E7	
8,076462535318571	1200071,9815587194	1,0000110707957236E7	
7,311193737104485	1000072,7541657931	1,0000114070179233E7	
7,328368442152921	400071,51934878185	1,0000111060973447E7	
8,297159288159389	400072,06106142944	1,000011370414903E7	
8,378157937175196	1400071,8371732598	1,0000111731947415E7	
8,092964009214311	200073,0692860396	1,0000112701541588E7	
7,759855217670397	600071,6516687108	1,0000111622386573E7	
8,432914901268283	400072,94034446037	1,0000113223161206E7	
8,09185693581004	1600074,3721137203	1,0000115698971026E7	
7,395748541287727	600073,5397083162	1,0000114799142439E7	2374897,252062989
7,564230688174789	800073,110323057	1,0000113935918963E7	
8,40701664117025	1000074,3342565435	1,0000112245836213E7	
7,063791903257531	400069,9745562289	1,000011108517087E7	
9,092932631738508	200072,26050512557	1,0000111704794021E7	
7,728217623034238	1000071,8482009647	1,0000111168990353E7	
8,689739748691832	400073,18887040816	1,0000114182523312E7	
8,22522473250726	1200071,2466400415	1,0000111509291535E7	
7,372162316773886	2200068,6915721153	1,0000111855277082E7	
7,229620855959762	1600069,428255176	1,0000110288063878E7	
7,512093914417573	600072,404371096	1,0000112372969145E7	
7,737984713599217	1000071,6524572433	1,000011308989407E7	
9,614788113447682	400072,4565346917	1,0000111008713948E7	
7,669349080675412	1000072,9932089495	1,0000115609025804E7	
8,759510059092138	800072,600177866	1,0000111202599011E7	
7,884832638482928	2000073,4144326716	1,0000116163710082E7	
7,3703123423459695	2200072,0579580897	1,0000113360076154E7	
6,70980094059895	600070,6527613832	1,0000111686920121E7	
7,810734776758132	1600070,818382431	1,000011353746961E7	
7,557923243799244	1200070,9770347446	1,0000110755762234E7	
7,7805281049222	800073,2622633807	1,0000114163586458E7	
7,821988420147149	400073,1624311256	1,0000112288263647E7	
8,042029475115676	1200073,3602301271	1,0000115609574659E7	
11,31092341623339	1400071,1676754844	1,0000111020174943E7	
9,293438429307686	600071,3139678321	1,0000112523751741E7	
7,809256364846439	1200070,9121204778	1,000011056116388E7	3249642,1689029736
7,216611696011442	1800070,180187589	1,0000110764189336E7	
8,927029105454622	1600073,8029868277	1,0000113769541332E7	
7,059874429413074	1000072,4044494111	1,0000113014339723E7	
7,509752501336561	600073,5210550884	1,0000113474893674E7	
6,704424643467296	400073,68921448634	1,0000115975396972E7	
9,311286912902396	1200070,264159227	1,0000110922594268E7	
8,310879740553972	800072,4476932789	1,0000112694568343E7	
8,457505558083865	1600073,9923441836	1,0000112579101786E7	
7,804582201374014	1800072,4744004894	1,000011338230723E7	
8,392804889527373	400071,56981809175	1,0000111397394098E7	
7,733889339042475	1000072,2995357015	1,000011235824383E7	
7,227336445608934	800072,6413059621	1,0000113777550718E7	
9,825215706400012	1200070,908352516	1,0000111831126869E7	
6,929164019584305	1000073,8422735841	1,0000113841209842E7	
8,15540741004042	600073,9443150689	1,0000114553807892E7	
7,231639469431975	600071,5490462105	1,0000112621877782E7	
9,233737678523804	800073,4844003718	1,000011369240293E7	
8,045709922080352	73,2275663023789	130,78246501921197	
7,384737457204326	200073,0747072236	1,000011185145254E7	
7,457295344520353	600073,5002261068	1,0000114178673128E7	
10,355980747305937	1600071,8855435415	1,0000111693314852E7	
8,072556802380374	200074,3937248276	1,0000115304253327E7	
7,799803063232625	1000073,8828173189	1,000011302005496E7	
7,352283135936991	1600072,3790642011	1,0000113931388594E7	
7,736573462879522	1400071,9349166518	1,0000112866320265E7	3469898,315984636
8,38074309565514	600071,6483184462	1,0000112964219347E7	
7,401709548780445	400070,01996755553	1,0000110012337483E7	
7,934751434246129	73,76436991368482	130,01043529443382	
7,993827408031106	1200073,0973216088	1,0000113899905605E7	
8,43316221382753	200073,37704031446	1,0000112686084004E7	
8,298084378520418	200072,91988532725	1,0000112360062346E7	
7,04825183905073	200071,47069866105	1,0000110454073396E7	
7,401847059209306	400071,5578176301	1,0000112887548797E7	
8,596851418168619	600074,524461812	1,000011494166532E7	
7,838224269953299	1000071,8310664573	1,000011056046E7	
7,384134408083399	1000069,9694352092	1,000011322752535E7	
8,215951387739974	600071,380233752	1,0000113055210046E7	
7,5318178310451	400071,50190292863	1,0000110568200633E7	
7,366847935542796	1600070,3507196947	1,0000110472953422E7	
7,441548252791136	600071,8739005066	1,0000111845777594E7	
8,60962466341481	400073,5238232548	1,0000112480548656E7	
7,621515587500469	600072,1106955005	1,0000111389630664E7	
7,802911389984745	400070,60284977744	1,0000110939504182E7	
9,364760792815902	1400074,191333451	1,0000114393146675E7	
6,718024265904278	1000074,297936844	1,0000115541164257E7	
6,923670572016949	1000071,6311389252	1,000011329671642E7	
7,913430570475956	1000072,8544909753	1,0000115947963081E7	
7,485850223224174	1200074,289842428	1,000011548572834E7	
7,983873454559767	400072,29709515517	1,0000113147496082E7	
6,732047959249565	600070,8187149205	1,0000111371469732E7	2374895,96532952
8,146964695574818	1200073,5012384611	1,0000113335086783E7	
6,958811539908602	800070,9888977691	1,000011232235901E7	
8,616510375863403	72,47605710563863	128,19223851592815	
7,052876042670955	400071,6353868146	1,000011160384127E7	
8,043620536919185	1000073,8577805125	1,0000113422696264E7	
8,960627822770407	600071,5915496758	1,0000110849972675E7	
9,265071748912705	400072,7321922305	1,000011196856068E7	
8,649483074303689	400072,70738501207	1,000011225604393E7	
6,908518792818558	200074,0568661309	1,0000112981119214E7	
7,311528878843554	600072,3541641663	1,0000110110505732E7	
7,747603005771489	1000073,3864535794	1,0000112589881316E7	
8,70472367023118	600070,6932754508	1,0000110016772991E7	
7,740146090702058	1200072,0489649319	1,000011180648151E7	
6,958239492526045	600072,8946230223	1,0000111770385101E7	
8,064078653675294	400070,4760001868	1,0000108709521262E7	
7,982348492882279	600073,2243822193	1,0000112477175685E7	
7,337804048440908	800071,20895257	1,0000113344138965E7	
8,466554219438338	600073,6621097176	1,0000112735943865E7	
7,7113188571226035	400072,2169565396	1,0000113004525134E7	
9,725451110060428	200073,69812197488	1,0000114405663079E7	
7,084028420265803	600073,6243687235	1,0000115771037139E7	
8,696147153621009	800074,3571002727	1,0000113940827198E7	
8,372318218735726	1000076,1618686706	1,0000117240397537E7	
9,448048778802885	800072,5623860584	1,0000111973285986E7	
7,467268487369552	400073,6899719179	1,000011387412765E7	1959620,278934678
8,811017110427958	1000072,9126311627	1,0000113251206897E7	
7,541765833927602	1000073,3613900645	1,0000112309679208E7	
8,268050654081009	1000071,8332853072	1,0000110168811416E7	
8,295351807049235	1000071,1701143421	1,0000111800773488E7	
8,166536981091088	1400072,411030527	1,0000113330872249E7	
7,25903646021352	1600072,2484425372	1,0000112915791456E7	
7,5967869052266686	800071,7083578041	1,0000113506819252E7	
7,9509730574301924	800073,6475041268	1,0000114782755367E7	
7,956791556523756	800073,429350266	1,0000114169985604E7	
8,549960603043473	1200071,5546484005	1,0000113989479905E7	
8,026451790654427	1200072,3709137368	1,0000113316392232E7	
8,784046056946499	400073,60398802126	1,000011386254654E7	
8,617380947228316	1000072,8080966579	1,000011283979583E7	
7,511484289107292	1200075,1572165587	1,0000114567964924E7	
8,019510718572086	800071,9907209659	1,000011102028965E7	
7,687708575735871	1200073,2528709853	1,000011345566892E7	
7,097400914568048	800072,7864380691	1,0000112518933762E7	
8,129334457156599	400074,62839326414	1,0000115324786464E7	
7,953129759415447	1800069,7638652914	1,0000112125829112E7	
7,633748222523284	1600070,1881121194	1,0000110542419596E7	
8,925425699094557	73,28000483196757	129,30765465582328	
8,182502027847029	1400068,897646024	1,0000108639117073E7	
7,86798800708322	1000072,2605902187	1,0000112729104921E7	
7,544547958967644	200073,91916194384	1,0000115260725854E7	
7,86556920233242	600074,3446999141	1,0000114554993827E7	2374896,9417188396
6,969838200676538	600070,6108495542	1,0000109232198594E7	
7,154952550172345	200071,2214630102	1,0000110799308695E7	
8,01031808867979	600072,067816938	1,0000113313233258E7	
7,43233099962192	600072,7195947121	1,0000113014556898E7	
8,032657123825508	400071,7258638083	1,0000111323263658E7	
8,157680028989962	1400072,0149441976	1,0000112401979024E7	
8,639451055840413	400072,4404338209	1,000011344456862E7	
6,969196345945643	400071,0501767163	1,000011241036033E7	
8,54433593933855	1400071,1604908074	1,0000111304811493E7	
7,885769746979093	1200071,588633679	1,0000113018367581E7	
8,296895147855722	1800071,3207570217	1,0000111953282034E7	
7,420719809233401	800071,7505043464	1,0000112249099003E7	
8,935119948375517	1000071,6783568603	1,0000112026742363E7	
7,371512878073595	800071,4236402219	1,0000111109967371E7	
7,975027790219872	800069,9576231848	1,0000108957510665E7	
7,810462376720138	400073,19903846644	1,000011504225089E7	
8,231311188462165	200075,0084973821	1,0000116116926782E7	
8,718171482773265	800073,9201349042	1,0000113284220926E7	
6,440862226355193	1000072,339877951	1,0000111805903798E7	
8,522670426366977	800072,6427497816	1,0000111147635967E7	
7,856653674050478	2200072,1119247116	1,0000113413409233E7	
7,264264304888013	1000070,1944958536	1,000011026155242E7	
8,618678158799753	400072,28168978804	1,000011476841231E7	
7,885280529684223	1200070,2793967049	1,0000111314872317E7	
8,074101760308661	1400071,1625875214	1,0000111996405499E7	3469897,512965219
9,574220381582803	1600072,5039474366	1,0000112316488698E7	
7,198758701049481	2200072,3865460055	1,0000114281317823E7	
8,383126694925458	1000071,2499003729	1,0000110575618884E7	
7,550332355779357	1000071,2253358172	1,000011271750701E7	
8,335040555493777	600069,4386070521	1,0000110398374874E7	
9,58921256709442	1000073,0596031382	1,0000112793460304E7	
7,691321178833469	1800071,8514058474	1,000011464460348E7	
8,165133190888543	1200072,981461695	1,000011492156193E7	
7,454880259904343	1000072,9186592579	1,000011512472014E7	
7,302458244239747	1200069,7712912566	1,0000109904215155E7	
8,426823025858035	200073,74581144293	1,000011231969487E7	
6,9398122177243815	1000073,735429166	1,0000114678051187E7	
8,285541136951586	1200073,2680492303	1,0000113861218292E7	
8,047275672048222	1200073,4018196084	1,000011344593399E7	
6,3806791602686665	200071,35467819308	1,0000110291495575E7	
7,8167946338689696	400071,51791027596	1,000011241073637E7	
8,36967786512385	800073,4237874869	1,0000112854309296E7	
7,589078623156301	1000072,8662409427	1,0000112568845883E7	
7,853673096915276	600072,2064776411	1,0000111386532813E7	
7,762376982925108	800072,8155273849	1,0000112099209873E7	
7,781119193067011	1200070,1764079772	1,0000110335997613E7	
7,830582213933269	1400073,948668344	1,0000113838197898E7	
8,397000181032778	2200073,1749902307	1,0000114559860235E7	
7,9274858460806366	800071,2426757955	1,0000112417785518E7	
7,56723138193385	1600070,6698498854	1,0000113176650519E7	3666087,776109016
8,032009250480904	800072,5429834919	1,0000112472331228E7	
7,611812457599434	400073,76276479056	1,0000114461018985E7	
7,325205602048559	72,76223003125105	127,36773224949775	
7,941536491627423	800072,5391413339	1,0000113093773903E7	
8,044685061645081	600071,3977774805	1,0000110073086746E7	
7,699331600212573	1000072,3716684268	1,0000113206883688E7	
8,311377939876916	1000073,3196477635	1,0000112997237906E7	
6,460778458817298	600073,4893868024	1,0000113766601464E7	
8,619723691722106	600073,6628320321	1,000011331762185E7	
7,243187508900264	800071,1990736548	1,0000110904763518E7	
7,478909558365013	600070,9351136473	1,0000111221847625E7	
6,770886210504902	200075,3517132978	1,000011568430877E7	
7,175701182469929	1000071,4905895174	1,0000111533063812E7	
8,390168748440177	400072,7493505717	1,0000111949149117E7	
8,609970862755421	1400072,3517027327	1,0000113172081469E7	
8,01651146301744	1800069,1657167992	1,0000108503205594E7	
7,793949228594403	2200071,084614588	1,0000112973534552E7	
8,074032045492444	600072,1910828082	1,0000112654799799E7	
8,608728320619731	1600072,9330533326	1,0000113227430385E7	
7,794555332066998	1200070,387193295	1,0000111939683763E7	
7,7913233111748	200073,2134878639	1,0000113841152318E7	
6,915996451788754	400072,8285555986	1,0000115349113578E7	
8,458070379186893	800072,6584869265	1,0000110793132087E7	
9,449916400245275	1200071,1312684102	1,00001119248095E7	
7,683132904504178	600071,6437816323	1,000011270130021E7	2374896,8584407517
7,7635760671640925	1000070,7114316099	1,0000112775426555E7	
6,951076398189769	800071,8558607021	1,0000112277293636E7	
8,014604650800983	1200073,1401849475	1,0000113722851308E7	
7,219913693561377	600070,5023422601	1,0000111556388525E7	
8,570060120614455	2600072,53833341	1,0000115014512759E7	
7,323608765363822	1200071,392435409	1,000011200200673E7	
9,64101371793779	1000074,0163235782	1,000011368822092E7	
7,771200692111872	400070,7334932477	1,0000110391263058E7	
8,158690289712672	1400070,6558676108	1,0000111103195019E7	
8,53468004301377	1000071,9621015155	1,0000112350175638E7	
7,533372551665068	800073,0799829611	1,0000111794755613E7	
7,876022194038551	800073,5833529218	1,0000113495609825E7	
7,034272627543365	800074,8029567094	1,0000115331299976E7	
7,775113904397785	800071,9304203243	1,0000112274551993E7	
7,517546974341105	1000070,748308526	1,0000110654467594E7	
8,65159615263167	1400072,4551143628	1,0000113221697073E7	
8,47942604266018	1400073,4462682775	1,0000113869033733E7	
9,18055621060596	1800070,1719852693	1,0000112404698968E7	
7,16091926331688	1600070,4981515023	1,0000112146091651E7	
8,006683506890885	600070,2410563782	1,0000110820832884E7	
9,220258000525593	1400071,3683014833	1,000011213478002E7	
8,733603245051592	1200072,0141789985	1,0000113731617752E7	
8,273269648968544	1400070,5149904701	1,0000109674270846E7	
7,7030218443802	800073,8227106598	1,0000111995164799E7	
7,371135380192636	1600072,1328859786	1,0000113268711163E7	3666088,797093646
7,735323993483511	1400073,0466150534	1,0000114476858448E7	
8,34750931359158	1600069,7924711094	1,0000111165895924E7	
7,757769558136378	1200071,3287447495	1,0000111636493806E7	
7,643095625031176	1400071,6216231773	1,0000115090830954E7	
7,6554536979950925	600071,4005882418	1,0000111174015656E7	
8,579217345913635	1200070,8406329309	1,0000110282843634E7	
9,85542838692	2000070,9168025765	1,000011326632772E7	
9,421629829710097	2200073,563522471	1,0000115852832207E7	
9,449120352049224	73,83913764611266	128,52575793212864	
8,608561145891263	200074,16023664354	1,0000113972351111E7	
8,114473365725512	1000071,6433301851	1,0000113742833966E7	
9,06397588391265	400071,744363131	1,0000112049962426E7	
7,481360446959393	1200068,579019892	1,0000109243152235E7	
7,618633285616361	1600071,9465586822	1,000011598113529E7	
9,325002165016139	600073,023323167	1,0000114151449725E7	
7,287935543640983	1800072,8825856962	1,0000113846943831E7	
9,491788224172272	800072,3721540932	1,0000112369590484E7	
8,587219690663327	200074,71231166992	1,0000114416727407E7	
8,28294907451687	1000075,1608572504	1,0000114340401195E7	
8,029671454225854	1600072,9360863164	1,000011153241259E7	
8,382600174814629	800074,4414992366	1,0000113587186338E7	
8,034448450106645	600072,3251780417	1,0000112917039398E7	
8,271693269797627	1400071,539295674	1,0000112165267842E7	
8,714215687436262	600072,4449249717	1,000011230582838E7	
9,216485325387046	1400074,7619965202	1,0000115568863692E7	3469897,5136501347
8,5225982601557	1400071,8050398792	1,000011270904931E7	
7,963000469648566	600071,8172347177	1,0000112979555916E7	
7,600975402961516	800070,8760179187	1,000011261174376E7	
7,254286224699517	1400072,1388451965	1,0000115189103093E7	
7,937729432203248	800073,3954409639	1,0000115264455983E7	
7,03263413133794	1400071,8366832465	1,0000112644363306E7	
9,306851272228801	1400075,1567409872	1,0000115993203962E7	
8,745678935290002	1000072,5601236218	1,0000113150019914E7	
8,842084994734998	72,04490370458883	126,39754452910587	
7,188126231213754	1000070,4773205869	1,000011230366746E7	
8,431165052202264	1200072,1254228745	1,0000113162779197E7	
8,33336064921171	400070,98356616334	1,0000112328837717E7	
8,120331857855719	1800072,4343553246	1,0000113832228484E7	
9,125037005607588	1400072,0579719185	1,0000112620266108E7	
8,791476496626267	1000070,5678630248	1,0000108831450107E7	
7,382274837550621	1200071,2283106921	1,0000113370639548E7	
10,398520691839126	200075,3561823149	1,0000115924635524E7	
7,709166399303415	400075,85185981245	1,0000116957952082E7	
7,235366468633429	400073,0294719687	1,0000113579137824E7	
7,038165533983106	1200070,907165054	1,0000112153118795E7	
7,681932865956403	400074,28749867796	1,0000114730452016E7	
7,780146851532152	400072,56694722205	1,0000113097892968E7	
9,245928740701283	800073,8284331753	1,0000111543208791E7	
7,726017310700061	800072,2072873357	1,0000111993255192E7	
