0,4928309309011287	455,4395745949438	2664,201571386162	618,2331074221098
0,28170732048564195	405,62230188090615	2524,9467956024273	
0,20874447001354546	359,00434165835446	2420,6526373041584	
0,15493884347409226	316,6157219451771	2281,8818689555133	
0,1214530947450483	277,34018441085465	2177,8502204740703	
0,10095547210755436	244,64402982403578	2053,5896177879376	
0,08843071510143688	212,32814875244787	1914,982127602886	
0,0735694797792704	184,56330827900013	1794,5777876444693	
0,05665519010093059	160,2422656869934	1704,6228736479343	
0,04812228165950132	138,64008797927193	1589,2086850483843	
0,04187614221059846	120,50130625232708	1491,926510924759	
0,035635706572321776	102,74193288728357	1332,8865773200835	
0,03360893358013752	90,00566219789962	1265,6094337827371	
0,02768038292313671	78,04777760345212	1164,7586572923517	
0,022951647562245422	67,46873816221928	1062,929769149747	
0,021407234728183604	58,90646140424819	978,5210267234378	
0,019619781879402165	51,38914601170612	908,6722187890966	
0,019483442729878543	45,71407335401843	862,0175091274614	
0,01863828767610658	40,04241363199792	807,9803028544488	
0,016402101031310602	35,19793141355575	725,5657300906151	
0,015231467226110986	31,44542731679001	673,0334166405016	
0,014254208155161254	27,873144333588915	609,8887881335911	
0,013682255539253688	25,105224413649577	561,8173142006874	
0,013575261777731494	22,552642709492044	527,8311999535844	
0,01297451341757606	20,424604332815377	489,17959276947585	
0,012226540948776433	18,149729622397967	445,5385489414124	70,9946674829518
0,012095089764746839	16,541985614030136	416,32872217709405	
0,011760669874206866	14,588140471513872	369,724865661389	
0,010750666576422506	13,409046132856002	345,90796478129965	
0,010181358502667954	12,076185576331914	318,08728265746123	
0,009106026853288637	10,951588277438367	295,6666885994574	
0,009106026853288637	10,069398990747423	278,52928760369775	
0,008592240737303787	9,319066166325218	261,57522716308665	
0,008278452995163435	8,50654919639505	240,84043239329364	
0,007597447015409297	7,793879623751406	230,96205087471898	
0,007287636524929396	7,037818129331308	212,96800230080032	
0,006643506650224154	6,492563413664209	198,92802400741115	
0,006407682324995274	5,882123624493573	183,19656915332342	
0,0060020244074300575	5,606961047492922	177,16725091181854	
0,005759521972360487	5,248758854699544	166,86425386642125	
0,005642027936449553	4,911263995368951	158,6283767062637	
0,005497271277239098	4,625237046398372	149,8883243226778	
0,005065031711659047	4,334041114132141	143,26792877260442	
0,004537746904429022	4,073525492059164	134,79909943232033	
0,004318779054382015	3,7686480384730294	126,3010364058368	
0,004132863923209607	3,603971694429498	122,33643585637256	
0,004052793099762999	3,4512283601344227	118,57996716111204	
0,0037623835032303456	3,281156420467127	113,257140847765	
0,00369829440745463	3,0472206747067245	104,86281747856698	
0,00356221433925354	2,8576938634651223	97,51701709709012	
0,003387874964637212	2,673420911059178	90,88879561797316	13,251836631540892
0,003297817846835719	2,560428154714415	87,18579558282734	
0,003039310809776716	2,444560981169533	83,24213959872381	
0,003039310809776716	2,3507851291575195	79,88601827795371	
0,002865977817265828	2,2244282106420856	75,18399394050475	
0,0027632070913688306	2,1450349972246596	72,45657216694815	
0,0026356968294062684	2,0831926751159453	70,31297057638538	
0,002504325516998666	2,0242142197937882	68,3649622732238	
0,0023712553263473403	1,9555547112087441	65,61910332008166	
0,002356523763666271	1,8980692048929435	63,7479529727801	
0,00229285225100329	1,7711742892538787	58,453185850744575	
0,002226120784077025	1,6917648804297178	54,9442714352397	
0,00212090421182773	1,6430662073769313	53,24247132989659	
0,002037031551517893	1,601387500972158	51,662722998035015	
0,0019510554645575321	1,5705078612336763	50,56735238774686	
0,0018634813531924078	1,5402477425009276	49,74158667339357	
0,0018247802935815894	1,4990602459275117	47,9693321331036	
0,0017459824434981164	1,4783825846349108	47,42807870256142	
0,0017042907133244531	1,4509446815798943	46,28709016185228	
0,0016388786132853466	1,4273911376981478	45,497306341444094	
0,0015319374165476038	1,3990501369898731	44,69073680365335	
0,0014099836881368228	1,372166135412927	43,964328778052014	
0,0013793778319600072	1,3487178791642915	43,19114226917469	
0,001328296508463755	1,3254179569672464	42,31302024584192	
0,001244730131492969	1,29359602341219	41,0872100139553	
0,0011849077982419899	1,279474246525533	40,73313136368599	6,047208377415268
0,0010623361310175947	1,2606348086908574	40,09780435724751	
0,0010370091746581672	1,255633649781744	40,03890262655811	
0,0010168394212332016	1,2398059450636487	39,49997761669773	
0,001010755850647702	1,2286769799448678	39,200393746861984	
9,667350840700904E-4	1,2146830792344578	38,67917421985197	
9,026447345740424E-4	1,203980108398389	38,329085397342745	
8,745041891762439E-4	1,1867170104853597	37,65996772909968	
8,648415486453536E-4	1,1745336452755502	37,28463808081824	
8,610890520056675E-4	1,1678986625344137	37,153109767040526	
8,583141538177239E-4	1,160377611176388	36,993383858154445	
8,07355585449861E-4	1,1495837524457457	36,59887721639022	
7,973952500007728E-4	1,1390736519744602	36,230161957185416	
7,926367911720802E-4	1,1262117282956694	35,77808039432618	
7,797595941025004E-4	1,1177854669137104	35,57496022757122	
7,637858643959267E-4	1,1104906289786636	35,402014309281746	
7,573010415079155E-4	1,1022952862842645	35,134107158187895	
7,257179998781087E-4	1,0979572134524718	35,02590795848046	
7,015172376941413E-4	1,092028625701213	34,859210798220914	
6,95063396046608E-4	1,0823143271009756	34,5132782778349	
6,578451218381882E-4	1,0756284942218697	34,28654183880909	
6,322848879296656E-4	1,0661019703431511	33,97374734871688	
6,314159790016517E-4	1,0601974139612187	33,818360316917826	
6,290959575875499E-4	1,0566571426563172	33,745216199406165	
6,275595447402689E-4	1,0480599919265152	33,40756342120724	
6,042332513018274E-4	1,0430031915042717	33,23669301675612	4,962909381237339
5,799791599669217E-4	1,038485130717009	33,1093962250297	
5,706276093116156E-4	1,0327689993940534	32,93248602208734	
5,548974913916897E-4	1,0282177087764592	32,80180611232448	
5,285049548658083E-4	1,01951435950802	32,48106073266813	
5,197223951750278E-4	1,0120330851327806	32,279987422029315	
5,160943818147167E-4	1,0026399177044922	31,954612801806146	
5,00909744453258E-4	0,9981395506830409	31,830396549004533	
4,8368292113756475E-4	0,9920563854738417	31,643231205063742	
4,681415924641157E-4	0,983099951977113	31,27949647051953	
4,655750102272267E-4	0,9755310472292288	31,01269718833227	
4,617498061433061E-4	0,9707945528377863	30,876718600792422	
4,5178991465290655E-4	0,9642311936162211	30,7038992902149	
4,461379923860864E-4	0,9579033479117718	30,462708409054862	
4,4571907056917005E-4	0,9512505841607437	30,31388532473497	
4,440618729636325E-4	0,9462065841152885	30,141133846626985	
4,3168988895651085E-4	0,9431029087798478	30,07991751121907	
4,2890524661275055E-4	0,9332438044803749	29,72328869178988	
4,109259805189553E-4	0,9264789699959765	29,472302979807623	
4,0014862158383705E-4	0,9222082245444224	29,381882124889895	
3,892334429191694E-4	0,9181888859816931	29,265717847976525	
3,850508067409745E-4	0,9102815223260231	29,005955729483144	
3,8354527435936395E-4	0,9040505975150838	28,816894840479495	
3,8354527435936395E-4	0,8984957404215166	28,665082497846118	
3,0948631414636467E-4	0,8922511178700228	28,43503260406789	
3,0948631414636467E-4	0,8847566560753889	28,19177243447207	4,222489800132217
2,9775007010309157E-4	0,879706671612099	28,000717738637544	
2,92404896663404E-4	0,871694046873478	27,710982447324817	
2,899225409215761E-4	0,8672402246109416	27,612576765284825	
2,887537728955183E-4	0,8621944974983342	27,419835297001242	
2,8776049454261326E-4	0,8554065069584028	27,203854432213088	
2,68424944479614E-4	0,8514690058599926	27,083515542268472	
2,5786462183117836E-4	0,8443565730988376	26,793578057263936	
2,576848260714827E-4	0,838886118486755	26,63746903951826	
2,573186101633337E-4	0,8336007484128574	26,501116290598038	
2,5725237844681715E-4	0,8259644664382556	26,292361063513646	
2,5725237844681715E-4	0,8230630949048313	26,188469027843922	
2,530046996127229E-4	0,8152344472010152	25,872749795185292	
2,4754710611532083E-4	0,8108222539450556	25,732326319223226	
2,4378545012570027E-4	0,8061100221240257	25,615091641626904	
2,430219825361844E-4	0,8040388880370328	25,561167640391645	
2,265039407185646E-4	0,8004009564019243	25,49320310044745	
2,258558666193337E-4	0,7968213722791881	25,38899475516856	
2,2527689773716868E-4	0,7903616568809175	25,251658722356293	
2,247704461234804E-4	0,7851949834252894	25,06280342189365	
2,2411713459467912E-4	0,7814713480186879	24,95597173093685	
2,170848459520745E-4	0,7764978938036644	24,78751025911416	
2,158178579283445E-4	0,7703070709037781	24,651761678209454	
2,158178579283445E-4	0,7648946236932153	24,43450511742744	
2,158178579283445E-4	0,7620765107886449	24,36619848959478	
2,158178579283445E-4	0,7554842822041299	24,115643000918627	3,601850385227552
2,158178579283445E-4	0,7524393694306692	24,03602262095109	
2,0019352196788895E-4	0,7483027756261368	23,91420820557823	
2,0007911913779325E-4	0,7419951137574161	23,695786308087314	
1,9999629835665015E-4	0,7369141073955627	23,505340769163695	
1,9999629835665015E-4	0,7338278432942467	23,400722053695354	
1,9990880282380288E-4	0,7309410706075599	23,29655231701433	
1,9972851010813822E-4	0,7271979298724748	23,159259614481847	
1,991796548568298E-4	0,723155578549244	23,02823583584992	
1,975146005864081E-4	0,718542944551322	22,897542451241453	
1,974671162133194E-4	0,7163612958071556	22,827850682712214	
1,974671162133194E-4	0,7129318793856801	22,732902542961728	
1,9745437892020778E-4	0,7083875169795291	22,600647349454416	
1,9745437892020778E-4	0,7030478004688814	22,40888601037152	
1,9745437892020778E-4	0,7012176903139743	22,362012791154147	
1,924908869189693E-4	0,6955428218106102	22,131601954708803	
1,8904393204653033E-4	0,688836594297285	21,86762824708685	
1,875517095515866E-4	0,6803081537868032	21,530510668260273	
1,7485592878533132E-4	0,6776247073452873	21,444605630558122	
1,7447474656618334E-4	0,6756466041285367	21,40812605790562	
1,736305750648561E-4	0,6718159203013829	21,290244137330482	
1,736305750648561E-4	0,6687399900631595	21,178680321795213	
1,736305750648561E-4	0,6655074292247106	21,05659535715992	
1,676878863026483E-4	0,6597488473440499	20,79553545709786	
1,6121019598353535E-4	0,6577784915412203	20,75342318972685	
1,6121019598353535E-4	0,6535805350459976	20,611192609423906	3,0766022902930734
1,5523016184034027E-4	0,6501131956819105	20,55420294107283	
1,5143514600555222E-4	0,6481526524953756	20,49941854758571	
1,5133394579497836E-4	0,645261426557135	20,385556578316347	
1,4188709493129705E-4	0,6403442735634518	20,18476926651073	
1,4151443754391514E-4	0,6253396813740737	19,517908411471968	
1,4151443754391514E-4	0,623772799800755	19,467928522587318	
1,4151443754391514E-4	0,6198308931384642	19,33171494755356	
1,4151443754391514E-4	0,6168050046165352	19,22575043144191	
1,3921982218491753E-4	0,6100208549316922	19,025825587530022	
1,3847823804410262E-4	0,6044712684297884	18,789955338972884	
1,384602893683348E-4	0,602027426095197	18,724192897261617	
1,3840724290863646E-4	0,5972245212283177	18,533901887859987	
1,3829374532355038E-4	0,5959074625245466	18,497851874339215	
1,3823966611476007E-4	0,5916903792443674	18,324156786567638	
1,3765587966584658E-4	0,5880748638805113	18,18941430444338	
1,3658909942615077E-4	0,5867595788325933	18,16475497361225	
1,3028641771602946E-4	0,5827758010882058	18,001374359448796	
1,3028641771602946E-4	0,5798043512393992	17,910786396350932	
1,3028641771602946E-4	0,576735331933752	17,826630387674054	
1,3028641771602946E-4	0,574782753890545	17,76736472867863	
1,2458193906839682E-4	0,5719118844529537	17,681588573925684	
1,2363747929525941E-4	0,568381419133757	17,540422696558124	
1,2359310535257383E-4	0,5665299215029266	17,488273621327753	
1,2345695043562149E-4	0,5628208539008694	17,345808915446685	
1,2167962036619335E-4	0,554446010133386	16,978648615256926	2,5499924105150047
1,1992962584985828E-4	0,5519887958968416	16,88826768310756	
1,1968344473979057E-4	0,5489351603899785	16,78448350675038	
1,1694425555581471E-4	0,5450543483856797	16,62073625932371	
1,1692639239172175E-4	0,5427804889174619	16,533188388989167	
1,160926489205302E-4	0,5409806896389026	16,48098611194881	
1,160926489205302E-4	0,5396722008359641	16,443066970457433	
1,160926489205302E-4	0,5386174596922483	16,414231688830935	
1,160926489205302E-4	0,5356660461913942	16,354570167880258	
1,160926489205302E-4	0,5326002925606543	16,271846534796563	
1,1481003296270844E-4	0,5311207312146835	16,2279186748734	
1,1400487917920897E-4	0,5282974585610085	16,11085878411352	
1,1400293240659259E-4	0,5266697124151348	16,049175488573493	
1,0765037432928025E-4	0,5239686322877405	15,980357018765371	
1,0549750107401557E-4	0,5226986415304059	15,942004412933507	
1,0506223727079286E-4	0,5202116794580337	15,870772781159635	
1,0498391412320181E-4	0,517902128433651	15,79060668514976	
1,0495340192494411E-4	0,5155909117329214	15,717544388324182	
1,0493147023495205E-4	0,5142338493395598	15,676617124338708	
1,0235383085604442E-4	0,5033481006682203	15,152039130924036	
1,0230224273503593E-4	0,5010195423054437	15,090625346377614	
1,020810502251014E-4	0,49937990023179807	15,051797424023578	
1,0207907763329333E-4	0,48835457348089356	14,563835731101614	
1,0201599337985626E-4	0,4861958249940649	14,494604065260699	
1,0066862905186524E-4	0,48411506639046936	14,434507737555073	
1,0046459879058098E-4	0,4817407709453681	14,384959714822548	2,1758536946721154
1,0046459879058098E-4	0,4785357751826072	14,247220641795572	
1,0046459879058098E-4	0,47496081227454967	14,117669859864437	
1,0046459879058098E-4	0,4741273278958021	14,100226703073014	
1,0038339854770576E-4	0,471195017859644	13,975667501728545	
1,0034783644712027E-4	0,4698064898952212	13,923642988217768	
1,0032305035688192E-4	0,46654517989620975	13,810491914482414	
1,0032305035688192E-4	0,46473844204743203	13,736572437482057	
9,942142784089767E-5	0,4624976960793856	13,64563254388377	
9,832609751363198E-5	0,45958157218051304	13,534888061997938	
9,403131354691736E-5	0,45603592701252843	13,390195162136592	
9,393450512898368E-5	0,4544325241378741	13,323340006382248	
9,057294971851222E-5	0,45277393446948905	13,266966115176556	
8,779256263345734E-5	0,4515032949273013	13,23743731742406	
8,776631249861679E-5	0,4502025335091887	13,205041316038525	
8,768981612702784E-5	0,4487832431178228	13,151579572426995	
8,704104178143119E-5	0,44577526352750774	13,03418385764094	
8,184673395883105E-5	0,44377546285692465	12,956766949804118	
8,184673395883105E-5	0,4427759163568593	12,921347346878745	
8,146898460136656E-5	0,4406543010330829	12,869542638091637	
8,057507187015984E-5	0,4390066176627543	12,821599581882147	
8,057293966770926E-5	0,43746827956461454	12,769070705551176	
8,057293966770926E-5	0,43604672548305545	12,727702480454159	
8,057293966770926E-5	0,43487772936927166	12,685440256476479	
7,934937426862239E-5	0,42968163759037764	12,539219607087553	
7,917435199888537E-5	0,427770761383445	12,469729403829975	1,8956265533861643
7,915156828113236E-5	0,42640554139048226	12,428059118647433	
7,915156828113236E-5	0,4236801821230881	12,3231989184986	
7,491006774089707E-5	0,4224839308032483	12,286625130906168	
7,488957135799734E-5	0,42009401684752007	12,186202861418899	
7,468883193847583E-5	0,4168660360904235	12,041291019327078	
7,230973182373504E-5	0,41441660514020207	11,941713235597918	
7,230973182373504E-5	0,41260107403106466	11,887147853248791	
7,230973182373504E-5	0,41121818976229235	11,840773172596652	
7,230973182373504E-5	0,41029573149106696	11,814610679966473	
7,20747360036576E-5	0,4076547497064444	11,721338222039499	
7,194816002667772E-5	0,4059436091327076	11,666014687544159	
7,194816002667772E-5	0,4039022296072085	11,575792276204517	
7,194816002667772E-5	0,40212363989064365	11,516628873761926	
7,194816002667772E-5	0,3980684888966494	11,331416600793721	
6,896266781440612E-5	0,3961059651597054	11,25470796527171	
6,852108061623449E-5	0,39507176527751076	11,220175748556668	
6,800072527206197E-5	0,39353293990500887	11,161809977243063	
6,799711874778261E-5	0,3918761071875301	11,101986546267895	
6,793964282517353E-5	0,39116593068855643	11,08617976065445	
6,793964282517353E-5	0,38826733790614204	10,977987451435524	
6,793964282517353E-5	0,38673431083741955	10,919796586143578	
6,724820538030578E-5	0,385272434301614	10,859777536020616	
6,624102306834349E-5	0,38355979836539233	10,819390179399438	
6,624102306834349E-5	0,38169254844416445	10,735185156338753	
6,622975356915585E-5	0,37990798822641003	10,666608735242153	1,6374531191277564
6,621427581546549E-5	0,3786826522068638	10,633110448009086	
6,621092467808858E-5	0,37774758573757855	10,603195331791923	
6,618602750444292E-5	0,3761630921902112	10,535597865127873	
6,609341965088114E-5	0,3756233743002845	10,52788743342038	
6,609341965088114E-5	0,3736323758218938	10,44220801815802	
6,609341965088114E-5	0,37263234192011857	10,405633145643005	
6,457915775167679E-5	0,37197376276779026	10,382518697944796	
6,451195977531819E-5	0,37127951922875096	10,358294016855737	
6,4501946237718E-5	0,3698226256070792	10,304618802042983	
6,446443417614637E-5	0,3683784846133981	10,246660208961593	
6,430633616140223E-5	0,36674097220404034	10,20140593270645	
6,427190779420345E-5	0,3650608216684854	10,141775808112163	
6,415602619839762E-5	0,36430017169702944	10,130067485504048	
6,134990505187004E-5	0,3629161367539245	10,07816241734134	
6,001714762460161E-5	0,3624258774374274	10,07097682469009	
5,8905694945272944E-5	0,36153357185083373	10,039917157938634	
5,849892066818175E-5	0,3594974932243219	9,948736059247894	
5,848703037804364E-5	0,3574887186165501	9,885887772860265	
5,848703037804364E-5	0,35595494691903845	9,822806015339356	
5,8478566284400114E-5	0,35417035518042916	9,748821071778224	
5,8326502610195634E-5	0,3529169133446894	9,718719186810295	
5,8326502610195634E-5	0,3521432036978981	9,704962869285596	
5,8314085912268955E-5	0,35095444998148684	9,669702982623873	
5,829759506989346E-5	0,35051185492500736	9,66044979387249	
5,828157039159474E-5	0,3499722575767336	9,642364313595467	1,4876297909744378
5,82780182111945E-5	0,34941498740547666	9,6279912239276	
5,82780182111945E-5	0,34800851217055073	9,572942568130253	
5,815017018864885E-5	0,3459559617425825	9,48744592164276	
5,815017018864885E-5	0,34505447803662986	9,477806228320668	
5,8148025054946046E-5	0,34383338761922544	9,440716560246917	
5,8148025054946046E-5	0,34174509280070003	9,347740102133203	
5,81315775488309E-5	0,3412659783455512	9,334565685540452	
5,690103397965071E-5	0,3405028711245114	9,327438809813993	
5,690103397965071E-5	0,33933839066189525	9,293338300656867	
5,690103397965071E-5	0,33776168831073394	9,22774779948716	
5,689531542168106E-5	0,33681391804664157	9,194412161796677	
5,689531542168106E-5	0,33565224191797055	9,156339686768694	
5,686380781491545E-5	0,3351209484956151	9,142587467420578	
5,678105850621095E-5	0,33451263842327106	9,127182081441559	
5,6780632684050944E-5	0,33325907561034496	9,07990780581594	
5,6780632684050944E-5	0,3317175551682699	9,021809112729384	
5,6775509480239136E-5	0,3300803599967708	9,000247121817257	
5,6775509480239136E-5	0,3285878488328175	8,945176297542233	
5,6055004042967016E-5	0,32744618364381817	8,913983269470727	
5,605114921075541E-5	0,32666805247345815	8,886756240604795	
5,605114921075541E-5	0,3258203256268881	8,85816720452558	
5,605114921075541E-5	0,3252195913497193	8,844236922934726	
5,5982334534871654E-5	0,3240652843583247	8,801173821451144	
5,595761144037799E-5	0,3232783918689014	8,787688831635855	
5,595761144037799E-5	0,3229759099857155	8,78110488030079	1,3606649797543517
5,595761144037799E-5	0,31991448784787413	8,6437295244668	
5,458860285067611E-5	0,3174712998203266	8,61378795286656	
5,458860285067611E-5	0,31716955167707683	8,6101934497593	
5,458860285067611E-5	0,31624170543486224	8,580204310755779	
5,458860285067611E-5	0,3146140655763652	8,518322111956946	
5,458860285067611E-5	0,313681578917834	8,490274884268821	
5,164526221969291E-5	0,31339604025955903	8,484839558170597	
5,164526221969291E-5	0,3124693004645815	8,455785837986259	
5,164526221969291E-5	0,31163663364935945	8,441541837176981	
5,1556224793355614E-5	0,3110041698822542	8,42138410286981	
5,148658968847701E-5	0,30951360662670885	8,384857201185074	
4,884422183156423E-5	0,30864454385885304	8,350534908322611	
4,884422183156423E-5	0,3079753781913951	8,329526477280403	
4,879056562781079E-5	0,30683922997146246	8,29488709445872	
4,8788377267659734E-5	0,30620760222134746	8,272215035450692	
4,875429787538042E-5	0,3042546349865535	8,25094609268476	
4,874833524981664E-5	0,3022888135139387	8,191202519500939	
4,874833524981664E-5	0,3013760751160166	8,165253189535278	
4,874570877946174E-5	0,3008057089419593	8,149983461779335	
4,8744959716754655E-5	0,29969579067873053	8,114145072487508	
4,8744208331259226E-5	0,2988051903988758	8,089590792905614	
4,832776509048552E-5	0,29757878239946095	8,038525483520488	
4,8260625422260376E-5	0,29709348994290263	8,02828991167394	
4,82553512268183E-5	0,2966513566001208	8,01670385810736	
4,822356772022355E-5	0,2960171699972111	8,002902928539305	1,2393274104248917
4,822356772022355E-5	0,29450851979472364	7,957628076588769	
4,668159670475372E-5	0,2942240623497878	7,951826788820994	
4,662670779221035E-5	0,29206287224079125	7,8700592871102	
4,662670779221035E-5	0,29113492084353004	7,838818823974183	
4,662670779221035E-5	0,29062615615220294	7,822219092096081	
4,662670779221035E-5	0,2902855359712152	7,816498882685165	
4,662670779221035E-5	0,2896153658625088	7,802339880356892	
4,662670779221035E-5	0,28914069324737296	7,789670913115433	
4,662670779221035E-5	0,2884901089253463	7,764720869673764	
4,6626311022806634E-5	0,28806506438750906	7,754393942838033	
4,6626311022806634E-5	0,2872410316720007	7,722979205711443	
4,6626311022806634E-5	0,28653558150526753	7,713374920346114	
4,6626311022806634E-5	0,28569214097037693	7,679614195497667	
4,565224660925478E-5	0,2854705896284442	7,676688999682914	
4,563475889592985E-5	0,2847900601359685	7,648568657916888	
4,527689988858906E-5	0,28376063308864025	7,6047243576843115	
4,527689988858906E-5	0,2833519734090001	7,600159525211889	
4,527689988858906E-5	0,2827672839325551	7,592084519418522	
4,527689988858906E-5	0,28235120597963587	7,580031511427896	
4,527689988858906E-5	0,2814963251008401	7,5460252139258035	
4,527689988858906E-5	0,28085477101128764	7,521331761691198	
4,527689988858906E-5	0,2797271940392329	7,494638339939358	
4,527689988858906E-5	0,2781756590545374	7,424027976509874	
4,356805475093561E-5	0,27785102481693436	7,414804224440385	
4,356805475093561E-5	0,27677053557238473	7,4135742462768075	1,1445877228876022
4,356805475093561E-5	0,2765709766754199	7,412971808307395	
4,356805475093561E-5	0,27557843302909757	7,377821007606193	
4,3553086610419196E-5	0,27458382643920787	7,342939759408717	
4,3553086610419196E-5	0,2735315538192283	7,298644668288799	
4,3553086610419196E-5	0,2731677189509994	7,2934009688402694	
4,3553086610419196E-5	0,2723913872725922	7,272230133026913	
4,344598443157082E-5	0,27189692563856854	7,258227883977381	
3,9779896301416435E-5	0,2711360455164786	7,239366050238967	
3,976844182193164E-5	0,2706871259004147	7,225456334983149	
3,976844182193164E-5	0,26981352338778297	7,202214582502727	
3,828693049238402E-5	0,2689180875858297	7,1637482220391	
3,807928086801177E-5	0,2676664249257089	7,115265125405402	
3,807928086801177E-5	0,26747488657909047	7,110051100534623	
3,801605101239739E-5	0,26664090295493353	7,090219591951338	
3,801605101239739E-5	0,2657773086724005	7,0538878779669085	
3,7460468217197344E-5	0,2653647192793363	7,038964123076449	
3,668740722999119E-5	0,26378900164399127	6,976131813013528	
3,668740722999119E-5	0,263169209211194	6,957055650527542	
3,667682664334351E-5	0,2625844619284466	6,936176199734249	
3,6651412995086926E-5	0,2617494607703687	6,915492741510999	
3,5186863536431975E-5	0,2613851869627628	6,903903727309359	
3,5186863536431975E-5	0,2611795119673189	6,898787275024656	
3,5186863536431975E-5	0,2607134639803069	6,880377454853927	
3,515787582644813E-5	0,25991093031986146	6,864880965991679	
3,515279242933217E-5	0,25930291250988724	6,85003841391793	1,059490989623845
3,515279242933217E-5	0,2573402916184353	6,756592636046313	
3,515279242933217E-5	0,25692489226508575	6,741172977254737	
3,515279242933217E-5	0,2561371036828957	6,728642177131374	
3,514806156633537E-5	0,25593155513380944	6,725583012709888	
3,514806156633537E-5	0,2548922653383313	6,682056033037818	
3,514806156633537E-5	0,25465445543815934	6,680261314331132	
3,5140865178031E-5	0,2543165534175155	6,668379515761742	
3,49678797948749E-5	0,25337196340439716	6,631889806235323	
3,4498226445848794E-5	0,2528483460578026	6,617085382147633	
3,449587892390379E-5	0,2525020419801391	6,603683677379276	
3,449587892390379E-5	0,2505261314982116	6,517684432322621	
3,449587892390379E-5	0,2500184334287441	6,501753152322549	
3,448102181826165E-5	0,24967607174258544	6,488986546004083	
3,448102181826165E-5	0,2494744449024421	6,484372458139481	
3,445964646030968E-5	0,24921018387219576	6,478417701897156	
3,445964646030968E-5	0,24840226356118383	6,469773158237177	
3,445964646030968E-5	0,24803887002326402	6,463376024167164	
3,4454358683339566E-5	0,24695680912289641	6,417958470592129	
3,4453437904462044E-5	0,24671295408845859	6,408671705572054	
3,4453437904462044E-5	0,24658286571644766	6,407813939612225	
3,304712377438569E-5	0,24591606280075282	6,380127088371006	
3,23820026033038E-5	0,24568735845714787	6,37418300132559	
3,177891580265541E-5	0,24470907310587792	6,332769685345207	
3,177891580265541E-5	0,24439526986176852	6,33196309891472	
3,116601719234077E-5	0,24375181478254354	6,304562990772607	0,9782538447435454
3,116601719234077E-5	0,2433557358963736	6,2885589433369775	
3,116601719234077E-5	0,2431664988650881	6,288260188931963	
3,1139638064473844E-5	0,2426271077665423	6,270340195994806	
3,1139638064473844E-5	0,24217151612917448	6,250599662009202	
3,1139638064473844E-5	0,2417775894255465	6,242917601184042	
3,1139638064473844E-5	0,24131529932012305	6,229307855744055	
3,1139638064473844E-5	0,2408450690038634	6,215507591969534	
3,1137278733810945E-5	0,24032784544341582	6,193958104717137	
3,112513180853824E-5	0,24012658954275864	6,1876598494872015	
3,112513180853824E-5	0,2399886126937588	6,184846687503267	
3,112310784271585E-5	0,23963695154536918	6,171842688243892	
3,112310784271585E-5	0,2393259930301119	6,168949075018581	
3,112310784271585E-5	0,23897422272068794	6,156471257702565	
3,1121214807990394E-5	0,23810613531127378	6,119065713866921	
3,1111758518625617E-5	0,23788730260763927	6,114024688453529	
3,1111758518625617E-5	0,23748113902790102	6,1073987214691305	
3,1111758518625617E-5	0,2368967654981957	6,0829880941078	
3,1106879684489E-5	0,2365508653295883	6,070447669549543	
3,1106879684489E-5	0,23639429309750773	6,066563583537853	
3,1106879684489E-5	0,23626358837336306	6,065374287515907	
3,106859231393489E-5	0,2358554673961625	6,055616063903205	
3,106859231393489E-5	0,23575909949658225	6,054178325174447	
3,106859231393489E-5	0,23545583873619091	6,046384561817343	
3,106859231393489E-5	0,23388473000781254	5,981062887168629	
3,106859231393489E-5	0,23336079145447314	5,960228268704661	0,9279138020418837
2,9507955642354987E-5	0,23320418163220386	5,957187290400819	
2,9448219026829493E-5	0,2327857361531037	5,943632061489348	
2,9448219026829493E-5	0,23233047075852148	5,930378082209201	
2,9448219026829493E-5	0,23052895827967632	5,846356697420698	
2,805372986145982E-5	0,22986301733007372	5,822479193928125	
2,805372986145982E-5	0,22959234720725913	5,818628737547922	
2,8049419702862025E-5	0,22938077412231425	5,815344367052647	
2,8035166411858955E-5	0,22907017928521903	5,803534814124819	
2,8035166411858955E-5	0,228604493027264	5,787350813361311	
2,8035166411858955E-5	0,22835572350528047	5,777969803161612	
2,801799382625952E-5	0,22775764055642628	5,760257643242514	
2,801799382625952E-5	0,2274088598579017	5,753164196289203	
2,801799382625952E-5	0,22699562164058368	5,746056546911828	
2,679822793923108E-5	0,22605629442981404	5,703258684754566	
2,679822793923108E-5	0,22561940907038516	5,686861923895037	
2,679822793923108E-5	0,22505909310266808	5,662192411034379	
2,679822793923108E-5	0,22461620349724523	5,644765605675596	
2,679822793923108E-5	0,2244007364254955	5,6379487283070695	
2,679822793923108E-5	0,2241390740596788	5,631498288773125	
2,679661304308189E-5	0,22389048141227103	5,627475521899653	
2,679661304308189E-5	0,22274824857039982	5,576172196722015	
2,679661304308189E-5	0,21967229793864237	5,42739297126888	
2,679661304308189E-5	0,21953244256681217	5,425334916249876	
2,679661304308189E-5	0,21904678157537988	5,4093895351011545	
2,679661304308189E-5	0,21889128230791474	5,404931744804572	0,8489187050724095
2,6166324869627788E-5	0,21739288679759358	5,337456820613526	
2,6166324869627788E-5	0,21698101617794863	5,320201620626538	
2,6166324869627788E-5	0,21681972405621786	5,319743676205616	
2,6164922164337864E-5	0,21615198791921075	5,290899940700195	
2,6164922164337864E-5	0,2160788968166374	5,289537442505747	
2,6164922164337864E-5	0,21573463330024367	5,275124259667944	
2,6164922164337864E-5	0,21519395343110959	5,2585132178260565	
2,6164922164337864E-5	0,2147476335072101	5,2400726033408604	
2,49462823773858E-5	0,21458275421107856	5,234647458588074	
2,2163009510278816E-5	0,21411722620898793	5,21613051631881	
2,2162877304989816E-5	0,21400418477639596	5,213618722986158	
2,2162877304989816E-5	0,21366952410059661	5,202159923201971	
2,2162877304989816E-5	0,21359273993005584	5,201963263320428	
2,2065841260738253E-5	0,2132507233701389	5,1880913309051495	
2,2065841260738253E-5	0,21310067739443783	5,183282569653494	
2,2064568178946015E-5	0,21276288426218584	5,17209544271137	
2,2062823430897513E-5	0,2126649401468777	5,17116611959328	
2,2062823430897513E-5	0,21247657230865674	5,166797341311548	
2,2062823430897513E-5	0,21193662385957904	5,1426790205575585	
2,2062823430897513E-5	0,2118583347412036	5,141037173913102	
2,2062823430897513E-5	0,21169753828742824	5,135628876890467	
2,2062823430897513E-5	0,21162594016718242	5,134588106473716	
2,2062823430897513E-5	0,2114232771621333	5,128062670831033	
2,0862159373797865E-5	0,2111977846540153	5,119863883967354	
2,0862159373797865E-5	0,21053959680686202	5,096685532678275	0,8062512215177453
2,0862159373797865E-5	0,21045105902403435	5,095236656223648	
2,066454193073854E-5	0,210107114616451	5,081523460189227	
2,066454193073854E-5	0,20988290067643356	5,076358938216405	
2,066454193073854E-5	0,20907886244916415	5,039800890644893	
2,066454193073854E-5	0,2089317167540617	5,035760561981993	
2,066454193073854E-5	0,20881519803622883	5,032426338623301	
2,066454193073854E-5	0,20868381400002803	5,030712681549926	
2,0662735079161196E-5	0,20829286208970255	5,013866985070879	
2,0662735079161196E-5	0,20822002773108522	5,012514487666298	
2,0662735079161196E-5	0,20804233327925986	5,006545528974658	
2,0662735079161196E-5	0,20785247207247243	4,998736964048414	
2,0662171096833356E-5	0,2074475864735222	4,9819134059014525	
2,0548110866342464E-5	0,20722558321346513	4,972908741359227	
2,0548110866342464E-5	0,20701631935745218	4,966106773356894	
2,0548110866342464E-5	0,20689338750696146	4,962282706213627	
2,0223843042119867E-5	0,2068098773639757	4,9620979613334155	
1,9989464402072307E-5	0,20658064426174907	4,952901499060688	
1,9989464402072307E-5	0,20598989297256348	4,925698503133104	
1,9989464402072307E-5	0,20571012949166845	4,915002918774061	
1,998430551165152E-5	0,20548940214781963	4,906039426859833	
1,998430551165152E-5	0,205234397994603	4,902505769162429	
1,998430551165152E-5	0,2050689483675422	4,90025313085301	
1,998430551165152E-5	0,20495721025783953	4,8999284969083075	
1,998430551165152E-5	0,20488207779212686	4,8995579237478015	
1,998430551165152E-5	0,2046552151129256	4,893603507038247	0,7785252679043683
1,998430551165152E-5	0,20450888117322344	4,889139040361097	
1,998430551165152E-5	0,20435865320834837	4,883505840428838	
1,998430551165152E-5	0,20416479510091678	4,8779758369922055	
1,998430551165152E-5	0,20413356382460382	4,877864017983789	
1,9982752322807363E-5	0,2040757950980105	4,8765606768187055	
1,9965263003299148E-5	0,20397728717782784	4,874907211229221	
1,9965263003299148E-5	0,2039422641571297	4,874853777637091	
1,9965263003299148E-5	0,20387851394292789	4,8744063933985435	
1,9965263003299148E-5	0,20327560142360937	4,846498770904792	
1,99632265757781E-5	0,20320947347769622	4,846408781176455	
1,99632265757781E-5	0,20271162436132087	4,827415898466239	
1,99632265757781E-5	0,2026414599591868	4,8262049762343775	
1,99632265757781E-5	0,2021951233206962	4,808275687556992	
1,993805888751781E-5	0,20212269759507953	4,808064233505039	
1,991516313104168E-5	0,2020163227681432	4,804328190567189	
1,9350877086936336E-5	0,20195914740098936	4,803884116262477	
1,9350877086936336E-5	0,20136259450923627	4,777255227935051	
1,9350877086936336E-5	0,2011898501529577	4,770253494287738	
1,9350877086936336E-5	0,20108290090499145	4,767947896740231	
1,935050448155302E-5	0,2010147298921061	4,7675203613244355	
1,935050448155302E-5	0,20087277963039984	4,762958388887288	
1,9121284125008343E-5	0,2005186400326906	4,7520551818452015	
1,9121284125008343E-5	0,2003637602808025	4,746454903632577	
1,9121284125008343E-5	0,2003035322558699	4,745676903934704	
1,9121284125008343E-5	0,20024406295724032	4,745402641129697	0,7572733496791217
1,8079807802766753E-5	0,20018939749670694	4,745331060815369	
1,8079807802766753E-5	0,1999537189872887	4,735639057074496	
1,8079807802766753E-5	0,1998729810865035	4,734445115971784	
1,8079807802766753E-5	0,1996489387862864	4,7252354771938165	
1,8079807802766753E-5	0,1994813461075565	4,718879890795124	
1,8079807802766753E-5	0,19944776928034064	4,718658012672527	
1,8079807802766753E-5	0,19935253983415652	4,7176835536520185	
1,8079807802766753E-5	0,19915940267347373	4,7107854902632615	
1,8079807802766753E-5	0,19912704024553304	4,710607940142361	
1,8079807802766753E-5	0,19906201008270888	4,710502881208083	
1,8079807802766753E-5	0,1990253807645491	4,710444886985618	
1,8075073625321333E-5	0,19900090706521287	4,710341602241871	
1,8075073625321333E-5	0,19876453566752558	4,703739585035208	
1,8075073625321333E-5	0,1987230941065659	4,703091403053437	
1,8075073625321333E-5	0,19845730177535537	4,691854395119627	
1,8074831966373937E-5	0,19806587831176517	4,67613490108906	
1,8074831966373937E-5	0,19769670442832735	4,662711459172994	
1,8072555864023727E-5	0,1966762694054399	4,614500977279806	
1,8072555864023727E-5	0,1962537130437748	4,595076232954454	
1,7888992622318585E-5	0,1961749738283427	4,593187571481666	
1,7888992622318585E-5	0,19569022981276427	4,570305822600631	
1,7888992622318585E-5	0,19547579794424202	4,56286539209808	
1,7646367084402955E-5	0,1953820058995432	4,559952057472863	
1,764551859962463E-5	0,1953202291323769	4,5586496950470785	
1,764551859962463E-5	0,19507316053798987	4,550699956293316	0,7293170579190241
1,764551859962463E-5	0,19468094439779315	4,532833298334117	
1,764551859962463E-5	0,1945227706420149	4,528260151595125	
1,764551859962463E-5	0,19446307407761257	4,527777224106575	
1,764551859962463E-5	0,19406284042772953	4,5099507946870965	
1,764551859962463E-5	0,19393391178905336	4,5053359872467045	
1,7638964441976486E-5	0,19388062331681483	4,505040716663739	
1,7637609087932442E-5	0,1938199567729084	4,504802741214924	
1,7637609087932442E-5	0,19375412619050356	4,504384557300111	
1,740825921734775E-5	0,19344553489550875	4,49263282331446	
1,7404196015756044E-5	0,1932239421402416	4,483114095085363	
1,7404196015756044E-5	0,19312907471846433	4,4811765160927335	
1,7404196015756044E-5	0,19292925901332864	4,473498175061788	
1,7404196015756044E-5	0,192727912115449	4,466451783800225	
1,7404196015756044E-5	0,19268575369633717	4,466039595536461	
1,739577020474078E-5	0,19247953646699606	4,45774376849512	
1,739437535944106E-5	0,1923421932771264	4,452660862232928	
1,739437535944106E-5	0,19220183954342357	4,447426522757775	
1,739437535944106E-5	0,19212839428993736	4,445419731171264	
1,739437535944106E-5	0,1920195623390108	4,441626769234115	
1,739437535944106E-5	0,1918286342474692	4,435037123504476	
1,7052438220352687E-5	0,1917534689649732	4,433188836272275	
1,703023929600428E-5	0,19119661414818306	4,409386326298104	
1,703023929600428E-5	0,19116521744135992	4,409374434998896	
1,703023929600428E-5	0,19108946168598387	4,409374434998896	
1,6900170040377738E-5	0,19094836540929588	4,4042644972347	0,7081395840478193
1,6884542060728317E-5	0,1908034892808171	4,401131098404322	
1,6884542060728317E-5	0,1907474227120513	4,400713706036789	
1,688276347460723E-5	0,19069046031322706	4,399737634923082	
1,688276347460723E-5	0,1906441495111289	4,399566853766161	
1,6880435574336163E-5	0,190601855330918	4,399303956048403	
1,6880435574336163E-5	0,19037763265663984	4,389689446527764	
1,6870401212712013E-5	0,1903104728113357	4,38857966599603	
1,6870401212712013E-5	0,19024296100848914	4,387204047845187	
1,6859671591366194E-5	0,18973904220286414	4,363423345911396	
1,6859671591366194E-5	0,18969924667120128	4,3631729414726275	
1,6859671591366194E-5	0,1896319003411801	4,362098612908259	
1,6859671591366194E-5	0,18954982042586577	4,359577091005796	
1,6859671591366194E-5	0,189199616658671	4,343468203278175	
1,685957206297854E-5	0,18916120486458138	4,342726529882643	
1,6858854928394565E-5	0,18912892924091868	4,3426934597307305	
1,6858854928394565E-5	0,18866477268230483	4,320845984148097	
1,6858854928394565E-5	0,18862849583150554	4,320845984148097	
1,6858854928394565E-5	0,1886038054081109	4,320809920462018	
1,6858854928394565E-5	0,18833599031563888	4,309195196553748	
1,6858854928394565E-5	0,1883032787199653	4,3091400585199935	
1,6858854928394565E-5	0,18806706852260116	4,299399620574889	
1,6858854928394565E-5	0,187955201316035	4,296612362824063	
1,6858854928394565E-5	0,1877628119478821	4,29066076542732	
1,6858854928394565E-5	0,18768846909045345	4,289757839236334	
1,6858854928394565E-5	0,1876570304698234	4,28947802597019	0,6913994554965379
1,6858854928394565E-5	0,18756763653467926	4,287125615845785	
1,6858854928394565E-5	0,18744360741739746	4,282768674521867	
1,6858854928394565E-5	0,18740056592678628	4,281855704242923	
1,6858854928394565E-5	0,18715993817863066	4,272351343335281	
1,6858854928394565E-5	0,18698203921948017	4,265817842634296	
1,6858854928394565E-5	0,18683856510746705	4,259753460802795	
1,6858854928394565E-5	0,18672158274687445	4,256082016188394	
1,6858854928394565E-5	0,18663875325338522	4,255990486408674	
1,6858854928394565E-5	0,18653998097416896	4,254145706028678	
1,6858374531252617E-5	0,1864839498211045	4,253382288629261	
1,6858374531252617E-5	0,18643072341967493	4,253352074757755	
1,6858374531252617E-5	0,18638511008052613	4,2531538662150865	
1,66999791380768E-5	0,1863428893223481	4,252640026382192	
1,66999791380768E-5	0,18603728128019495	4,238715876766202	
1,66999791380768E-5	0,1859841664303032	4,23736920204318	
1,66999791380768E-5	0,18560369930682513	4,222711757865654	
1,66999791380768E-5	0,18529808966841876	4,208596945101633	
1,66999791380768E-5	0,1847647555408235	4,185502576306909	
1,6699053873421177E-5	0,18444224112443358	4,171139821067212	
1,6699053873421177E-5	0,18433694161681685	4,1672376258383075	
1,6699053873421177E-5	0,18398209398095125	4,1512024149558435	
1,6699053873421177E-5	0,1838914043543901	4,14843727883113	
1,6695059877329686E-5	0,18384654073856332	4,148222908641531	
1,6695059877329686E-5	0,18381172203433555	4,148143006093409	
1,6695059877329686E-5	0,18378650332091515	4,148077707127671	0,6708994809983234
1,6695059877329686E-5	0,18368850386995395	4,146033473785715	
1,6430499584335194E-5	0,1836585999109069	4,145770920508765	
1,6430499584335194E-5	0,18353363682047955	4,141068175169322	
1,6430499584335194E-5	0,18322464078833917	4,126577623669608	
1,6430499584335194E-5	0,18292235596723855	4,113735386135164	
1,6430499584335194E-5	0,1828588309527966	4,1136417276684725	
1,6430499584335194E-5	0,18279936657581014	4,112559797170102	
1,6430499584335194E-5	0,18276381852988696	4,11227064726379	
1,6430499584335194E-5	0,18270201480628306	4,1108674580143	
1,6429881659978086E-5	0,1826398026192004	4,108971339665201	
1,6215431323473E-5	0,18197233450846975	4,076856187476084	
1,5654164493585514E-5	0,18191607035090052	4,076768494523401	
1,5654164493585514E-5	0,18155885731837298	4,060103203009977	
1,5654164493585514E-5	0,1813388792292583	4,051023699219333	
1,565377878409933E-5	0,1811305552738784	4,044483919679783	
1,565341402635193E-5	0,1808626198377582	4,032652686116347	
1,565341402635193E-5	0,1808150003202564	4,032595026440441	
1,565341402635193E-5	0,18033505664188382	4,010047318944609	
1,565341402635193E-5	0,17981171666919177	3,9855816177496406	
1,565341402635193E-5	0,17967615428454692	3,9803757277409146	
1,565341402635193E-5	0,179369405004457	3,967523908918727	
1,565341402635193E-5	0,17929136129342446	3,967464951235465	
1,565341402635193E-5	0,17918202717932719	3,96308001079876	
1,565341402635193E-5	0,1790351519578003	3,9578563257663224	
1,565341402635193E-5	0,17881536877088464	3,9483997017574173	0,6422862626996124
1,565341402635193E-5	0,17879168775394283	3,9481203562596607	
1,565341402635193E-5	0,17862391822331944	3,9414631367650417	
1,565341402635193E-5	0,17839627519652787	3,932006105763262	
1,565341402635193E-5	0,17831457688322483	3,931238189741212	
1,565341402635193E-5	0,17809289731886185	3,9210724362375413	
1,565341402635193E-5	0,17801089163670367	3,9183345762661936	
1,565341402635193E-5	0,1779747147477469	3,918305932209534	
1,5079484431373028E-5	0,1775610629446999	3,9009756525464128	
1,5079277659133115E-5	0,1773857313951423	3,893766917224157	
1,5079277659133115E-5	0,17684526154737468	3,868892713436957	
1,5079277659133115E-5	0,1767449013386511	3,865407335260403	
1,5079277659133115E-5	0,17671674905146934	3,8653024124154207	
1,5079277659133115E-5	0,1766579429080289	3,864800928731503	
1,507690618526466E-5	0,1761949503217836	3,8425318854004673	
1,507690618526466E-5	0,1761652130950918	3,842397380917161	
1,5074782156156247E-5	0,17605664881332825	3,8391981267915845	
1,5074782156156247E-5	0,17569228134779738	3,8224403938424762	
1,5074782156156247E-5	0,17560570933334685	3,8218802069507523	
1,5074782156156247E-5	0,17547037613152544	3,81680503954965	
1,5074782156156247E-5	0,1750953335534404	3,7990481641199265	
1,4391936775997944E-5	0,17502931575721928	3,798958264002772	
1,4391936775997944E-5	0,17484903501133953	3,7906575420556954	
1,3706146844311791E-5	0,17480537450341324	3,7895933755617364	
1,3706146844311791E-5	0,1747110424535536	3,785846612163949	
1,3705400226925659E-5	0,17467756924217553	3,7857538363246435	0,6189528125202071
1,3705400226925659E-5	0,17464720169432574	3,7856513161387477	
1,370314307247912E-5	0,17459509936168172	3,7855109885284777	
1,3701808794659958E-5	0,1745432293641957	3,7854193428601466	
1,3390481189829448E-5	0,1744696300328605	3,7831126136639543	
1,3390481189829448E-5	0,1744205568366593	3,781927314848391	
1,3390481189829448E-5	0,1742869507885719	3,7766030035784426	
1,3390481189829448E-5	0,17420841288822334	3,7766030035784426	
1,3390481189829448E-5	0,17411236531833052	3,7736102005674974	
1,3387905566108332E-5	0,17408422643173466	3,773590560620503	
1,3387254607278617E-5	0,1739315493039589	3,767406978847097	
1,3387254607278617E-5	0,17368610906045326	3,7563518781876803	
1,3387254607278617E-5	0,17365127208605385	3,7561454346293015	
1,3379494777342686E-5	0,17362190022751334	3,75587936253776	
1,3379494777342686E-5	0,1735830792101934	3,7558666607750784	
1,3379494777342686E-5	0,17342651877225482	3,7496731769990457	
1,3378328488051387E-5	0,17331448039924754	3,746403218899199	
1,3378328488051387E-5	0,1732945905454059	3,746349072050437	
1,3378328488051387E-5	0,17325397700438588	3,745548077995466	
1,3378328488051387E-5	0,17322059023232592	3,745544560672675	
1,31526132803938E-5	0,17308728691640216	3,7421384679650602	
1,31526132803938E-5	0,17299766935903438	3,7390480772029684	
1,31526132803938E-5	0,17291976026459271	3,738965416937708	
1,31526132803938E-5	0,17287113016639022	3,738894832295866	
1,3152407571761865E-5	0,1724030011920335	3,7167678870660654	
1,3152407571761865E-5	0,17238051047469433	3,7165552648470834	0,6086023969310511
1,3151554809435335E-5	0,17219014682214367	3,7087303377680088	
1,3151554809435335E-5	0,17206635336674211	3,703738973942162	
1,313537545438937E-5	0,17180749156439418	3,6924120962372933	
1,3134337416227943E-5	0,1717797807917772	3,692247313808498	
1,3134337416227943E-5	0,1717312493820526	3,6921449643260673	
1,3134337416227943E-5	0,17169468920330297	3,691314930735323	
1,3134337416227943E-5	0,17162507890417403	3,6890260842403797	
1,3134337416227943E-5	0,17141549127130584	3,68077482187169	
1,3134337416227943E-5	0,171368043500197	3,6800538414320165	
1,3134337416227943E-5	0,17128905950173476	3,677088907515466	
1,3134337416227943E-5	0,1709528343434232	3,6618641407568657	
1,2969342935013578E-5	0,1706633485818883	3,648651428801922	
1,2969342935013578E-5	0,17061801487392414	3,647637204464699	
1,2969342935013578E-5	0,17050304200064667	3,6435150532661424	
1,2969342935013578E-5	0,17007553022990862	3,623278858211545	
1,2967632122064168E-5	0,1700447636494746	3,623014345980028	
1,2967632122064168E-5	0,17002982780906714	3,623001014272557	
1,2967632122064168E-5	0,16995926122487326	3,6206590884484395	
1,2967632122064168E-5	0,16991106435960593	3,6205615000738476	
1,2967632122064168E-5	0,16945861934010117	3,599312925750462	
1,2967632122064168E-5	0,16929901201720512	3,595243193779585	
1,2966565438068228E-5	0,16924694006852814	3,59438384998189	
1,2966565438068228E-5	0,1691228865826172	3,589790031303937	
1,2966565438068228E-5	0,1690614740883651	3,5892262304298264	
1,2966565438068228E-5	0,16883807255836059	3,5790899516662473	0,5886492881065876
1,2966565438068228E-5	0,16881059886289396	3,578886748401774	
1,2966565438068228E-5	0,16870111116251096	3,577216551988775	
1,2966565438068228E-5	0,1686387567307805	3,577112837836619	
1,2966565438068228E-5	0,16860446802558016	3,576550097480066	
1,2966565438068228E-5	0,16856292492759029	3,5758920153298335	
1,2966565438068228E-5	0,16852104414519015	3,5758480722060644	
1,2966565438068228E-5	0,1684959887374899	3,5757145156652093	
1,2966565438068228E-5	0,16845472417900478	3,5752397699619918	
1,2966565438068228E-5	0,16842384593877546	3,5751729433378006	
1,2966565438068228E-5	0,16834565844614738	3,572306199422371	
1,2966565438068228E-5	0,168225649360569	3,567129028104427	
1,2966565438068228E-5	0,16810105553868002	3,564229152103664	
1,2966565438068228E-5	0,16806592757226937	3,5634990976919734	
1,2966565438068228E-5	0,16802319477617617	3,5625749893793297	
1,2966565438068228E-5	0,16799808876762035	3,5625024237368104	
1,2966524470356363E-5	0,1678501157709524	3,556824700736732	
1,2966524470356363E-5	0,16783065900861213	3,55673736753774	
1,2964920807255484E-5	0,16780580558264901	3,556612638976868	
1,2964920807255484E-5	0,16775117427650998	3,5557055089987553	
1,2964920807255484E-5	0,16760321468011746	3,5490948572225096	
1,2964920807255484E-5	0,16755958816257116	3,5490394576474404	
1,2964920807255484E-5	0,16744398624641302	3,5446740308457962	
1,2964920807255484E-5	0,1673574474705018	3,541643376694072	
1,2964920807255484E-5	0,16727728735036462	3,539187284877609	
1,2964920807255484E-5	0,16724745736280006	3,53892352675096	0,5824970066321095
1,296305336846086E-5	0,16720701922891998	3,537599667798501	
1,296305336846086E-5	0,16716187542133215	3,537036226920506	
1,296305336846086E-5	0,1670341543537242	3,5334121696808927	
1,296305336846086E-5	0,16699654763266136	3,532489118800397	
1,296305336846086E-5	0,16697472511966954	3,532489118800397	
1,296305336846086E-5	0,16694722755877617	3,5324662618521905	
1,296305336846086E-5	0,16687593602609346	3,5309533197248135	
1,296305336846086E-5	0,16665185106637342	3,5206822478202286	
1,296305336846086E-5	0,16662255507055396	3,520640399509753	
1,296305336846086E-5	0,16635135979800497	3,5104780516338963	
1,2959172732717904E-5	0,16625668791068296	3,506860335654035	
1,2959084266661595E-5	0,16621441212595106	3,505881912122362	
1,2959084266661595E-5	0,16619937505570484	3,505849170612958	
1,2959084266661595E-5	0,16614660345306503	3,5043871518211116	
1,2959084266661595E-5	0,16610666702795662	3,503526664858277	
1,2959084266661595E-5	0,16589109547635242	3,493891653638652	
1,2959084266661595E-5	0,165870395083075	3,493873380102422	
1,2959013718045435E-5	0,16571054604477517	3,487986760109702	
1,2959013718045435E-5	0,16568502526628137	3,487978950584515	
1,2956408232365041E-5	0,1656613233123757	3,48790124360123	
1,2956408232365041E-5	0,165508441745199	3,4812198363218068	
1,2956408232365041E-5	0,16542802969208695	3,478317973415862	
1,2956342300588598E-5	0,16533481706452946	3,475756413069243	
1,2956342300588598E-5	0,1650834380427775	3,464426954155706	
1,2956342300588598E-5	0,1650605514337597	3,4644245418378983	0,5717543534803473
1,2956342300588598E-5	0,16496978854508368	3,4617576404835035	
1,2950103876816904E-5	0,16491387301373756	3,4600733953127367	
1,2950103876816904E-5	0,1647154002315536	3,451363065774341	
1,2950103876816904E-5	0,16448172337023093	3,4408767233048625	
1,2950103876816904E-5	0,1644100128873472	3,438323187386761	
1,2950103876816904E-5	0,1643595347174405	3,437443781150888	
1,2950103876816904E-5	0,1643050743567396	3,4358149012516135	
1,2950103876816904E-5	0,1641027825423504	3,4276661460325717	
1,2950103876816904E-5	0,16404814295521813	3,4258980915756876	
1,295007625552317E-5	0,16401018465636782	3,424927153681983	
1,288193358922489E-5	0,16384464237716515	3,4191223609888755	
1,2880439684493653E-5	0,1637540857736844	3,4177889150512897	
1,2802552555709203E-5	0,163730510893677	3,417631216888788	
1,2802552555709203E-5	0,1635612645956748	3,4100888954761763	
1,2802552555709203E-5	0,16338491760218052	3,4028374192262345	
1,2802552555709203E-5	0,16336335618474704	3,402465318908418	
1,2802535716320731E-5	0,16328754273252902	3,400689839340717	
1,2802535716320731E-5	0,16326115173330158	3,400544020148629	
1,2802535716320731E-5	0,16322864161105438	3,400156140328914	
1,2802535716320731E-5	0,16315805771786057	3,397224679002973	
1,2802535716320731E-5	0,16290337066796665	3,3877066362646873	
1,2802535716320731E-5	0,16284221987148922	3,38759582678831	
1,2802535716320731E-5	0,16260498965614656	3,3794309026328335	
1,2802535716320731E-5	0,16257348611405192	3,3788603262371417	
1,2801091831829738E-5	0,16242393106016337	3,374729537084337	0,5588896240754235
1,2801091831829738E-5	0,16238702344152847	3,374393364426163	
1,2801091831829738E-5	0,16231193898711005	3,371597961974509	
1,2801091831829738E-5	0,16225994300844054	3,3715015576629854	
1,2800754834467127E-5	0,1621712506474388	3,3688268650135695	
1,2800754834467127E-5	0,16215372276026696	3,368824751876491	
1,2793388906832945E-5	0,1620944490938255	3,368794351110547	
1,2793388906832945E-5	0,162017706929288	3,368363967712828	
1,2793388906832945E-5	0,16191160917023428	3,365192664712715	
1,2793388906832945E-5	0,1618737901458418	3,3644388117274024	
1,1959331920825294E-5	0,16177917858660312	3,36184538596238	
1,1959331920825294E-5	0,1616625948961153	3,3575603250256245	
1,1959331920825294E-5	0,16158139713917696	3,3546123692160577	
1,1959331920825294E-5	0,16156413354730106	3,354548685231381	
1,1959331920825294E-5	0,16153557876651625	3,3539799234324006	
1,1959331920825294E-5	0,1614507163737292	3,35140056991965	
1,1958862790785027E-5	0,1614212304137345	3,3513330961698973	
1,1958862790785027E-5	0,1613607362281841	3,3512546146488438	
1,1958862790785027E-5	0,16133357331314374	3,3512044745766367	
1,1958862790785027E-5	0,16124431811280707	3,3509474732256614	
1,1958862790785027E-5	0,16108290358930563	3,344430101600033	
1,1958862790785027E-5	0,16091760334792013	3,3443632035362585	
1,1958862790785027E-5	0,16089074396660263	3,343757766379139	
1,1956495128049196E-5	0,1608091531928172	3,3428402092091973	
1,1956495128049196E-5	0,16076996102111363	3,341925541441128	
1,1214060035266714E-5	0,1607058201696888	3,341038273371306	0,5536254811423048
1,1214060035266714E-5	0,1606445054903206	3,339644978556078	
1,1214060035266714E-5	0,16061960327898714	3,3395930593557632	
1,1214060035266714E-5	0,16046230248654342	3,33564046695284	
1,1214060035266714E-5	0,16037256857373475	3,332415113322524	
1,1214060035266714E-5	0,16034082315366238	3,3316015571896354	
1,1214060035266714E-5	0,16031030194026247	3,3314488865984764	
1,1214060035266714E-5	0,16028889670403978	3,3314023584502586	
1,1214060035266714E-5	0,1602330392866326	3,3313325628031514	
1,1214060035266714E-5	0,1601470281789332	3,3279422627482824	
1,1214060035266714E-5	0,1599257665476005	3,3194739291033	
1,1214060035266714E-5	0,159894054178796	3,318908695976775	
1,1214060035266714E-5	0,1598094959090831	3,3188175839965637	
1,1214060035266714E-5	0,1597758808843309	3,318099225117107	
1,1214060035266714E-5	0,1597568455468947	3,3178246904742723	
1,1210594477311439E-5	0,15973127680614693	3,317818932399857	
1,1210594477311439E-5	0,1596908053273766	3,3166558614415895	
1,1210594477311439E-5	0,15938565755224507	3,304479519071147	
1,1210594477311439E-5	0,159111122902973	3,2949718718984524	
1,1210594477311439E-5	0,15903749721435548	3,2921443111388347	
1,1210594477311439E-5	0,15900942783740518	3,2920191151491043	
1,1210594477311439E-5	0,1589534995298807	3,291609742617709	
1,1210594477311439E-5	0,15890281483152197	3,2912493503508586	
1,1209176157314198E-5	0,15888865844981165	3,291179292170163	
1,1208732209730632E-5	0,15887198326619673	3,2911540762623774	
1,1208732209730632E-5	0,15882738261019655	3,2897193399569704	0,5460155642687013
1,1208732209730632E-5	0,1587986541883408	3,288840605842687	
1,1208732209730632E-5	0,15877140058184397	3,2883923938772393	
1,120808599103491E-5	0,1586941580247745	3,2873135351015694	
1,120808599103491E-5	0,15860819455637565	3,2843379032700164	
1,120808599103491E-5	0,15858724773337002	3,2840257646591016	
1,120808599103491E-5	0,15856110877567695	3,2839145780815153	
1,1205439465621827E-5	0,15854749364072343	3,283808630938924	
1,1205439465621827E-5	0,1585350446780917	3,2837302582299284	
1,1205439465621827E-5	0,15848917594291886	3,2836948351516018	
1,1205439465621827E-5	0,15846881281663877	3,2836699538684018	
1,1205439465621827E-5	0,15843674558605017	3,2832168002817577	
1,1205439465621827E-5	0,15837355749748694	3,2826352576465228	
1,1205439465621827E-5	0,15833817568090158	3,2825209292551665	
1,1205439465621827E-5	0,15825670482134171	3,2791620627977296	
1,1205439465621827E-5	0,1582344278801987	3,2789782602756308	
1,1205439465621827E-5	0,15820128143351828	3,2788107353320313	
1,1205439465621827E-5	0,158132288599942	3,278056522425418	
1,1205439465621827E-5	0,1581027302738969	3,277886629042456	
1,1205439465621827E-5	0,15806658225923054	3,277598318628646	
1,1205439465621827E-5	0,15804620744985734	3,2773530326959612	
1,1205439465621827E-5	0,15798973446553752	3,276676712071298	
1,115314794467048E-5	0,15794391473296995	3,2760477226301017	
1,115314794467048E-5	0,15790901525128254	3,275134037495545	
1,115314794467048E-5	0,1578961930629516	3,2750670073363977	
1,115314794467048E-5	0,15787657487848586	3,274788498273578	0,5436563316320435
1,115314794467048E-5	0,1578417780694452	3,27475401109336	
1,0530701320845953E-5	0,15777278270532738	3,2724364513825988	
1,0530701320845953E-5	0,15774523275427754	3,272350190569721	
1,0530701320845953E-5	0,15771502550360295	3,2719983005525557	
1,0530701320845953E-5	0,1577000263896272	3,271954115669823	
1,0530701320845953E-5	0,1576792158103291	3,2719357977391756	
1,0530701320845953E-5	0,1576302019168029	3,271889432014526	
1,0530701320845953E-5	0,1576102002177173	3,27164260127174	
1,0530701320845953E-5	0,15755967347959499	3,269856417547171	
1,0530701320845953E-5	0,1575018064742786	3,269633603005728	
1,0530701320845953E-5	0,15748486913607695	3,2695339102089895	
1,018189874698364E-5	0,15746736087139537	3,2693611080573084	
9,914671215613788E-6	0,15743204067053668	3,269262904537308	
9,914671215613788E-6	0,1574115844317169	3,269034284029518	
9,914671215613788E-6	0,15737656995653185	3,2683463375767774	
9,914671215613788E-6	0,15735931595514602	3,268267220197424	
9,914671215613788E-6	0,15721638799130014	3,265784608514924	
9,914671215613788E-6	0,15718837155331974	3,2655711727759624	
9,914671215613788E-6	0,15709246676011557	3,2616381859686396	
9,914671215613788E-6	0,15703643204344736	3,2605653515437574	
9,914671215613788E-6	0,15701823554122252	3,2603862702784934	
9,914671215613788E-6	0,1569982550899502	3,2603416051353764	
9,914671215613788E-6	0,1569593528823338	3,2593211269190316	
9,914671215613788E-6	0,15692359387909963	3,25839428946538	
9,914671215613788E-6	0,15690579089908796	3,258290932255905	0,5410936260184718
9,913182866315936E-6	0,15685820691037825	3,256492628606135	
9,913182866315936E-6	0,15681237487583674	3,2552346444795717	
9,913182866315936E-6	0,1567868788273873	3,255076912539214	
9,913182866315936E-6	0,15669387702273224	3,2515362251153563	
9,913182866315936E-6	0,15667542764685316	3,251434908011345	
9,913182866315936E-6	0,15662268900107215	3,2505296593141764	
9,913182866315936E-6	0,1566056443305718	3,2503906772798206	
9,913182866315936E-6	0,1565841668811997	3,2502078383282322	
9,913182866315936E-6	0,1565637345468724	3,2501809852267307	
9,913182866315936E-6	0,15644351340354173	3,249540401545797	
9,913182866315936E-6	0,1564245068773481	3,249506154815442	
9,913182866315936E-6	0,15640397801970618	3,2494354696112016	
9,913182866315936E-6	0,1563788664136897	3,2489590092570673	
9,913103828426827E-6	0,15634364044086	3,248758079108334	
9,913103828426827E-6	0,1563199795447572	3,2485239007146043	
9,913103828426827E-6	0,1562887269729946	3,2484775771757524	
9,913103828426827E-6	0,15626660903644093	3,2482711381448492	
9,913103828426827E-6	0,15624575849256378	3,2482501639579118	
9,913103828426827E-6	0,1561986380247761	3,247745929681926	
9,913103828426827E-6	0,15616735394392134	3,2472064464293093	
9,913103828426827E-6	0,15613940638719365	3,2470173355995047	
9,913103828426827E-6	0,15611416939140965	3,2466234403700223	
9,913103828426827E-6	0,15609466936957822	3,2465991340000566	
9,912210742442004E-6	0,15605243953096676	3,2465114582057186	
9,912210742442004E-6	0,1560234569435834	3,2462898285888415	0,5392759319120103
9,912210742442004E-6	0,15598507067712122	3,2454603734461323	
9,912210742442004E-6	0,15596512093424938	3,245261288873287	
9,912210742442004E-6	0,15593813822467628	3,2451960878199815	
9,912210742442004E-6	0,15591407083209577	3,2450366004380884	
9,912210742442004E-6	0,15586785140571233	3,2438798124128208	
9,912210742442004E-6	0,15579450845202927	3,24299429865056	
9,912210742442004E-6	0,1557696298319871	3,2423315249204143	
9,912210742442004E-6	0,15575605890793287	3,2423315249204143	
9,912210742442004E-6	0,15574409202411654	3,2422277032808915	
9,912210742442004E-6	0,1557222902886212	3,2421423241292344	
9,912210742442004E-6	0,15566963511069484	3,241923038908815	
9,912210742442004E-6	0,15560544556837225	3,2417938277029426	
9,912210742442004E-6	0,15557590553865694	3,2409233280182237	
9,912210742442004E-6	0,15554842719111758	3,2407490672026285	
9,912210742442004E-6	0,15548823765786313	3,2401645675580664	
9,788275159839726E-6	0,15543241489974785	3,240079915302875	
9,788275159839726E-6	0,1553999514964813	3,239416556510867	
9,788275159839726E-6	0,1553834789277407	3,2392126105752364	
9,052620450430293E-6	0,15535753868704943	3,239069692606226	
9,052620450430293E-6	0,1553402817882911	3,238990518570507	
9,052620450430293E-6	0,15532603795332617	3,238931556656434	
9,052620450430293E-6	0,1553098889504639	3,238693286019132	
9,052620450430293E-6	0,15529012596137196	3,2386872290752984	
9,052620450430293E-6	0,15525167919933905	3,2380599584308247	
9,052620450430293E-6	0,15523610335773425	3,2379880517415627	0,5379849247205336
9,052620450430293E-6	0,15521201604295615	3,2377991210000436	
9,052620450430293E-6	0,15518449971376896	3,237438185608058	
8,960436290967505E-6	0,15516005758119364	3,237082071323118	
8,95957624215577E-6	0,15514308953498135	3,236702401755908	
8,95957624215577E-6	0,15511495183297216	3,2364942428744876	
8,95957624215577E-6	0,15509737924789746	3,2363273200658846	
8,95957624215577E-6	0,1550742110524239	3,2362598643320446	
8,95957624215577E-6	0,15505088570887302	3,2358364990535438	
8,95957624215577E-6	0,15503545046874173	3,2357801603346634	
8,95957624215577E-6	0,15502019095179284	3,2357748700877624	
8,95957624215577E-6	0,15499697382791158	3,23558955611567	
8,95957624215577E-6	0,15496424131712605	3,235540186794787	
8,95957624215577E-6	0,15494813051247733	3,235474091756826	
8,95957624215577E-6	0,15493037297806844	3,235355109008526	
8,95957624215577E-6	0,15491744520260917	3,2353327908221496	
8,95957624215577E-6	0,15490003245369593	3,235143024396484	
8,95957624215577E-6	0,15487964707418256	3,2350852810788755	
8,95957624215577E-6	0,15484412852957857	3,235012258150899	
8,95957624215577E-6	0,15481022106758466	3,2349314005637932	
8,95957624215577E-6	0,1547812732272924	3,234855987381664	
8,95957624215577E-6	0,1547631335792745	3,234793441793848	
8,95957624215577E-6	0,15474707767547818	3,234269552568282	
8,95957624215577E-6	0,1547131723059933	3,2342116714158387	
8,95957624215577E-6	0,1546021107833876	3,2339141951154824	
