1,072424057267589	340,90437418897403	2100,816104763989	452,7829503467118
0,82378946906143	250,47117109754817	1722,293362419812	
0,8208151889347504	192,35135492403532	1368,167576502221	
0,672394810528176	151,2867765018891	1023,1719721727935	
0,5883783390672847	128,2793506787283	945,7733157042867	
0,6752049462228831	113,54334377034218	866,5818645421234	
0,7428381718368177	96,82994853265691	753,1608697453818	
0,6892968111632369	83,14507825528355	676,2088164700267	
0,6502015424052395	76,26202071200512	672,4868665011595	
0,6498753154487698	64,87934577437042	555,6428607917616	
0,716667834824461	58,61930516884491	526,6405842609473	
0,7921707405047574	51,817031158717164	481,6417929453549	
0,7716005750833506	45,954276929711476	395,26876741708094	
0,8438002451383089	41,65659720552173	428,02912788423254	
0,8843665485272892	39,61680551725812	423,81341291284974	
0,9193715887500256	37,649657582217635	451,6662656796723	
0,9283020062811026	32,94880043900123	395,93332500643317	
0,8647766344529154	30,855341383844056	430,6299927481872	
0,8591334612542552	31,991219180403192	513,3721613782577	
0,8761017425207914	28,988041177082334	384,1203709877771	
0,8359859388827279	30,858505604399124	485,5375481979974	
0,9367525253171839	25,31854684951405	361,8765954093389	
0,9254617184097776	24,624971674326808	396,2486439095893	
0,8998301379898526	24,110422042656392	395,7176349527065	
0,790589702425149	23,59133065196066	397,72339078719097	
0,9250442152961554	24,45658998547684	462,2883539357104	71,45423178067863
0,964734870423968	26,201499624623374	462,1241968301762	
1,0051629235418165	23,303820857301645	379,0534420441992	
0,8606091677656303	24,443547339162375	423,72639507209243	
0,7744893880880863	22,144916018154596	429,5782497863383	
0,7910835362175379	21,07428409510599	362,0149662379929	
0,8269525673158702	20,925139347047992	393,6813857053541	
0,897500939441649	18,1467042777496	349,46587258752913	
0,9555879897019222	19,685098193222313	427,7758005129556	
0,925553013952471	17,752303174755742	385,3805575820994	
0,9081787459175007	19,85221887035396	408,4556883901129	
0,9600181240652225	18,89787604852647	427,6927155344911	
0,9690024791412546	17,188934098564957	355,24493680424746	
1,0778950939089007	16,78680716720605	362,5409620483664	
1,0984863822668043	17,242714549216622	380,560637242088	
1,0856832404819055	17,259064003874098	364,29793864968156	
1,0087355568019547	18,33940005473157	405,4805582790756	
0,9599557913924356	18,622115412628837	430,47759078556913	
1,0266545489681707	17,43419910434584	406,3654896780858	
0,9227891339663872	16,47171360589878	343,66351748376786	
0,8187042366637687	14,931313512213784	364,018999170444	
0,8569048524666996	17,633413000747336	412,3542165467281	
0,8840804814215774	15,917210879210124	388,18045572887627	
0,8943685141803068	16,521386782934066	416,24736248544156	
0,8876769391213337	15,248652075887717	382,7867057805822	
0,8015936878317504	13,17150070199881	297,45010268915195	45,65676969017568
0,7741008998209581	15,565550753897941	378,63217160404776	
0,7315783961399966	13,733621467954444	337,2934940325098	
0,7606529819314156	16,445942653212914	425,0078200476799	
0,7838910696695415	17,612516906596735	425,31813589839896	
0,7764490546258314	14,28854702452265	343,00965643888924	
0,7277889674618362	14,866781724976775	338,66927501877007	
0,7940313402877054	15,020687658562466	361,00055099325937	
0,8293565364129003	14,440016174647134	345,428069213232	
0,8944929023825468	16,32081158390736	392,32878363960975	
0,828234079180713	14,783864409505806	365,74748435082074	
0,8447274436378023	15,809284816190152	372,9262532679669	
0,8992459788122913	18,502021873007905	478,8801297819436	
0,7138952577500389	14,958374488288502	355,9129047826953	
0,7310925118272006	16,883593921671412	422,1873210249757	
0,6660382986741987	16,654797205471418	443,88284136737565	
0,7031077760991983	15,32733290764152	406,6938618907445	
0,7289173886954278	17,99959179181582	489,70147541640205	
0,7839286826470372	17,73944616844613	432,1287968127326	
0,6995137392692279	13,740688850501067	326,130969373831	
0,6960868538615506	15,147002585288222	399,50480394470424	
0,7887557168278555	13,507749904626301	344,9615279607027	
0,7798307536045812	14,435821495813839	388,8666569732525	
0,8025875360901352	13,77857034152621	345,58615580604123	
0,8102026163744849	14,47050270246602	365,1601179666684	
0,7955902046509058	14,649393721605128	400,6634128530154	60,403138639277095
0,7263047772263336	14,071983302164865	351,4355019821061	
0,7318413215607693	13,439559282730102	353,30807642204223	
0,7422602892668378	15,682207112062615	430,9059980292306	
0,7048471472623548	15,917625930260725	433,1143893608457	
0,6739441207911727	16,171616558283812	426,5513288810896	
0,7181145108328048	15,557260881678541	406,13832008147284	
0,742296576618235	16,485948371737333	416,12690994666593	
0,6999914064899003	14,817525305443764	358,8888599436364	
0,666714805560161	13,124374502334106	360,40229138860826	
0,6654418959788329	16,02350461626651	463,8462597296369	
0,6388193368727597	14,157944943284656	402,8241050138784	
0,65540821680692	12,775780722232877	357,1566864905783	
0,6439835093002932	15,337194752295973	438,442244877273	
0,6757487657654341	16,427121278623066	443,559872276893	
0,7395641828491684	15,02922825081097	403,4205460571471	
0,7951880232024034	14,310985806041606	389,66691575605813	
0,7173953862464613	16,59550004895722	422,4236836433394	
0,6883188486675524	15,593525765266769	383,6011368439654	
0,6708630449791343	15,751274511700394	373,0268959833562	
0,7293063743759308	15,678282743853298	399,3536304405345	
0,6791115026705732	13,727736556996758	383,82233545353745	
0,6950742802799212	15,440525161116902	414,77313434476656	
0,6988994015205101	13,612490613679356	361,51813385510826	
0,7003510050731908	14,68822150156497	434,87111719083254	
0,6935917908926548	17,186487076957377	465,47456421290866	72,86501202922922
0,6974780559150058	16,327086599223858	441,01547333847384	
0,717095903679579	16,6949393445764	463,2461405186051	
0,7269509106888308	15,427376703232841	390,07083843251064	
0,6423156717212569	16,857545790415294	441,2826033625643	
0,6888707112045771	16,274930941848375	432,70314563909966	
0,7036693945222479	14,709161854181536	376,77885974687206	
0,703698037954385	11,3302934016007	290,24045345037445	
0,7052641131407619	13,922559249141143	393,963492412258	
0,7654596282804499	11,54987345580681	299,3950140157418	
0,6595957522640249	15,767991574852623	406,76702922331356	
0,6693958076910156	14,911993976125736	403,9876864549928	
0,7211983512559843	13,56263912922454	328,12851356043495	
0,750786993736203	13,927079361532892	359,9096900940882	
0,6754684608140198	11,962484072363985	343,8591463403017	
0,6362924795347749	15,002796523815787	409,37921791113024	
0,621978481363675	14,329036544450497	395,36938037446254	
0,6952537446200797	13,788123254591222	396,64989994108714	
0,6245865591084359	13,630765084809898	367,4223854259051	
0,7294759927637018	11,631986198918442	306,8202364511616	
0,6208584270264773	12,965032238666451	376,45754075518266	
0,6238360743604867	12,99472179723427	369,14333455092384	
0,6249668011783074	15,14503330843129	441,67493095802257	
0,6279326586028912	16,362568455303496	458,2784951824435	
0,609757277385888	13,077685736219546	349,9278447128654	
0,63681970119536	13,167561835988103	367,55944186905487	56,65059082987064
0,626949244696129	13,766389310190222	382,94499056909376	
0,6264748814538709	12,962550708049827	352,7229413160093	
0,6904489372542345	15,111385316418492	415,13793348699335	
0,674224669087063	13,63944973186954	370,2398963341696	
0,6504852671434612	17,075538575379113	463,0962337623286	
0,6323814024404181	15,80300697979757	397,92203148778674	
0,6211465683902919	14,074202643559074	341,12766815927216	
0,6309704924862106	12,63755327017859	336,2214790281191	
0,6324029944800721	12,102058502540324	333,90317010740546	
0,5684947835921963	11,831682476519509	333,62754695438394	
0,5539920902764389	13,818947015457987	424,9749154906367	
0,5400360160983159	14,50735695009615	405,7165086201089	
0,5358772150028327	14,610455378687096	370,3252169074793	
0,522017220252973	14,875003473576983	375,67404996884244	
0,5267638236561009	15,140032308550254	431,1859399138827	
0,5274027976251934	15,473622201308848	426,76566859891966	
0,5107237260986112	15,199967525838069	399,3266289330705	
0,5031826389345926	16,135160389613006	445,4576946660479	
0,49246115283001735	15,050599390562322	400,62421085701885	
0,47535742021203087	13,828303565631433	337,50638692002195	
0,48463864456804084	13,186945785858693	361,2280178169236	
0,46406178600362225	11,815168554015058	321,86148167988506	
0,4792500619142669	13,434202016332522	359,20923741437537	
0,4764018800809464	13,07427620640087	349,670589084493	
0,4807921179934725	12,792925636195434	359,85599785157314	55,180502653126354
0,48877892466359024	13,831310590586336	418,2214070771913	
0,4827695191359334	13,11731471137849	382,82749089426534	
0,4864187610094218	16,706914234985806	502,4783929124983	
0,4658179055171026	12,493806127678981	307,0806033432056	
0,46946089653264717	14,353227131207094	406,39080237102587	
0,4731812949830372	13,580334330739456	386,1096262998636	
0,47271778581410095	11,457001627176664	315,2514017082792	
0,4755774264355459	12,00723977456981	317,12631902495394	
0,47907108551942057	13,544565082220108	375,23078214151684	
0,455094641782557	14,864289044094194	414,69650685904065	
0,46302076094903305	14,57215870045747	408,600487627222	
0,47024749570000823	12,612292259300212	334,4731079718073	
0,49140288549313843	15,846804845823524	418,96413678668546	
0,47890268693240357	16,02539104502745	446,1050360104331	
0,48666347856494274	14,402443786874034	411,68268632328915	
0,48490173586024826	14,568208424681288	398,8133111675774	
0,46167022471136654	11,32309172444084	312,2929791560282	
0,47114748453207894	16,450073726451986	471,47712288556085	
0,44220229457236093	14,075657808226001	365,7679231247484	
0,4585315768757179	14,021436178230136	388,96823875986377	
0,469642600832819	15,444470996756806	448,4216818984073	
0,48004306134336405	13,602705486364599	358,77361302825744	
0,4764498941150586	13,49644912012338	416,4138104504215	
0,47855301586537086	12,146934931830138	330,58154093142696	
0,4960277256685621	13,574658066596525	396,31177559026787	60,72793415627927
0,48643225854167055	14,171871517315795	375,8609633701084	
0,4999606858253218	16,089802255243878	470,2641935069273	
0,5011514092539232	14,460894651059654	378,8942257429633	
0,47969894131810187	13,625278823404903	400,5126064043044	
0,46720767370497135	14,19667549498076	398,5760185976432	
0,4531040879255401	14,137245332943223	393,39734856942755	
0,4639676192429079	12,99147828960401	325,6266564761216	
0,49017998964416337	13,324441000726345	359,2276177297294	
0,47362579769646074	15,347661405156716	409,43261349205585	
0,45099896911616993	16,230646505041147	442,0743309316976	
0,46225906474257156	14,662907006853777	396,90031744933583	
0,47035080294962056	14,043095010233857	356,06885643194045	
0,44966601180639876	15,612045825851954	407,3729922454743	
0,4248761046590449	14,381035184371605	380,4295937213948	
0,457837105389895	15,263171159240917	421,12511559082674	
0,4589834251171939	16,011595910942678	423,1261615579491	
0,4577367083733592	15,255361801854859	421,18471939119576	
0,4593460236436886	15,632146875059432	424,7697142253822	
0,45898158918786786	14,053381258366786	365,2758399937621	
0,46846035676481873	14,21561776711285	372,72367364830365	
0,46664513180589673	14,051225454452949	391,6778561626763	
0,46858214763307265	14,765184559263261	392,4868930157883	
0,4450121939017049	13,026615769920717	350,52973266733534	
0,45829860648019843	15,008088210358151	433,4734788715694	
0,4394204548795288	14,64267736519638	415,7638209676695	63,67334036644712
0,4653735810437749	13,433276246747646	354,1577312051265	
0,4530392964775792	16,716359687336297	424,65528369696864	
0,4541179046846226	13,727867352512144	358,02775602563764	
0,4608814518609762	14,310492628414979	404,1307601369015	
0,46671746934773467	16,163389645342406	455,56611513013604	
0,4809761173940734	12,888190588432831	331,0982785716278	
0,4817997392077946	14,417027744032996	390,1253302371534	
0,49043366050490067	13,50176797667209	397,806551421184	
0,47302605246076146	13,65554674648838	401,0427631970543	
0,4788490188146986	14,15490642449871	390,2542731076087	
0,47287240076604303	14,421603618109119	403,8276004173902	
0,4526978860826457	12,075802990003604	334,71979247197856	
0,44919854541173576	14,960261611301032	408,6464986233013	
0,4583734941291739	15,334717889251547	463,928315719416	
0,4493492939473537	16,50576112830804	451,50115761566224	
0,4490486034108009	14,937512928659048	402,808602751925	
0,45168576789502657	13,689978895059317	410,0822231138574	
0,4575878823273088	14,15842053714395	413,7782922525854	
0,4488072594522967	14,105586866187585	431,8545338001848	
0,4459581519735134	12,515808306284601	336,47862594484815	
0,44031186847352033	11,298078523714107	336,5425029975336	
0,44832462896421665	14,10158452619637	413,15041864293494	
0,4554794293234361	14,237629752413039	395,8239042947119	
0,4498865562584561	13,392880988552704	354,0273798558351	
0,45155433559021063	14,709221121343207	421,69637232115537	65,84287066718946
0,43744247732845515	15,889600725392956	440,0486286767285	
0,42013427249166424	15,775065683207867	416,0347969198058	
0,44475570593582014	16,98706092182247	498,2898720490004	
0,43504098857267365	15,015672571717067	409,48397720633875	
0,4511041771636834	15,362498700308356	436,7876948445692	
0,4316280226179627	16,444994089243036	485,25842580586067	
0,4448620191042518	14,352962088115499	441,3271304770286	
0,4502018671131846	12,690612540236591	362,7054839799727	
0,44235902707855684	15,240885010281056	453,05949020981336	
0,45001286042701866	14,517544812489625	388,3507704436625	
0,45279338457310303	13,363722503937304	385,72196483684047	
0,45277593312178493	12,937822729085084	387,15697119661564	
0,4478188245675386	14,872668543553464	434,9413078510889	
0,4435228015970405	12,17486823755782	349,2226835329514	
0,43994743693026545	13,876565347417149	396,215799239298	
0,43869772849086935	13,082610878294295	380,82206632330804	
0,4501717498543638	14,446164929722002	373,42239525847623	
0,45227285248668836	13,639810579255334	408,72412482787	
0,4746146765526696	15,190875936130167	449,5999717357708	
0,47071367838866124	13,230103801383986	367,22348293283875	
0,476649956962239	13,128988447932684	396,0614882473993	
0,4733534289064502	15,574950944878596	410,72835924900255	
0,46818190677349336	14,07570733151622	392,31306111128606	
0,46437593521592285	14,429287719797456	439,16313938169316	
0,4525649743288651	15,335673055386586	450,45958525925727	69,38848524034255
0,4506593275659444	13,113767279111757	368,18111081105593	
0,4496840918999599	14,984651051153831	466,36605972329545	
0,44906366444243484	13,190085764546042	366,7209185767003	
0,437246152379845	13,072375998772062	355,1054282786617	
0,4364783895865496	14,07879965125944	375,15649952816716	
0,4358487296219712	13,88747042750657	369,63208542029554	
0,431600044306354	14,766024263902631	465,02159676490356	
0,43162469154211086	14,235550266734483	425,11238616788194	
0,43230133363507656	14,303231037410471	436,1982986603068	
0,4319401587227584	13,49673037349215	380,13949184545424	
0,42686084973248406	13,291202660921648	350,54949695873825	
0,4269416854570979	13,168434937756443	396,623028695141	
0,41683341398207846	15,74542379372937	461,7833487246737	
0,4300840995845696	14,086884563173564	390,85169647012776	
0,4278259664782972	14,133173773580944	403,9232948542238	
0,4269329089027682	14,238613899879988	408,4305235361646	
0,4335125537682263	14,33699023106641	416,9586732362229	
0,4286444968834558	14,872407515865397	414,39619079149605	
0,4303310875238527	14,984650251121625	378,7447362608231	
0,43631261873988	15,882448154000096	447,53166901520274	
0,43232460888962004	16,490906497802246	466,7494726825048	
0,4291471698909938	16,309902752184993	430,54780014865594	
0,4306041710962721	15,057256467217686	384,5375816268535	
0,4324411986300062	13,978585644027888	342,3297399491223	
0,4326478401385292	13,815152085213533	406,37155351578326	62,013064413832616
0,43680484876934045	13,727859152757146	399,72534080220953	
0,4347764470079386	14,459932419758534	413,95114638788704	
0,4229678200058508	13,350649110580566	387,4288116473355	
0,4179524354116564	11,96360216535094	326,3052755599775	
0,42853815856688654	13,37796354163203	372,48645092883385	
0,4473385893452791	14,587172683961494	446,27217507139454	
0,4504448173351665	13,014019042949544	358,4731028304001	
0,44804735679629915	13,801187674848252	379,8470354864045	
0,4415234151963222	15,171960055796758	436,23411198927374	
0,4484728611805938	16,86733984959952	456,230763616558	
0,41532736276016863	14,37437201277094	395,275821812943	
0,429501824315887	15,725318689001872	439,04370564563663	
0,4313939285175732	14,18655211673927	420,5212281806861	
0,42771229187190507	13,243452388358982	388,9391448101476	
0,4201539582766424	13,115401334764101	374,7863430031004	
0,41584250446671583	12,33319809030422	346,3034243790101	
0,4257103674926551	14,604104137947541	417,36926200504263	
0,406913543353698	13,850380246953947	388,54969877159624	
0,4186711871477863	14,455158643530787	424,93197633159633	
0,4195013377823139	11,833874478584788	348,43148938905455	
0,42230063934701434	13,149833554159889	390,5749651652717	
0,4169460391107239	12,586936791245503	359,85151448902644	
0,41210469284720025	12,925270911634342	336,8118736227587	
0,4017209761464647	12,412548869088983	352,0385678238627	
0,386402800834805	11,581971367570707	350,2764163366953	52,7443622152808
0,4018750410755998	12,419793783807037	355,2146197220858	
0,38588286178038883	13,016807017095822	382,7145277483203	
0,3984743790083622	13,362170038211689	421,6437680728171	
0,40055941414798946	15,291824972949941	444,51422188530313	
0,4056412203519357	14,324095910162798	414,71605013359687	
0,40749985970203634	13,39030636516983	372,23546509542933	
0,3949623316867283	13,294630190174049	392,7809746650445	
0,41166236242136156	14,481248565405402	423,2230429627104	
0,41791319104671404	13,773404331334168	421,62253560603017	
0,4099182043452392	14,437535116761069	404,95802516342576	
0,4255798380504636	15,027899973569918	403,8980361241517	
0,41684629906214105	13,919797579619091	419,4480250799474	
0,42595781281656897	12,051836512178506	321,99791700694936	
0,42568781676877515	11,951503133024222	309,22280393474	
0,41187128155469493	12,152525923824188	362,7525692037114	
0,4164904641140745	14,032795253161517	414,7346122365527	
0,4066678447160109	12,931394167374574	367,7141397570639	
0,4044933744781966	13,67601754296547	395,6531244035002	
0,39213701695050185	13,289423531721232	347,1767035859781	
0,400972756746399	14,088858501818452	392,3864888483025	
0,39227950651454435	14,54676122499885	388,9337859145568	
0,39818595408401924	15,006818423930993	401,5934819279018	
0,4148069787101651	11,8026438229252	306,74247439970424	
0,40621461309140416	14,166074724767896	404,24801262990314	
0,41024942640425754	12,707899635422708	347,52328541872447	54,052885978566195
0,4168278585752855	15,331727506501215	491,231478380854	
0,41719301203953885	14,339773909724624	400,4409316700219	
0,41648205835086477	15,315419812768006	455,3404101328641	
0,4140414258935614	14,43282511285377	412,81811199611565	
0,40535550319725105	14,546145182677055	422,1575585661381	
0,4076686403985093	14,049638020233319	387,46130626968306	
0,39894640965605577	15,312175556977895	432,1890835416977	
0,41332013553289243	13,526504224084874	372,1396695607193	
0,41739898821049126	14,033817496594226	370,96669050429585	
0,4206956960624904	14,597849174353081	421,2187124516844	
0,4049081634285186	12,581753684864463	335,7250529118284	
0,4075101772803973	12,917357713503243	358,22584095836834	
0,40697149686530343	12,75025117073956	359,8140264042563	
0,4110007401829216	15,57791561747083	473,3135415515983	
0,4223687130972214	17,086944710813196	478,40709320868564	
0,41368827419430365	13,619259778292495	365,1883072693544	
0,42129719567990415	15,61656637476112	426,1755493237634	
0,41406515451707043	13,417571061068616	342,80308680076143	
0,4227214213630767	13,317930366060493	376,9993784085706	
0,41764846389932053	11,655714599996259	332,47395638615575	
0,4152188737493459	13,492714924675651	391,8350333955791	
0,4143472166138349	12,355893156906438	347,04749137290054	
0,4165452564508815	12,69038741738998	360,8790049665456	
0,4059393154764232	14,491181914930074	395,5487469558058	
0,419747798715423	15,957484781171145	430,66444454428427	68,44274488947875
0,40444862674049536	14,165976052112262	387,8087360617935	
0,3993443228599024	13,194847986344126	347,95405282248345	
0,3991507591239934	15,594224071972924	463,49944202131655	
0,3939573019963326	17,374425413423875	513,6574591865581	
0,39317374308139014	13,400566935631545	332,6154249385371	
0,39101808838022534	13,495116469736367	391,8243635428948	
0,3952549464058165	13,965776105498698	397,2159016626983	
0,39448011803952227	15,184363651180604	444,5188596642131	
0,40494252940839887	13,865762559980244	386,14198359586436	
0,40562650880887774	13,347786746497164	371,2221223163163	
0,39530627670488483	11,971343930347789	338,7786186997721	
0,40516492627350476	13,786050140464601	412,2683064007097	
0,39996136735822246	12,795025143515012	360,4743685451214	
0,3972009808557381	13,534292566571924	401,1444649509042	
0,3970413438605885	14,705663758134635	418,5608710317663	
0,3997893785794067	12,549324950284422	362,3581412363611	
0,40677798516151564	12,829930714807054	329,0737372956155	
0,4098574191624453	11,966255930745548	329,27461333838585	
0,41190142668723084	14,609399949157632	433,6288407573889	
0,40911880237229503	12,70999056354688	378,0035812649097	
0,40109879408293053	11,545738981567451	349,4655555722808	
0,39583905597683855	13,34571352588821	376,3630440997487	
0,3951686941253407	12,697322864341864	366,22276491184056	
0,40206859410203744	15,793179121464206	437,09236276446967	
0,3923814024583887	14,58837051715367	392,04128993893806	62,61542756057855
0,3914332904820478	13,144123020152533	399,7378386828521	
0,3905035738450207	14,01861660422698	400,662961708077	
0,3913162312555311	12,935992788686915	365,7682411590298	
0,3722227499478461	11,973776237025856	344,8243277261317	
0,39145055471174134	12,550798488750065	349,665255090395	
0,39181093063305644	14,375190694063951	419,03135221535143	
0,39531166836966997	14,713993612278411	406,27002169100933	
0,38677975655217733	13,066274003891206	333,03736633842544	
0,39031774176797407	13,394461101562236	365,7000573966227	
0,388370594750611	14,6042892612871	425,706373135382	
0,3932083136129827	13,18008221370149	358,6213878816127	
0,3899795919500124	15,638370305046513	428,93323376389606	
0,388887020178163	16,441311445690243	458,50208500599655	
0,3790781675917221	13,755778175076303	363,2789839465097	
0,3914914303995335	16,812799299522133	469,35423154240334	
0,3829295313910904	15,627660464818707	436,8007530488672	
0,3863917899283382	14,848459705400264	378,82101111136313	
0,37525461637224306	14,349418339176625	411,2563762486084	
0,3813877976588183	13,168232612356519	377,3035990742837	
0,3763776626007004	14,574112329079998	425,387164968881	
0,37945472751903336	14,792200405295294	453,5639506892354	
0,37874916668713743	13,026916990611937	382,3411181539435	
0,38312501864495596	13,590831812342403	388,38311717233205	
0,38804852345843116	14,573277606366583	434,99211834728055	
0,3804707352772247	12,400400400049802	369,57203697693444	56,128249617900316
0,3703086598380965	12,028643348841827	351,7495224795614	
0,37945735733807906	10,21121511141913	286,55539846353065	
0,3727003706877509	11,047894626639462	333,11300508201157	
0,3815684132690743	13,61101667120357	384,5895177379594	
0,3783369935852148	12,877347153533007	363,388224030891	
0,38674419941149674	13,793382881369741	383,337740182882	
0,38193770709689345	14,661804310997441	416,84206155315337	
0,3885299711232213	15,651447262640382	458,057017088334	
0,43376791601072684	13,493198880978648	361,078870347337	
0,43286559302328464	15,65580042185075	446,72289047345294	
0,3854562010082624	14,234668395095717	403,147924166226	
0,3842256040920048	16,17789235101477	439,83134078901844	
0,38940157278645526	13,321618242448478	352,3265864793236	
0,37558889129813244	13,493124615980879	389,2046216048303	
0,3807994285466515	12,468480146457205	358,10515178373385	
0,38186719518334367	13,392321083375572	373,80351389683756	
0,37379089863644	13,91833544523702	391,8104632728981	
0,371448070476043	14,677544127203841	389,56189752897194	
0,36954290305139004	14,218963285454297	404,6259757939922	
0,3631224715306191	17,159534053866206	504,6628339117963	
0,36383209374185677	15,357649710104651	444,67739391015465	
0,3619540440403416	14,900993811670789	396,13719815911696	
0,36008564801935417	14,199422450556725	386,09940079782405	
0,37171141170942607	12,39784020910796	343,67477483230766	
0,3730551587270689	14,08029873052386	410,52738843153713	63,41901768742826
0,3687708058652255	13,550400062492379	396,92746389630736	
0,36437249499101887	11,875670772120772	323,9868659483669	
0,39385231526485726	14,27870862364837	415,9650470279202	
0,389661181069918	14,21067457640535	355,4741927087286	
0,394239998208068	14,909750190973325	439,95055368078266	
0,3885280689971368	13,122861123051534	345,53468501630925	
0,37402416186995324	15,690210367596544	421,6481011125728	
0,3719541634456035	15,992258997919178	440,698297946427	
0,3692346794621853	13,733904815246017	392,17583179929954	
0,3714382537177076	12,768824477373032	374,11470297615097	
0,3621875756920884	13,133157472067282	405,6300876963445	
0,3633018319444266	14,238162433242197	393,95753381340285	
0,3611117058214739	13,839789900510425	421,70881419779835	
0,3584626515017775	11,809861922026295	342,5114404899004	
0,36136789752726406	12,167524795519874	337,71058051396886	
0,3603365490130546	14,239554407446803	399,21701816776294	
0,3582183211623455	16,395981989497685	462,2152110728993	
0,36222596412551594	14,266307207108923	390,9407244575187	
0,36938088910853717	14,084059216700805	430,10855760239167	
0,3707032265087322	12,02777304161606	384,17712345881444	
0,36917572798087966	12,217872284367854	383,3724347558387	
0,367805921122213	11,302625304120204	327,68471939464905	
0,36503493030239303	13,920028439871071	396,6479461818382	
0,36584316175722775	13,527851635739692	404,110478729221	
0,36200013148269067	14,274569106355079	413,5920783570924	64,17448975670222
0,3639361935157987	14,549149217545102	434,74228230645787	
0,375443433771286	16,107652288598324	462,0813953312456	
0,3666378322245696	15,542429364534344	423,6984293391872	
0,3595669998919284	14,366949917913074	419,87608654173874	
0,3612502107258832	16,03142903363502	486,7423663531104	
0,35825193035789	15,089122922626835	434,2423216207103	
0,3649965922024997	13,49398885591188	414,72194102515766	
0,3628190956343684	11,092691773169731	312,9205033131986	
0,3620911297470471	16,561050330853288	520,8131499371727	
0,36500049143412744	14,007190270658157	404,3937234481824	
0,3571503677210407	14,78098378335924	418,32459312945684	
0,3583662360649288	13,033364929483525	383,227256494021	
0,3591063208951528	12,82458609277535	341,8544258845822	
0,35714559011318203	13,39028181527163	352,00151855267103	
0,35438626114892424	14,65253796972491	422,1032861966064	
0,3466241399273813	13,852258742931747	406,5714287658347	
0,3482856444841642	12,775346158485728	353,57043612432165	
0,3450958566219206	12,648846285467675	358,7795573085561	
0,34505589048739116	13,6855830407125	412,6490315484184	
0,34408899531944265	11,149097316986474	314,07740426742	
0,34535248205774627	11,963499748769404	345,4274784194117	
0,34441336603816836	11,147966917765524	359,91823857109296	
0,3449653764497427	13,404676426800886	408,00653501076187	
0,33947813879549615	13,731548472369896	380,4017735581646	
0,34564688666779264	14,091119533883107	407,90392888248425	63,1115047659867
0,35151811696387314	14,108651320525585	388,33757867783504	
0,3548288566557083	15,198372896559869	397,3117965034277	
0,35052433904065905	13,500183906051186	366,7805355214269	
0,36126844651737927	12,942356626800104	385,76553870224393	
0,35686598364880207	13,129560358612096	373,88041869259587	
0,34623914255416044	16,07350365941724	462,518095807045	
0,35257795408975545	14,921031521356236	361,8713936370467	
0,3514160059212407	14,25248213290551	393,9054729600833	
0,34960904258505837	13,555096218368337	338,15814558267766	
0,3550001726660769	14,268263828758629	394,13836114079436	
0,35012186363675646	15,599566724113362	462,08647977479615	
0,3489856972257892	15,23169672262881	427,66272235722647	
0,3491360672187996	15,16049266609951	430,39761244279197	
0,3474951053400991	16,613780412778425	479,99350451693596	
0,3501677538706065	13,549322766103712	338,75876127022536	
0,3498990846469246	13,637209784908263	357,1318470801876	
0,35047878615789246	12,798852580189635	351,0851333518405	
0,34611619992298165	14,434753053952338	403,20133734142075	
0,35010834256061235	12,565618500744334	363,959789653352	
0,3388725596578725	13,091929375508384	366,12528701438566	
0,344204493628409	12,493990570943204	338,3029307170587	
0,3516454445613114	14,47998070457556	440,6049315577693	
0,3514578600520704	11,645445302128094	322,70441639797457	
0,35269536763104314	13,419220376754106	394,0586591324199	
0,34798634336364076	13,110365356182085	370,48961820119155	56,972922988466905
0,3475875685363575	15,529113465177096	424,0498372118187	
0,3482564875692776	16,03047441011865	478,3768614889316	
0,3428027807531278	13,24522851218137	361,93808386184605	
0,3497005639607373	13,94600526230764	372,5669414010233	
0,3447384499465087	14,536037932578948	417,3160710675639	
0,34299072664745067	12,587362022295933	341,35774217005064	
0,343145155325442	16,09605851137353	461,4386563540819	
0,3424585275143938	16,646670688165692	479,70810716356607	
0,34438767707088125	13,165689593095625	376,20353591181794	
0,3465288833459479	14,831105039091499	414,5328350372017	
0,3435547713832578	12,823603126392646	323,26697065533125	
0,3360612340671457	14,708686975547387	414,1291266184216	
0,33733330239564535	13,284753952557946	344,3499253575249	
0,3492000759093035	12,649295533612293	365,42806848320936	
0,33784270632675356	12,491866393836856	339,45657462315853	
0,3438434419220306	12,89641974855313	357,7902448166986	
0,3403618319983558	12,014651114715805	357,39580225884026	
0,3410056474973875	13,534382099429784	423,89098824818313	
0,34221557810872766	14,067729891979836	410,3450098528132	
0,35145736810264977	11,739519874125895	348,50896793156886	
0,3487192882947475	14,067201682609971	452,06463860776296	
0,3555588146533947	15,189359107636545	438,64157092726265	
0,353895932549351	19,128571444819233	505,4688024395107	
0,35158183633088186	16,34237274153586	422,3569611854567	
0,355263900273021	14,12254636846908	382,8095221856994	59,59779709982461
0,3495735000703227	13,226867753633776	361,72115537936827	
0,3504237581896412	13,559412640146832	363,37574378911273	
0,3579699587901185	14,807182002589597	421,500471264481	
0,3512324710827264	16,188046446440666	471,550991505584	
0,35497872392829044	16,084263127341217	426,8995149611588	
0,3589892316711438	11,450626842022674	308,6056817375953	
0,3424586953067636	13,678739716690457	370,9818355241082	
0,33679801526894027	12,921268576874738	351,2615516713363	
0,33952993277092597	15,082679746577686	423,8950743362272	
0,33685457620585874	15,715102415392641	394,98471224797163	
0,3337457598483251	14,610979206747265	408,6407362882894	
0,3395446424747703	14,334125603929321	394,423455198021	
0,34257872463790073	13,023518154074933	333,1513677942533	
0,3462706767502351	13,048112318493526	352,5702618819144	
0,34860157503996286	13,342576650268226	375,34002427580424	
0,3521728133634408	14,253972633620197	404,09991949773155	
0,35812441188350586	14,835244581216324	393,0973926642671	
0,35594623022115457	12,290447395750585	342,9533789150454	
0,3537996542219761	13,904112940309178	431,7116760156049	
0,3537880794628351	14,030003441921425	428,3664414384971	
0,3501892881912063	13,567325701782645	380,39580794678346	
0,35681662696811955	13,551827276829757	353,9609339279442	
0,34177533062035564	14,789129452043074	454,68658774145035	
0,33262488935221335	15,107401098383042	384,0215444041715	
0,3692671979419244	11,877194036349199	339,16668281236946	52,06280888092056
0,3697650320582045	12,898977241665854	350,7503771406471	
0,36682310727977174	12,547117267158981	343,524080849314	
0,366079532698936	13,742360090316781	418,81492863588227	
0,3702249751837905	12,939720059781832	376,0743805127345	
0,36517411179399256	12,187647946884665	358,6084894098436	
0,3560624572492152	13,853464970049208	378,0777165198751	
0,35242423376541887	15,871944856445076	487,0848551378905	
0,3673102575338739	13,545707904448085	416,6455585197606	
0,3605343891618768	13,833923191241327	390,5679233342719	
0,3598101129662553	12,102880806206997	359,71432555476264	
0,3683523926297479	12,217546376000566	327,15304853757294	
0,3628553992611222	12,909665447236883	373,6002025159767	
0,36292337295522414	13,802838793395575	368,1133125883956	
0,3582664500182547	12,60358979344092	369,83597434163016	
0,3692943317624723	12,112198497779765	350,790052351974	
0,37247332444074027	13,60090030070282	377,5949132371787	
0,370578146023141	14,682228657663531	387,6183225389229	
0,3675963019431679	15,332945452416698	426,6420591116613	
0,3758196656749334	14,116139022435732	409,35238221967165	
0,3677028778598732	14,79681438958195	403,74290038988073	
0,3674325752750861	14,64938140854673	429,3174697430517	
0,3702409654203949	15,14851999067967	429,4669728855814	
0,36823708268286254	14,568053671788611	418,17376057330324	
0,3514047437623824	14,658083207909915	440,7351672633469	
0,36522649694683	14,950532588104341	465,2878747995069	70,00567972714569
0,36937393229202464	12,1549692926213	359,4403799392172	
0,3732621317621194	12,207840658449955	396,0780649241773	
0,3667848172517093	11,895920570550686	320,4164537621187	
0,36279328857027676	13,211578981897524	413,5998957176828	
0,36127121748868374	12,572527287094767	336,4699648711976	
0,3648475183301243	14,38294402740607	434,6260113188162	
0,3603073316254601	12,608968100555632	338,1865856531867	
0,35430835909009817	13,173721421829262	383,9519108038149	
0,3579983519908766	14,288611978374156	421,0639256793904	
0,36158741419195173	13,651374794309072	401,3518477366521	
0,36165187044898767	16,88125209674304	469,5377910616346	
0,3722646452856226	13,763293802490399	380,1384195710297	
0,36689490790612	14,72788846237174	390,5339779205586	
0,35918135186009686	12,703568733195409	368,95798388331804	
0,3682622201390381	13,53932134854095	403,88649599535086	
0,3703403385074032	13,529702355659687	376,1355866516749	
0,37073997615349397	16,372498529264966	485,5163917211022	
0,366047260788879	15,038423848947186	425,36958295991417	
0,36774665102885024	15,678666696228648	456,82798630912555	
0,36598235496718134	15,46287046782035	421,49933508067244	
0,3705713125525742	14,328682954838584	426,71072174721877	
0,3480364952015054	12,827159418608645	356,7901426642253	
0,35503293304721667	13,554002172080807	397,6377289295751	
0,3610709989116107	13,693686396519167	374,3562416050624	
0,3522591408487057	14,548642365603614	453,6564092371337	69,32528044199964
0,3620962766136543	12,46924102496962	365,64124467511857	
0,35710694019831424	12,402319252508839	345,5171303293019	
0,3545943199632196	12,315116888967157	390,83097722826403	
0,36430645170142567	11,39616827214602	359,3988066314291	
0,3586607705499546	11,41633766609886	356,4100973833898	
0,3541559167248199	12,796962924120221	404,93527857345674	
0,3659124466640412	10,745536124579159	306,8995198289859	
0,36167067982298	12,465040059159229	382,09817839498254	
0,3603609376793901	14,344543188960136	394,50214814761324	
0,35613123342647834	15,219818854629306	435,055201167813	
0,3570791231056859	17,118314132234044	457,87380864363666	
0,3616727289300908	13,618199050292027	375,8307907155844	
0,3592278416118308	13,444145185455941	401,58942504020416	
0,33962530658562673	14,994620805747907	418,194765043331	
0,36284235736028303	14,981413690285065	395,24450877128294	
0,3606910275852582	15,421635270304714	416,8408393004968	
0,36170055777973853	13,04587983407942	352,36142791033717	
0,35924023011314554	14,579584820664026	419,7524680763679	
0,360247311861835	14,628165380960892	398,35349547915933	
0,35790719430719853	14,3729981131769	385,9508818036952	
0,36488809930711247	15,244739385090213	436,6773641998783	
0,363706736856893	13,53140608346555	364,57371001909036	
0,34878811896860973	16,48927808862562	482,48623353555865	
0,3501609096457402	13,00144243371916	350,12881104247504	
0,3480258824294099	14,395820634853226	391,7945571053185	61,97752245576543
0,3486132911889813	13,404889516430092	364,4892126378355	
0,3476099395935549	14,540628607854536	386,80711120420375	
0,3430471597237385	14,674378798483229	417,40737677528205	
0,3505357162419429	13,726411295448512	366,7256056179024	
0,3505357162419429	15,855773221599675	464,29450620773787	
0,3477825551978895	11,733419198345686	333,41332839447585	
0,34596164356711767	10,591150946619878	294,02894484182127	
0,3461123874241426	11,461726207649782	326,33195402449354	
0,3477816094025947	13,12470975922433	385,4738881448336	
0,3493665424331747	12,860708354644084	393,92817138685837	
0,3405691722655381	11,646221494195379	328,47379716780466	
0,33653892830541193	13,306716564845624	382,9705224285211	
0,3321112638958011	12,944683784572717	376,62752811748646	
0,33393556511641714	13,283799687730085	371,35033647924087	
0,34108592057110587	13,771458459038909	398,90292680027886	
0,3426948645145938	13,224965595207772	358,8656663237486	
0,34323923820688235	12,132533228227901	354,9199885247931	
0,33184981453882323	15,954035893392126	464,4575054520296	
0,34222360614095665	14,960040304570496	422,936386335637	
0,3533424779173029	13,234131882363988	359,77651565316324	
0,3498815053178268	13,007350820078907	366,5547432865987	
0,35368446812288945	15,755726432400344	496,14424414476247	
0,3559154161533914	14,363644416645505	362,99663288104506	
0,34478867554630865	16,047908068201384	450,52065130302645	
0,344311994051864	11,84215094183726	346,5125464359306	53,2736540801544
0,3390608845643384	14,402079841216032	440,3728184366598	
0,34633685164581285	14,481462518145477	411,38498167922603	
0,34497991918610765	12,655634608713724	356,33701985216356	
0,3441216540515119	11,491656752638667	318,87335302984644	
0,3432140244814315	12,890817289476564	390,0266180061047	
0,34623336108335406	13,294191913624179	360,77673862140784	
0,33711796597541377	12,580419709360259	373,91410692029507	
0,34595127624688443	12,305704324405976	334,33716563781235	
0,34489838734299744	16,343605749013197	483,1320085905193	
0,3446564255133253	16,108827352369527	461,33728992993974	
0,3439819743049731	15,948579206843952	485,50010600347457	
0,34521202344502283	15,089251206958842	429,4888451159159	
0,3437588816734117	13,928369484791956	390,55203660833774	
0,3474394935506537	14,90540953523882	461,0257304379674	
0,34818067217964044	14,387060361860785	397,814710002317	
0,3488847566330645	15,368155182065353	438,9349076646481	
0,3457691668605671	14,921178082312922	416,93716873059924	
0,3442059420841488	15,810939919745147	421,50164952228573	
0,3410577618003419	14,180262805694543	392,7655267251529	
0,3359272705752363	14,35242057877449	384,08066152279235	
0,3388396956037569	14,579536940769245	424,09603437846357	
0,3378898388681255	14,23657695275604	388,64641103993904	
0,34230104825476915	13,518787023601167	347,4329865420184	
0,34244726172360823	15,5365873092369	444,58924965309916	
0,3395425973562738	12,847240533567541	305,60871511723684	50,23624400661747
0,33866849947114014	12,738280883575412	362,85113541908845	
0,3427694402936193	13,666712980144128	381,8423487151018	
0,3383959069555984	13,705581482486512	371,0694771412187	
0,33800677421426584	12,16277882506425	401,1551960183178	
0,350940221549172	14,244138287848331	424,6094571657118	
0,3532351240657482	14,05830241579388	389,1726081250054	
0,34825962449359804	14,124692802248655	408,7626294011693	
0,3532319023445635	13,896259636254385	389,1447979687093	
0,35273972122202785	12,926954308037466	377,62269106776495	
0,35524274257439503	14,406583208639532	429,37860650958334	
0,3545974372071364	15,427174914812486	461,9202155851102	
0,35741825252635373	14,44711342603881	442,22372683609166	
0,3562205550090456	15,48955250021207	435,7860855003889	
0,3543810272759187	12,590647298848376	378,37895774051174	
0,3401880224366206	12,903324968451635	358,2385352133019	
0,34475461298565657	13,083902996254022	386,8196420250064	
0,34722223247386624	13,72477065741878	429,35839443412266	
0,3518542306860388	14,016429439152365	425,78858588487907	
0,35673495607373945	13,571594922279019	403,8290415574928	
0,3535977274959699	12,175617169096286	348,85525516008335	
0,35477340636721505	15,091669529326134	457,1896760316204	
0,3560388117582204	14,940001121277303	416,13696773881185	
0,355341026672589	15,12053987297788	438,17981708354995	
0,35294688855858	15,882729327834033	465,221255710164	
0,3487581749858429	14,810907841526863	377,95626406169555	59,41004795571631
0,35385664067749445	16,324674959387806	448,25844704316614	
0,35002247386750057	12,874886459269735	355,43586040749733	
0,3541767324579281	14,797165835077273	438,58273150438464	
0,346713507937303	14,778553290274395	408,7627283829016	
0,3410230248206031	13,530283029921133	391,76873821188565	
0,33835178172271213	13,371770524347903	368,82991150080767	
0,3402079345528984	13,027920582006622	364,8068625518912	
0,35526868491562685	14,354690210117319	392,0748516499877	
0,35595483157720376	15,470516751544102	423,45442522339044	
0,35619274756151903	13,508669438899087	371,5294040874228	
0,3583155965713727	13,065036287278913	362,72056472840944	
0,3606084942447311	12,737449484257883	354,0128407712515	
0,3621173846214307	14,868634300869921	424,5838753450278	
0,36256858525519303	12,451489413357082	332,738520264095	
0,3442387599153603	15,267038921852604	425,78195235013465	
0,34552908618763384	13,223898548618818	364,8550631372878	
0,35117811069411603	13,608354470941096	368,5403738802726	
0,3483903138232731	13,679977828462379	383,3046759463333	
0,3604267471103391	14,306920704138342	384,55952745151393	
0,3606002776350338	11,84701680215454	315,1808559696556	
0,3547505598680001	11,011649970724852	316,2918461556831	
0,35507405495087035	12,993856833393604	400,1329851525495	
0,35514443890812375	14,543681080025578	433,7738317089745	
0,35897938153651865	15,21370285229856	422,0041286840141	
0,3613971221473362	12,770755684662241	364,52860915330825	56,86373094905924
0,36222523116152056	12,989964116423556	388,9709279976406	
0,3542391585896484	14,562156711267741	431,65145972619194	
0,36305844844602736	14,15863983257867	416,30177250416835	
0,38363158833207933	11,38229587267891	308,2679982164606	
0,36359873735964426	14,181889569355155	404,73461737812534	
0,36735908885390317	14,374070887980126	409,69385029251185	
0,3615294403533018	15,195058515133228	446,3443115193427	
0,3651780004803187	14,179681356244062	393,9188196326987	
0,35144060205918876	13,265105292815754	393,26431654566017	
0,3482805112803041	14,63518431691805	417,55155332159893	
0,3696986390687684	16,127407024788003	454,2105865888329	
0,36709350888408243	12,921580950596674	357,8277719401319	
0,35945594312429885	14,350395582295715	424,6891739471667	
0,3507816941297985	14,926764079760925	433,3570075357795	
0,34408018885456093	14,008961959076286	401,62104695786655	
0,35073711784129563	13,91927216168972	368,09280690914994	
0,3466002522051523	14,470290477218983	423,2901009214513	
0,3447972223944933	15,26909568408086	399,50151566655376	
0,33755227771450697	16,86870564522816	487,3625128780775	
0,343778629573129	13,587280961276964	381,9509290143641	
0,3434003059302981	12,959436324636856	355,74197218981243	
0,3349226157220702	15,713393348745075	437,5680643910696	
0,3611367121642596	13,038237424768703	324,1662604583118	
0,34676562887217516	13,521962517792671	363,8484499868316	
0,36221593041354516	14,34985642352557	405,5239185957818	63,131643904308504
0,34203817061115727	13,903450586725407	369,2306496600238	
0,342222795893906	14,118931634463934	414,9618371072105	
0,33869225285183374	15,86515015725412	443,74163640339816	
0,3559281033014436	14,075939638635987	419,2628211419197	
0,35786432684722486	14,008903763894159	385,1620204394281	
0,35802591071235246	13,697616287927836	366,5263423029655	
0,36453087522739724	14,507348378487384	440,7219716011903	
0,36891070523383895	12,773838757483757	367,62298791801726	
0,35147462944689845	14,131983348432493	403,08841358283644	
0,34697657148009314	15,373269870409636	407,5174953971031	
0,3493361972944854	12,641036543192492	368,69453328788165	
0,3481278282810789	13,368063396357085	374,21080640457535	
0,34932521870844435	14,934843590594815	462,83252086143125	
0,35064712309377216	13,19797720101205	363,0091404274471	
0,358444572998288	13,990123291242273	441,26757248706747	
0,34751199246127146	11,976507679499399	319,4174082227098	
0,357092574394671	13,06381206469197	414,9435046109705	
0,3541561993068785	14,71190903217933	441,13400430466464	
0,35259375519850045	14,658568542191336	413,42760762085965	
0,3525467655267018	14,351418353939735	425,86171652437815	
0,35350862596999105	12,809124091662882	329,8017568559309	
0,34849188170441875	15,148348091087666	436,09564412120307	
0,35135797384657	14,898919384703383	431,7737929669104	
0,3483120956600928	14,775396167528191	443,8581387493986	
0,3418811187570311	16,982797727482815	493,5519585438971	76,04159953174029
0,3389195584637252	16,05895480967459	415,74409128971405	
0,33754235587841913	12,32343647247599	322,5485883243994	
0,34625897557822255	14,19143476163988	417,06103845796383	
0,34387548636457665	14,950128650719689	425,75052597145145	
0,34185921790355783	16,000464411174345	472,4163487545745	
0,3412045352462338	14,759554446914326	408,0674703731805	
0,3350584614597072	13,60455255202854	373,648286034946	
0,34451309023681537	13,074816921570749	395,07523319390754	
0,35040481145914937	13,78315424390052	419,2996174674885	
0,3448113401149181	14,065616705831873	376,24100009542616	
0,3479886725357534	12,620745050974898	356,0649709866324	
0,3468033147405191	14,074716501011526	406,42620927837015	
0,35180331019368327	14,277848484036852	383,6022321392205	
0,3429450728386863	14,853831834328659	398,24185190445183	
0,34804772990135285	14,828580830347246	406,2562478737135	
0,3469853517634855	15,334264398018666	445,5246727939271	
0,34497631309331744	12,922621593633082	368,8158021686749	
0,3439252732731098	15,475565056569538	467,5659407044831	
0,3450911445181123	13,99056315894111	364,18141828652375	
0,3413553451381277	14,881923576495353	469,9749734119037	
0,34117095008297516	15,711733149111645	437,81042561079596	
0,3510181600278424	14,537761427703149	417,4741211882551	
0,3508499942866199	13,300159655379135	366,9163545677131	
0,3436845158388166	13,863359910102384	407,4405718399033	
0,34474170270750837	14,776289195639427	399,4080173924138	62,87562286858699
0,3329990631333633	13,613350303293668	340,9930997734406	
0,34653728456862226	15,65828075617376	411,3737369501474	
0,3598502551468069	15,16139818655854	389,0882613902752	
0,34931668092653895	15,692664070556141	375,8126374844674	
0,3381643067681725	17,72202820136141	449,6909311327613	
0,33862885747657956	17,604978140420553	438,96553052088814	
0,3451117857767702	16,030253837668923	364,4244006218425	
0,3504496454955278	14,999649330535622	369,105874988615	
0,3615538141416523	15,48601823564964	415,9842984781902	
0,3619103173468979	15,141429351819545	412,9225679025935	
0,3567211483192365	14,6115730429655	425,56220788856194	
0,36568467294437335	14,99775669180746	432,91001138643065	
0,3530440693892905	12,771505345823819	321,1191012476244	
0,357275041703788	15,911474202713991	479,8315165131526	
0,3562604919003503	14,250746081023804	352,32496178259936	
0,3442234856733101	13,37920300706079	345,28165949292844	
0,3462808399891573	13,499624929512974	370,88233737374924	
0,33834977813780454	14,693375719844335	409,9805517911996	
0,34905614689654946	15,31841239635934	434,7997669835659	
0,34846307184149405	14,395644174704604	367,31808424459797	
0,3458155522025048	13,605333335915738	364,13680274202557	
0,3463220387995327	14,94857738725821	406,9548063828469	
0,33961086890066106	14,757896956797422	403,9387643383532	
0,34299837580051235	14,846551295102643	380,23254377409967	
0,3407860627715231	14,078356662978948	381,615227078013	59,20208747769386
0,34001018850450954	14,573195752978474	388,4475323951642	
0,3380107467469379	12,331056797255247	330,3352866016495	
0,35970746987846786	11,821531546907046	315,67093315623225	
0,34071992440968146	14,187704932950659	367,64141354130027	
0,35909537103914263	14,341765345879857	370,8252603941902	
0,35762040761309477	15,487681626428634	447,0481473344434	
0,3624695501331002	14,688935798937688	421,52819721534166	
0,3556755162654295	14,932563814812413	419,1775021206216	
0,36916433113428854	13,613066735739743	411,82379271968637	
0,37070183556627134	12,763257031239128	378,58824771809583	
0,3602990882368198	14,978275140008968	421,59541879299496	
0,36360552810631447	13,925570032289988	400,11609777410797	
0,3756067393300829	13,580080649597242	380,5662851547262	
0,37659339893861377	14,068484172753713	399,94281211349147	
0,37576685813552707	13,334869592123537	343,28165559229683	
0,3695737196634857	15,443808368546733	427,9307146032734	
0,35800848419553527	11,460507784320855	315,5163571461761	
0,35879295856589727	12,731644844779941	378,7363769186857	
0,34399967023987726	13,410236151862769	392,0365298499148	
0,34512148951040805	13,014818235475431	381,88450533906433	
0,354184783030188	14,576521815528874	414,1728252354883	
0,3418714372321024	13,15206312255384	370,1105545604026	
0,3422631160197507	16,26069150528383	504,1059056921201	
0,3421509446043009	16,07640971766254	467,25003860576356	
0,34574537575448844	14,612362711178516	419,9745550849483	65,02978944021126
0,3416799696321273	15,307089472098484	430,7637546298184	
0,3343391030686674	15,0313221234856	421,80970609741706	
0,34836709856583153	14,91926761110115	394,1619086704214	
0,33353727172971587	13,370846796682123	386,08549255842473	
0,33994341953398804	12,25152928102041	346,8716445356303	
0,33969856823641686	14,08277786714018	425,39832095404824	
0,34286499519284597	12,220576327567617	353,5560466481948	
0,36088727354490807	14,03306699222421	422,4789893647019	
0,3561619421154638	12,899338063421874	379,18427059520974	
0,3532194971796205	11,844272593307743	345,950627875948	
0,3526358873303015	14,11239017188804	447,4106888624142	
0,3647075221460706	13,642673475221743	400,71295299361753	
0,36550458360340277	10,873575975812225	297,1848971775006	
0,3618255297438133	12,270841676557225	351,15700126964396	
0,35688222468078057	13,906137864298284	382,8736126841156	
0,3604582581139312	15,623099271469636	473,9935177054915	
0,3506308903048651	14,030337295355425	379,2053788795742	
0,3615337359419145	15,654697184192809	447,3835514833952	
0,3456484667933596	15,37837470171177	437,5955750066476	
0,35953877773384285	13,638041597395778	397,115183181614	
0,361732121884862	11,991587719809738	331,36769065592046	
0,3382930687382518	13,739296208212263	388,74523048884606	
0,3403056473755121	14,53904946322749	413,8679078469936	
0,35205273913353624	14,429737039030854	425,11038061739214	
0,3624924852988168	13,40820757941087	350,98855030382555	56,0558326239055
0,36087667748486996	12,917197551601623	352,7653798089423	
0,37110101119393235	14,04619518518536	398,4778971201015	
0,37896249447391706	13,192749578216354	363,678155976582	
0,36242626788383275	14,338199485412034	430,85318246002583	
0,36212142693002103	13,43543367991091	362,1672245181873	
0,3469607611852357	14,229688604818355	408,9069009918795	
0,3557114107437188	14,159343627691163	396,1555556049466	
0,35127018267930216	15,436339689087601	413,7747048006137	
0,34429815880850323	17,074410406889438	466,92496461064025	
0,33928595670266093	15,431159946733457	390,40998444089	
0,3485165307978823	16,010062699683345	449,7910827551924	
0,34327308360072833	14,49262753743529	399,3624785779433	
0,34005515431316574	14,830131803402105	415,8898368144439	
0,3417406589955941	12,908052591842043	348,3279333791262	
0,33768503961319446	15,34560370896512	424,04789033895526	
0,3371878468969933	14,683835630921475	422,74710655167763	
0,34157109484402837	14,059018690150031	387,44594999092277	
0,34113488089525457	13,382006453394794	370,6030495320017	
0,33526183094019074	15,68501438715168	492,26201823379176	
0,3388196837276844	13,600116524999864	366,8336616093322	
0,34089447843911896	12,20275651840811	332,33871462225574	
0,3396162014399197	14,188129584737943	410,00736065951793	
0,33579692182803883	14,007407442834086	379,1596698963437	
0,33467842716372576	13,42328342683608	381,4303683488379	
0,3359049348690239	14,349505452023585	395,20248756328346	61,69734533936476
0,3349607963501745	14,656003737560713	428,8376165619531	
0,33304273873533086	15,901805746264063	460,92755997554434	
0,3309626145764744	14,584646132116971	355,12105818514675	
0,33035877589345836	16,765747098772465	446,98852447504134	
0,33055693873796904	15,59272651380429	405,08463390469325	
0,3278614549715684	16,149226657278827	430,06086048059393	
0,3210952483533003	14,639006107571943	413,4831315867134	
0,3115403422568131	11,42147064805564	337,17623471048705	
0,32484696005463687	12,905999756042888	369,0658874572876	
0,3239964468166007	14,19114455091288	427,09492696511137	
0,32829607020802676	13,052706485605697	369,1955717137078	
0,3287710399369061	14,276901970880585	408,3323941306128	
0,330527273149799	12,73734380073459	345,7960747239073	
0,3279051773295658	12,35637131764885	348,54449477197284	
0,3452569721380194	13,665851765109386	393,7054847527738	
0,3422352961266523	13,272419842031315	397,9709114411468	
0,3337357712839667	14,874569750063616	459,9070657077259	
0,3279089247675357	13,612842003919445	377,1960792278103	
0,3308658765029977	15,357319931071913	430,8671002524973	
0,32811142790879544	13,682594404235433	380,8017666588856	
0,3247505810531116	13,994754741455933	388,49568738951695	
0,33433544853543784	12,559095205604258	351,16410429772696	
0,31973556886413684	13,97294006283139	398,3623000300763	
0,3213772249166307	12,094913365443011	353,02112541240245	
0,32448542389411117	13,600194582682992	386,53685589013736	60,30715704701664
0,32523329739990403	12,7086389488366	377,75523310721735	
0,3266992229524046	14,73029272669664	411,54649885540607	
0,3269004580115445	12,92218862881811	360,5887433502035	
0,33737720018262385	15,432974330938043	444,77427318698733	
0,3375449894906537	15,462818201050164	456,9535340923257	
0,3304554111189295	13,160654318248936	359,15930278022165	
0,3277050562318155	13,011011812274498	359,80037588147474	
0,33104933866641983	13,00996988884308	356,44510504311705	
0,334059892749712	14,475708367151837	414,14587623508766	
0,32845204532290867	16,071581431785827	469,38954123315517	
0,33263490308575044	14,76801909489281	404,23106252556937	
0,3383546425903004	13,563048191185356	382,83080243701266	
0,33724895647580483	11,954323609008181	355,74650219953526	
0,3375327247959545	12,486745662767682	375,1091486568687	
0,33479193798397233	12,543151749082757	393,8978822860729	
0,32672210060801865	13,315834790374982	390,4405017961946	
0,33014819536865614	12,394149159603437	321,97394885427764	
0,3416328314540978	14,07836432201951	429,1359479107832	
0,31416700987145085	12,902004833858063	355,3763992502983	
0,321978858000598	12,395719472493315	348,20396029444646	
0,32225397307375525	13,607851027613046	388,80698651333813	
0,31838392639175445	12,990486689143504	365,4570120077127	
0,3382352516948409	12,532324171928565	326,62064488708853	
0,3377621102814289	13,213872251311312	334,2229971442427	
0,3377903104217647	12,66130342386894	361,95435680985327	56,108288128084375
0,3382400758678017	12,927366613274891	400,95378821590515	
0,33669878950790066	14,122139898040677	437,35563746587786	
0,3378191167394594	14,397017812000959	419,3401896228072	
0,33838780874977203	14,098830011987854	417,55617333439676	
0,33458054808417287	13,76466318078415	390,7447005680728	
0,33461378612080134	12,506385994973918	349,68567229121845	
0,3485374017983878	11,951890489032078	349,64861728082343	
0,3466698589560256	13,78065616887289	367,01045301483566	
0,34674388593622013	16,399889127331754	493,68176577595483	
0,3407216698234246	15,101314087585	396,71841290024315	
0,3349134089447624	15,631123432145372	405,3697409711895	
0,3218745211131461	16,585109309179902	476,6680558038944	
0,3191460988336913	15,765211122779224	410,13156885745326	
0,3230916656341752	12,801939350681428	326,65846002514735	
0,33832439032909123	13,228211384843274	343,03036961224353	
0,3413966280605466	14,426406593943266	418,19717391088125	
0,34662225577211314	11,691622298555266	299,44750920738363	
0,33642717135275496	12,621903840578957	348,76142388578245	
0,35779058649254625	15,661959336789996	452,51837588889845	
0,3692383742252424	14,515726979687273	368,44921012186364	
0,3662350296945663	13,781038265960065	352,2540271798989	
0,3397339653643221	14,748411058669939	403,34268626452763	
0,3370450473089942	13,836064016092013	344,7732542380272	
0,3366266225648523	13,712323387903997	413,07948489794194	
0,33873961855632473	14,534526428160941	420,0588483460007	65,49787495337762
0,37187790275970767	12,959079068884964	343,52190505993315	
0,37050522224847826	13,900452414863205	392,5809003526488	
0,36090460533431157	14,581679433264592	400,08619074624875	
0,35359267888226786	13,826992500693272	399,6042193010268	
0,35571209850574886	15,467104455808753	418,6221942657032	
0,3556690927566805	13,15617930400376	359,62254129611784	
0,3608362281365081	12,825987817310299	371,10784868230303	
0,3464797921541339	11,000451236056758	301,5455972116325	
0,34215908970678766	12,455712509380774	354,74588838711134	
0,3490493440655486	13,613126945234393	396,5494297338193	
0,3587371746059439	13,057116855277561	367,56440433332205	
0,35598236160593394	12,304399647429575	373,4630912681428	
0,34993794748944096	12,731036016859035	380,4638363504694	
0,3578284407151303	13,562644768832348	387,53011273012294	
0,3399376289252509	13,138554182952376	373,930964679112	
0,3405917537031203	14,032182078029212	431,92250319774723	
0,34026836103160774	11,6739220059646	298,16702486925175	
0,3332878890029633	14,401976272451131	403,2749400116664	
0,333798431539724	12,229535405619709	326,1116979146572	
0,339846120601196	12,045591931849717	382,6570164551515	
0,3383462625479129	13,908707990866315	383,49949423592204	
0,3337950798066558	16,489983889664202	515,5195065829346	
0,3369807740902959	14,273265249835235	400,9284393006378	
0,32638722382632496	14,641376098660492	399,90316829186725	
