1,0649332436110677	487,38051372659834	2832,7064171063193	644,419519972261
0,7824078720613263	410,00166873788976	2653,0650141736337	
0,585966527858212	340,98348267584487	2475,0010381620455	
0,49130387562860134	287,8959198814645	2355,93607526796	
0,4165076259029554	227,8446992265042	2216,197648278397	
0,33993658401200544	181,5850643101246	1937,693704628309	
0,2742723071183572	147,72449763245646	1756,272114266897	
0,24620930477851527	119,44911873224842	1526,6706810060514	
0,21422327834627672	96,83146674159036	1299,8026973435956	
0,1878637001741237	80,25432797634696	1161,2173997921082	
0,14990910783404046	66,2221280714101	1009,3596900896102	
0,13846095931413488	51,647005058667254	830,1849207275679	
0,12040801267417317	42,636588079866875	732,186963343153	
0,10409905445463508	35,46537449757318	647,2928059583489	
0,09808259162172005	29,47730425951227	595,7989354290668	
0,08897997006426525	24,40983148226832	537,1989069288303	
0,08032079592741453	20,427744446049456	466,4520429168164	
0,07672556223148436	17,114488087004602	400,985681591241	
0,06848809475991585	14,004915055195728	324,65216927631883	
0,0674645839657423	11,803655246528999	275,53502881069386	
0,05902356063860383	10,382263146106492	252,96759193633065	
0,0545090902962667	8,716719969229613	205,23111895013207	
0,049696916795854286	7,600085656262439	179,7557659487859	
0,04665709942718288	6,762743266757044	160,76305680648477	
0,045194572971617435	5,823335266720782	136,99602149293005	
0,04254703082085864	5,116907443008255	118,83181722104514	17,91652890679235
0,03689939293606435	4,754630665275431	112,0551168789008	
0,035013427934615905	3,995586397110914	87,25719146471039	
0,03154593628502185	3,3581896493598062	67,56569487947473	
0,0283753821701814	3,0957593635609353	61,682710139068625	
0,026153482554829098	2,8840491163586277	58,151561384295704	
0,02249494554219288	2,6033384686660654	49,522702322441056	
0,021720689958154252	2,451760763855695	47,2583814532613	
0,020917977523686973	2,1917244729744136	42,5432774921847	
0,0196530360657286	2,1245123696109784	41,47673204571325	
0,017259675266059746	1,9297031557812472	37,42422728483628	
0,016915733667326377	1,8251069898182846	34,016242018469924	
0,014959356423373671	1,6826518323031987	31,101384406605572	
0,0147927813147827	1,5967132907983967	28,911554487540393	
0,014233937899243397	1,5017281475133617	27,4975848626806	
0,014044455550635637	1,448891498464726	26,910875484853634	
0,013348817850253401	1,409633046042768	25,701870854491613	
0,013060617981359346	1,3597345308714555	23,906433298532853	
0,012762490476023595	1,2621220633109065	19,99322578081849	
0,012731992187472957	1,2122328605637351	18,950931217076228	
0,01257423901201083	1,1599973549975116	17,782354325845677	
0,012234893149347949	1,1391134203866904	17,380131334373097	
0,011694814426653412	1,115331688225388	17,021038642628305	
0,011214075691686913	1,087549784906988	16,469893409707748	
0,01001906219159806	1,0283921726322136	14,972643169703396	
0,009471352186907566	1,0002843934180625	14,694684750524289	2,3717920943997464
0,009371514793049068	0,9724940412148707	14,144788395879246	
0,00934153499003129	0,9461949862545328	13,602834941801996	
0,008714117933916599	0,9198732236667999	13,106879836974688	
0,00842848859455841	0,9004834620590324	12,897737541150214	
0,008326424905202315	0,8894978432972299	12,68840220805684	
0,008284035832826796	0,8715711323579464	12,365201913696128	
0,008230961114057907	0,8361845334968687	11,358724277543905	
0,008211639226276478	0,818599287742224	11,176829720635078	
0,00820937823221383	0,7998222489245442	11,042589817030228	
0,00818193044051349	0,791064633579859	10,944269365232302	
0,008110827971902528	0,7706905525028689	10,737945637632924	
0,00810953999650915	0,7571045138543957	10,565158733022434	
0,008062338203520366	0,7422242188799386	10,394740221939417	
0,007912345249397486	0,7342315950063536	10,302865761274884	
0,00774444464665509	0,7253868315001287	10,120512007396853	
0,007670560522122874	0,7109771458004759	9,856249713933316	
0,007559800562408653	0,6990342209180531	9,697764773184211	
0,007559004243722994	0,6925760949450962	9,568353003875544	
0,0075486342388454315	0,6816105416915179	9,31506691705879	
0,007488979039026678	0,6746023330620197	9,28324685082092	
0,00747150793234474	0,6639819619777062	9,065259348222037	
0,0074453025769236035	0,6526604956606823	8,954804033792556	
0,007078973311145719	0,6451455720996786	8,805076373863884	
0,00706337743015914	0,6384539981447253	8,703496671694705	
0,006683708575631483	0,6347536155215868	8,649071495400744	1,4031182400897007
0,006640287660864715	0,6290356920941386	8,602740386553526	
0,006614993533751073	0,6192638759081742	8,42392444683495	
0,0065874137678218715	0,6131000629626706	8,346984823639492	
0,00656184914641618	0,6044257029704805	8,215040307516606	
0,006349015352367743	0,6005022659841008	8,182576038737043	
0,006107608661714911	0,5946181057444773	8,071710069571711	
0,006086462043271396	0,582380936838503	7,794441324143479	
0,0058419965313175745	0,5747016256089861	7,705318323423344	
0,00583525997677803	0,5699341652141643	7,610843013025381	
0,005833282756984551	0,5638270083789858	7,572991671676191	
0,005832373111777675	0,5592942526831465	7,545005154898256	
0,005831664916754471	0,5516133895881932	7,481229966850962	
0,005665315735348188	0,5435654260078236	7,361680284904162	
0,005594384887932156	0,534938317684404	7,1397603159438825	
0,0055858904352373995	0,5278692606758788	7,111289698286524	
0,00558416737369812	0,5187246313792552	6,919936297505915	
0,005015369546802062	0,5102492876470511	6,8423031886825845	
0,004952320177577917	0,5048869178261552	6,712355923306526	
0,004943147727893684	0,5015113400292718	6,664160435411438	
0,004942793119125776	0,4954582588216383	6,574200655205462	
0,004941739227950386	0,4933916023187133	6,553107287803592	
0,004893550843448098	0,48831498038198634	6,475640652641577	
0,004892811690283141	0,4791330246547983	6,339832770368214	
0,004892343674728625	0,474740208720967	6,241796581017751	
0,004446550898757676	0,470201099679296	6,147281657671269	0,9894596758034999
0,004446550898757676	0,46461434893189946	6,007450360867735	
0,0044459586445460605	0,4601665938559381	5,9836999777415425	
0,0044369565879300065	0,45680302911688175	5,930547933142684	
0,004415434467691922	0,45226588026858544	5,892543747089872	
0,004415434467691922	0,4493826583799575	5,850414316755462	
0,004414665006614746	0,44667705156838605	5,824345837494573	
0,004405288293181384	0,443993811514358	5,769891949445964	
0,004402967649845059	0,44020126390036635	5,681927394290583	
0,004109294646066411	0,43448856652852597	5,5866164333904065	
0,004103346189638507	0,4301640980813388	5,514655413174228	
0,004103298436133087	0,4248109240590833	5,418265988231014	
0,004084573953996375	0,41998332352050766	5,31357179296277	
0,004080935626230099	0,4159490978876137	5,25296498891638	
0,004031209717836206	0,41364962939121386	5,231576595655253	
0,0039194731749067095	0,4091169413163587	5,172068044034297	
0,0037818913980560824	0,4044678121779963	5,103130008686331	
0,0037794031691717905	0,39781454166812547	4,901518628436071	
0,0037794031691717905	0,3948634735283816	4,865598807510339	
0,00377667063020447	0,390897635089486	4,77029794075502	
0,00377630176549793	0,38731704978889053	4,690891152973771	
0,003762711522131171	0,38523751417566726	4,678964982002637	
0,003762540838982796	0,38196809280782745	4,644731708107178	
0,0035915549027246215	0,379005082050103	4,601211862595353	
0,0035915549027246215	0,37567153469490094	4,547047797273225	
0,0035753415495729563	0,37292281126575766	4,49839576340373	0,7375780947011163
0,00356138057386076	0,3697799956732509	4,437686011402068	
0,00356138057386076	0,36687628832083136	4,356709945056329	
0,0035296060296582336	0,3637361977564897	4,277400809321252	
0,0035296060296582336	0,36162472632208514	4,253962225120062	
0,003524477375260678	0,35951795023839345	4,218735501564866	
0,0033330938037259344	0,35513100161607164	4,085347766119091	
0,003331964526933166	0,35182428554852235	4,021904736796362	
0,003331964526933166	0,3467836162703313	3,9556763584891406	
0,003331964526933166	0,34359135276216146	3,880131791130095	
0,0032563453321386385	0,34148546699858284	3,849003160179567	
0,003246645780784239	0,338754012072126	3,8100282201625735	
0,003246301233105064	0,3362946377911134	3,7875478982657564	
0,0032461647896112767	0,3335947140483877	3,75108192828916	
0,0032399281452779173	0,33164612215776124	3,7442025393432488	
0,0032399281452779173	0,3283240091000998	3,688881955223964	
0,003237228113206726	0,32644907109757304	3,671487185207842	
0,0032300828291376036	0,32435904038081165	3,636453475853646	
0,0032299789941785573	0,3219366051392463	3,6160261879805353	
0,0032299685502397866	0,31870328964696837	3,574270239357469	
0,0032290357575633453	0,3172642072378527	3,5703862947346563	
0,0032081273128933695	0,3157500759945875	3,5499224077168066	
0,0032081273128933695	0,31263720089556213	3,471818240068844	
0,003158688002745931	0,3110729385771318	3,4469573885320077	
0,0029827486514073277	0,30885666579597776	3,4087327102085703	
0,002982608619767333	0,3070130107561965	3,3684064192956877	0,5662343453805257
0,002610035490110526	0,30421366037375536	3,3436005452659106	
0,002609224401367453	0,3024090503302168	3,32349491772989	
0,00260639780290439	0,3006149881577097	3,311161733616781	
0,002605943191694485	0,29703967729012587	3,2425404193371157	
0,0025970320303433294	0,29406843744894806	3,1978330697768076	
0,0025953787280608197	0,291438144934753	3,1553306212945675	
0,0025953787280608197	0,2888771998950842	3,1166369075359945	
0,0025948172569712595	0,28712595153186493	3,0935956760187344	
0,002594613863832434	0,28491653764942315	3,051088703168185	
0,002594438757097482	0,2827780087178079	2,9992568301324	
0,002594438757097482	0,2801149882913688	2,9592458103999686	
0,002423813700695406	0,27815039229247757	2,925166800384514	
0,002423813700695406	0,27505375464079207	2,873938426934133	
0,002423741368680437	0,2735631579884603	2,86628328726072	
0,0024232919362195274	0,27142491098900456	2,8252927394133844	
0,0024232919362195274	0,26968858497530546	2,8034206902196592	
0,002362887594711807	0,26803952540965353	2,782764059210281	
0,0023571397375827157	0,26543342815239207	2,729725966644328	
0,002356848796466674	0,26346066278045854	2,7016753489659027	
0,002355259874219229	0,2614218970756706	2,665629002809502	
0,002355259874219229	0,25924244886194947	2,6246501930735118	
0,002355259874219229	0,257428090073271	2,5957468616736	
0,002328379425860477	0,25509275914607454	2,557183572801944	
0,0023280012111796516	0,25357794180334003	2,5261800586139684	
0,0021645064619968133	0,2521901792088394	2,4988021183901132	0,4286024856651224
0,00216438349312915	0,250564527018858	2,4634476066720077	
0,00216438349312915	0,24915301796111813	2,446139827252481	
0,0021255768545068296	0,24772478092634503	2,4170835883050974	
0,0021250099740082783	0,24628924409031058	2,3998026366820047	
0,002083744155585702	0,2446693133297917	2,3864421414436494	
0,002083724443728869	0,2427751462929378	2,365442920707248	
0,002042002342004899	0,24118961360872881	2,3523064317623703	
0,002041709636614622	0,2392466028494227	2,3167711646084026	
0,0019563444440680654	0,238267940607346	2,3144633685067877	
0,0019563444440680654	0,2370441494598208	2,3050680503570886	
0,0019561406144415674	0,23542372991018623	2,2975504916040306	
0,0019561406144415674	0,2344234552238148	2,295414139400245	
0,0019553302943504536	0,23308795980839117	2,2770366052687887	
0,001955127009115684	0,23122260402230263	2,2346958745958387	
0,0019536646392767686	0,22986523271638667	2,2181065276855625	
0,0019536646392767686	0,22787511305749017	2,181937165441534	
0,001950465417399732	0,22641639492753624	2,161522950468226	
0,0019443756449997714	0,22517236082055025	2,155693199754622	
0,0019440274991525972	0,22357401733601967	2,129680733932237	
0,0019440274991525972	0,22198669726085068	2,106939590455763	
0,0019440274991525972	0,22020214293351162	2,0618604517203116	
0,0019371631317350237	0,21877817851971856	2,050260506772015	
0,0019371631317350237	0,21723205857307726	2,0389823348224225	
0,0019371631317350237	0,2149686974447725	2,000716315040182	
0,0019202814849665587	0,21402588013449061	1,992357467763407	0,3488451851131032
0,0019202814849665587	0,21238031131752447	1,958565891932431	
0,0019202814849665587	0,2110367617748516	1,9441998053510101	
0,0019198545645935491	0,21001704782559621	1,9383948366732977	
0,0019198545645935491	0,20890419173815697	1,9196515489438486	
0,0019198545645935491	0,20758068748002162	1,9105769332474727	
0,0019083276635641613	0,2065585078326463	1,902947467174677	
0,0019080737164117875	0,2050420714429751	1,8831022034722777	
0,0019080643445191982	0,20316855165171702	1,8454307595221968	
0,0019076879758224972	0,20150308663429808	1,8108910736377115	
0,0019076879758224972	0,2002665855640437	1,7961153044515477	
0,001887841823614396	0,19903734138853715	1,770198497674842	
0,001887459751035372	0,19780953442111418	1,748262991469284	
0,001887253728411096	0,19649897563006424	1,7267427472634882	
0,001887141620402971	0,19496339282370034	1,6890576791370757	
0,001887141620402971	0,19397312803380856	1,685739283225104	
0,001887141620402971	0,19270448701340373	1,6676759860456647	
0,0018870502254229374	0,19176380634929552	1,664610369441275	
0,0018866147825213671	0,19046613532683865	1,6456815233268254	
0,0018866147825213671	0,18929110614301187	1,6371957999537963	
0,0018866147825213671	0,18802976811379615	1,6190160216029335	
0,001886582119165234	0,18664253897993938	1,585339436514241	
0,0018849142481942869	0,18576015545500113	1,5772807740901742	
0,0018849044157032372	0,1848577036374902	1,5647476948741725	
0,0018838109053171672	0,18309342770265083	1,5251277680087434	
0,0018825988816062048	0,18218930864412244	1,5186463099160994	0,27533273257888624
0,0018825988816062048	0,18101306075616844	1,5010215775175106	
0,0018809600418038478	0,17939789272118778	1,4688062266767992	
0,0018806165071756145	0,17795859416045823	1,4597419517198988	
0,001880394261230374	0,17693389644619606	1,4544223301895896	
0,001880394261230374	0,17576658022661712	1,4425751855129272	
0,001880394261230374	0,1747311739750916	1,4386824799918077	
0,001880394261230374	0,1736905174877429	1,4292661566904805	
0,0018685866880374011	0,17300413956794597	1,4256936269576992	
0,0018685866880374011	0,17226521664794625	1,4162808531095015	
0,0018685866880374011	0,17142203330045425	1,4143034910992605	
0,0018685866880374011	0,17035919109081304	1,3970812549376472	
0,0018685866880374011	0,16963755367001	1,3866626194093927	
0,0018685866880374011	0,1688343097442303	1,3840153568572608	
0,0018685866880374011	0,16750284636729196	1,3628598824133693	
0,001868581754046704	0,1666744619769637	1,3602550941303653	
0,001868581754046704	0,16583735223586335	1,3500879657377507	
0,001868581754046704	0,1652279448702545	1,3485916062353644	
0,0018685319788578345	0,16440798630430561	1,3330258210128718	
0,0018685319788578345	0,1631400011516936	1,3101203429420767	
0,0018685319788578345	0,16211357557684658	1,2922267439976312	
0,0018685319788578345	0,16083068094663208	1,258093126621885	
0,0018273315453754238	0,15994696476011439	1,2560378760698532	
0,0018158144283397918	0,15903810558100717	1,2544917602894692	
0,0018158144283397918	0,15849958496673808	1,2536426780479042	
0,0018158144283397918	0,1577266949201993	1,2492699242466672	0,2297137556047138
0,0018150112411844802	0,15704377431292765	1,2442546078911993	
0,0018115531214673672	0,15605076549335656	1,2331497391291775	
0,0018115531214673672	0,15517759717211915	1,2203306827830687	
0,0018115531214673672	0,15439914355416856	1,2114936415006543	
0,0018115157182257604	0,15363378098874983	1,207310397468582	
0,0018115157182257604	0,1530243574627897	1,201482731584519	
0,0018115157182257604	0,15246958118906756	1,1973859328007987	
0,0018114893987184475	0,15164411653961538	1,1893222346711108	
0,0018114893987184475	0,15073448620765048	1,1783752089044885	
0,0018108833120972086	0,15008158129331692	1,1682163113769348	
0,001810852639501476	0,14935477093670405	1,1622400005971938	
0,001810836369942453	0,14844991248024209	1,1518533569694291	
0,0018103426207900905	0,1479084070612504	1,1494067364992686	
0,0018103426207900905	0,14728572162666553	1,1444823833008342	
0,0018103426207900905	0,14665448237819156	1,1359980636176163	
0,0017998989828375408	0,1459382851926931	1,1288042114542256	
0,0017998420966911502	0,14528680564816462	1,1265774265390471	
0,0017996241083192335	0,14432609462268	1,1054522135204783	
0,001798744348121499	0,14358834337478923	1,0949699159475552	
0,0017987347764762465	0,1425297088183984	1,0692860927939163	
0,0017987347764762465	0,1417533398996766	1,0622655258833849	
0,0017986618237729394	0,14115646715548047	1,0612034422654832	
0,0017986618237729394	0,14020988861360553	1,0492882317543997	
0,0017986618237729394	0,13958674202799098	1,0394669070293536	
0,0017986263040104962	0,13892571257169908	1,0295179374258538	0,19356002787671053
0,0017986263040104962	0,1383131496314602	1,0253507547106033	
0,0017985348872638094	0,13752707707297215	1,0111035119097058	
0,0017903049939974702	0,1366740645662263	0,99311592071084	
0,0017903049939974702	0,1360121395848339	0,985958381590784	
0,0017903049939974702	0,1353300373101525	0,9851394328637807	
0,0017670426635973619	0,13458244324815316	0,9771598659986159	
0,0017666380315662078	0,1341004823510145	0,9740683258228472	
0,0017666380315662078	0,1335469880302882	0,966005170906187	
0,0017666380315662078	0,13289423078752696	0,9563195313993509	
0,0017666380315662078	0,13187713486215688	0,9312619235849744	
0,0017666380315662078	0,13123857949896542	0,9210594987783396	
0,001706683460741284	0,13047454520727	0,9064628367315902	
0,0017066764588243022	0,12975573841119445	0,8909249013614258	
0,0016959854144313268	0,12888688720262426	0,8864880813194739	
0,0016959854144313268	0,1278554499098926	0,885993754503773	
0,0016959854144313268	0,12722725122301118	0,8756571088265527	
0,0015098019559415155	0,12664768414470795	0,8699086267401106	
0,0015098019559415155	0,12593286267203943	0,8670442099914201	
0,0015097722705904482	0,12537953381456954	0,8633095484887865	
0,0015097722705904482	0,12493878458900959	0,8579087845666415	
0,0015097449494696513	0,12436546074208353	0,8522320643183973	
0,0015097449494696513	0,12326054533799874	0,8349149857137835	
0,0015097444861608856	0,1226816665980194	0,8290571732562307	
0,0015097444861608856	0,12198408316787386	0,8151331888970025	
0,0015097444861608856	0,12096643059458137	0,8035969209880873	0,156384134631877
0,0015097354701193372	0,1204493500114943	0,7943179193637933	
0,0015093725119945016	0,11978013657327993	0,7856809701796496	
0,0015093725119945016	0,11918509233696767	0,7798927157107906	
0,0015093276659262982	0,11876733584597404	0,7786007026685735	
0,0015086686803371773	0,11829092828871202	0,7752078926408497	
0,0015085898205090403	0,11769555997500325	0,7688507455559285	
0,0015085066763729962	0,11704575885128131	0,7594265177354351	
0,0015084899152716766	0,11635871626579823	0,7546159240824	
0,0015083618478787372	0,11592946835813683	0,752688877436038	
0,0015083618478787372	0,11526749103543103	0,7396919504133903	
0,001508327679867106	0,11473999573958187	0,7330989110715747	
0,001508327679867106	0,11408207752089346	0,725818632946619	
0,001508327679867106	0,11349788874917993	0,7190895277840654	
0,0015082828982074879	0,11290689017223438	0,7172122600025093	
0,0015082828982074879	0,11245022240765813	0,7117095266178075	
0,0015082828982074879	0,11163714935012375	0,6959957425941645	
0,0014756324203023417	0,11058774286147281	0,6708416579257362	
0,0014754487394611153	0,1099700515783693	0,6652044052227982	
0,0014754487394611153	0,10958042039644114	0,662843868228715	
0,0014753759239736128	0,10896139434089638	0,6471855953311361	
0,0014750473812234868	0,10834163102001737	0,6399794387427719	
0,001475041119339305	0,1079772571088691	0,6369729315745294	
0,0014412336263989365	0,10750764223460173	0,6341723299347479	
0,0014412336263989365	0,10700116287157588	0,6242769063585875	
0,0014388966692246755	0,1064396735404512	0,6205814309291501	0,12870783116344625
0,0014388380765196836	0,10600260313659032	0,6172678742302627	
0,0014388380765196836	0,10513997093662385	0,6146786579216797	
0,0014388380765196836	0,1047127103364973	0,6133894389526096	
0,001438678556481254	0,1043290830352884	0,6124900222186533	
0,001438678556481254	0,10376505433853454	0,6049113622050185	
0,001438678556481254	0,10329838937908967	0,6017747173999102	
0,0013725693123997755	0,10270674681383257	0,5989323542026691	
0,0013725693123997755	0,10222129710331013	0,5978048292785934	
0,0013725693123997755	0,10183874062247746	0,592756660275821	
0,0013725693123997755	0,10135762324368068	0,584460908828165	
0,0013725693123997755	0,1007981449998485	0,5776599768094584	
0,0013725693123997755	0,10048363767178953	0,5752861768532004	
0,0013724811408408137	0,10008667939645656	0,5696854455121797	
0,0013724811408408137	0,09973613803203105	0,5669026953511039	
0,0013724811408408137	0,09938427665602098	0,5659658179591431	
0,0013724811408408137	0,0986116576946038	0,5612107097748489	
0,0013724811408408137	0,09827797992513516	0,5601614662727578	
0,0013719787528173263	0,09768324932408355	0,5535311747699628	
0,0013719691241290996	0,09734525314628428	0,5505675094369071	
0,0013719691241290996	0,09706671200333838	0,5497409170900702	
0,0013719691241290996	0,09662482354350123	0,5489537690414513	
0,0013719691241290996	0,09616344538691342	0,5423878800916974	
0,0013719691241290996	0,09579514723228748	0,5353240462227841	
0,0013719691241290996	0,09538228233877484	0,5330584900841063	
0,0013718911697615257	0,0949553471428988	0,5305541772058574	0,11243233988656379
0,0013718911697615257	0,09451372442159763	0,523146209486943	
0,0013576202572838834	0,09403856948906948	0,5213714191921665	
0,001357189237809958	0,093435194168794	0,5139383804465945	
0,001357189237809958	0,09303169032486505	0,5105167528265452	
0,001357189237809958	0,09266019624806555	0,5084437522324096	
0,0013570453768289826	0,09215050964118215	0,5035981189281005	
0,001357041740464914	0,09176849804062429	0,5016497266023847	
0,0013357874605705298	0,09124234820984059	0,4953799796825471	
0,0013357874605705298	0,0909280329333693	0,4929366090679773	
0,0013357874605705298	0,09041869037243686	0,49148409126165477	
0,0013212127390765187	0,09011337211990923	0,4901988990806439	
0,0013212127390765187	0,08979677535719166	0,488593445226017	
0,0013211848115004525	0,0894562066592335	0,4870060667406541	
0,001262181526058078	0,08899668221703379	0,4857310722190672	
0,0010830133854427496	0,08854133790981013	0,4820403230163965	
0,0010830133854427496	0,08828325715505941	0,48057765755283177	
0,0010830133854427496	0,08799648780902788	0,4793436176945391	
0,0010830133854427496	0,08766046644509633	0,47411418586281256	
0,0010829831387330628	0,08733897088640803	0,47086685368510656	
0,0010829831387330628	0,08703404077738768	0,47013890037129974	
0,001082611356210611	0,08665992998208273	0,4684319123885411	
0,0010825584689911653	0,08641553585837877	0,4675397100249614	
0,0010823763183613754	0,08600226305586403	0,4665963711388052	
0,0010823649947525086	0,08570860776351806	0,4638443770747095	
0,0010823649947525086	0,08545052978722227	0,4627874660372032	0,09949804711036926
0,0010823649947525086	0,08524211885462	0,46172505833397587	
0,0010823649947525086	0,08500302339193955	0,46117288266588347	
0,0010823649947525086	0,0846227350607119	0,4581122172655057	
0,0010823649947525086	0,08417302357730132	0,455511925249862	
8,748204727110798E-4	0,08378386789111981	0,45292798626946335	
8,748204727110798E-4	0,08337933285585207	0,4494859597593519	
8,748204727110798E-4	0,0831463379908951	0,44831525789447574	
8,748204727110798E-4	0,08249059800039835	0,43183998738035106	
8,747301904001193E-4	0,08208756844935461	0,4289836613056036	
8,747171843677789E-4	0,0817956672501679	0,42723449143531417	
8,746833568482783E-4	0,08157730317269911	0,4265712777861895	
8,746833568482783E-4	0,08098657889743825	0,42613598979232414	
8,746833568482783E-4	0,08077563480955424	0,4251769502192483	
8,746833568482783E-4	0,08038042180291267	0,42474459722100955	
8,746191092665425E-4	0,08001610886006276	0,4223068420886368	
8,741029038444418E-4	0,07981401448818654	0,4213234261559656	
8,740517278553326E-4	0,07963242209355968	0,4208205368847257	
8,740517278553326E-4	0,0792516326562952	0,4204514573262939	
8,740517278553326E-4	0,07898401019435625	0,4195272042332833	
8,740517278553326E-4	0,0787721632392343	0,4179156085150219	
8,740517278553326E-4	0,07834387784911076	0,41318274123057136	
8,740517278553326E-4	0,07809496940799897	0,4110099092149298	
8,740466068540387E-4	0,07763254403189482	0,404976490422059	
8,740466068540387E-4	0,07714152130770198	0,4036497066668787	
8,738525544739065E-4	0,0768599068879779	0,40255309361769553	0,08861590121334816
8,738525544739065E-4	0,07633655415578898	0,39676291049784057	
8,738525544739065E-4	0,07610270595470407	0,39559115875219414	
8,736594173428242E-4	0,07575707508472479	0,3944806655516509	
8,736594173428242E-4	0,07546779152507437	0,39273866733083607	
8,736594173428242E-4	0,07511415585552375	0,3919589698452356	
8,736587178036887E-4	0,07493624457007951	0,3913951438617347	
8,736587178036887E-4	0,07451234954051233	0,3904192920071431	
8,736587178036887E-4	0,07426873017064882	0,3895446942930754	
8,736587178036887E-4	0,07402132867307082	0,38885816524450434	
8,734344117372507E-4	0,07380715071539629	0,3881126396002936	
8,732618349852878E-4	0,07337236463063383	0,3854265961154769	
8,730672937598456E-4	0,07299822839504869	0,38389849608092597	
8,730672937598456E-4	0,07275789501809836	0,38322089447459545	
8,730672937598456E-4	0,07241962655866159	0,3825302909057845	
8,730592437309694E-4	0,0721199221016337	0,38098616081814657	
8,730592437309694E-4	0,0718365245078996	0,37910927825165325	
8,730592437309694E-4	0,07156580122873038	0,3783347827970849	
8,730301713987845E-4	0,07126333651652167	0,37640229524475755	
8,72990190085535E-4	0,07104826658106443	0,37567938278862023	
8,729858752522791E-4	0,07075172510087524	0,3747352763544861	
8,728632630334182E-4	0,07040852171928702	0,373922418584503	
8,728632630334182E-4	0,07017657085674121	0,3734607855441289	
8,728632630334182E-4	0,06992891358470976	0,3711740320770587	
8,693457614536912E-4	0,06952580370543945	0,36833887205946814	
8,693457614536912E-4	0,0692241871851949	0,36793646352167264	0,08063455885396503
8,693457614536912E-4	0,06865782043775757	0,36735747363323396	
8,690103689769609E-4	0,06833033485656316	0,3648630542028634	
8,687173244442157E-4	0,06789604371673304	0,3639767137243013	
8,687173244442157E-4	0,06750605770985325	0,3620795101090139	
8,687173244442157E-4	0,06727785446570667	0,36156100443278766	
8,687173244442157E-4	0,06705393485979107	0,36076843135762965	
8,686996655393438E-4	0,06678211183662973	0,3601394389278123	
8,579763187168614E-4	0,0665667791668523	0,35963346160607207	
8,579763187168614E-4	0,06632282118060892	0,3586527382456194	
8,579763187168614E-4	0,06603484324120563	0,3569520603756623	
8,579763187168614E-4	0,06579343283014509	0,3564530759587921	
8,579763187168614E-4	0,06550533112205044	0,3556419407876732	
8,579599000026743E-4	0,06532383144360468	0,3551112163879712	
8,579599000026743E-4	0,06511891175347798	0,35454189716539486	
8,579599000026743E-4	0,06490529908548036	0,35402909244944625	
8,579599000026743E-4	0,06473137218561703	0,35379104802247957	
8,579599000026743E-4	0,0644824407457598	0,35289254846435286	
8,578910616492156E-4	0,06430085455594517	0,35145600442848285	
8,578910616492156E-4	0,0641108167473678	0,3508217026611959	
8,578910616492156E-4	0,06376097461875124	0,3504251554154764	
8,578910616492156E-4	0,06356449004843728	0,34989930903400684	
8,577048181246616E-4	0,06337863281763846	0,34917911416909786	
8,576470316368454E-4	0,06303755295253141	0,34849229607698873	
8,576470316368454E-4	0,06276743925204643	0,3470032295909407	
8,576470316368454E-4	0,06259631670063302	0,3459784714273642	0,07410111655180748
8,576470316368454E-4	0,06236758824422223	0,34495981855391306	
8,576470316368454E-4	0,06212595840275563	0,34368909077611287	
8,576363413026859E-4	0,06194775233458624	0,342951385778282	
8,576363413026859E-4	0,0617581878012742	0,34250741876754076	
8,575507033583027E-4	0,06158972257917359	0,33966157965680943	
8,575507033583027E-4	0,061361892834695037	0,33814369661630145	
8,575507033583027E-4	0,06114156609194867	0,3373012669604897	
8,575401826632444E-4	0,06091795664691038	0,3340957926223549	
8,575401826632444E-4	0,060744837663160973	0,3333868328158139	
8,575200869773767E-4	0,06032107903530338	0,33200037985285663	
8,575200869773767E-4	0,06010345007494183	0,33133770422889564	
8,575200869773767E-4	0,05995884771647371	0,33066021631710574	
8,575200869773767E-4	0,059803646937208244	0,3301405871273898	
8,575200869773767E-4	0,05954981937485443	0,3270691545439311	
8,575065239657206E-4	0,059430764200265024	0,3261352624536364	
8,574887952660075E-4	0,059149646025379525	0,3253029252826268	
8,574887952660075E-4	0,05897795229654387	0,32459582055454006	
8,574887952660075E-4	0,05882619564219797	0,3239052476262465	
8,574887952660075E-4	0,05867719127526242	0,32348901217589004	
8,574887952660075E-4	0,05853697849528901	0,3228570581183757	
8,574469955168984E-4	0,05834388439486512	0,3225777292705088	
8,574469955168984E-4	0,05818851896555387	0,32176937977459785	
8,574416151891438E-4	0,05799648170941839	0,32097795968772197	
8,574416151891438E-4	0,0578115218163677	0,3200909992059397	
7,930210308795417E-4	0,05768981333026371	0,31924112627165724	0,06800267655622308
7,847837380037188E-4	0,05750250453158939	0,31789494484007463	
7,847837380037188E-4	0,05716183906821362	0,3175427821154483	
7,847837380037188E-4	0,05691957474594088	0,31655517020321833	
7,846926864450641E-4	0,05679429014418889	0,31592107783944784	
7,846926864450641E-4	0,056664460363566066	0,3149494052901683	
7,846926864450641E-4	0,05648910842919097	0,31434158471418217	
7,846926864450641E-4	0,05627020675988297	0,31389383507033686	
7,846926864450641E-4	0,056059885219091304	0,31314749459869967	
7,846926864450641E-4	0,05587527995108655	0,3125396809287804	
7,655639396284199E-4	0,05574202436303659	0,3117194603856422	
7,653207215521542E-4	0,05556834616669906	0,3110313427367346	
7,653103664116473E-4	0,055410244828661075	0,3103226815040587	
7,653103664116473E-4	0,055251456351569986	0,3091596772142571	
7,652754599923396E-4	0,055138083922085926	0,308577850315785	
7,652641285778414E-4	0,05487674929197892	0,3069987244572542	
7,652641285778414E-4	0,054738695875796876	0,30614008337193077	
7,652641285778414E-4	0,05461681976890057	0,3056186075423168	
7,652641285778414E-4	0,05448138973147195	0,305073145724614	
7,652641285778414E-4	0,05424369909886892	0,3041634029265328	
7,017391925819552E-4	0,05405919924401242	0,3037884741866315	
7,017391925819552E-4	0,05390832050748125	0,3029132963216423	
7,017391925819552E-4	0,05373186785601519	0,30243241364766593	
6,95525503663294E-4	0,05357576316037504	0,3014073085273115	
6,95525503663294E-4	0,0534235501147269	0,30074097065129257	
6,95525503663294E-4	0,053283087343891956	0,2998421448243351	0,06284926568142199
6,95525503663294E-4	0,05317225867407028	0,2992983684393289	
6,95525503663294E-4	0,052959859672434585	0,29880282268280856	
6,95525503663294E-4	0,052806002576273825	0,29811936859295246	
6,95525503663294E-4	0,052698222422324026	0,29739683587527277	
6,955239580987001E-4	0,052427270993881454	0,29518209013582947	
6,954252453431209E-4	0,052281668248627254	0,29481204435504405	
6,954252453431209E-4	0,05202809170751328	0,29358601105250204	
6,802848813229856E-4	0,05182315463650458	0,29259930023489245	
6,802848813229856E-4	0,051668637425970616	0,29200589556799783	
6,787410580649631E-4	0,051496956577576226	0,29169826296237317	
6,787410580649631E-4	0,051322062852300246	0,29129876954453704	
6,787410580649631E-4	0,05117551462523026	0,2902498359233534	
6,787410580649631E-4	0,050952727622637486	0,2889241906412319	
6,787410580649631E-4	0,05083942145436989	0,28844073905968454	
6,787410580649631E-4	0,05069212913520784	0,2868767191240988	
6,787348604713394E-4	0,050560963898242085	0,28601120469818275	
6,787348604713394E-4	0,05036104814201653	0,2850837100614212	
6,787348604713394E-4	0,05024398642449739	0,28479063967825285	
6,787348604713394E-4	0,05008564812762798	0,2836357973609576	
6,787348604713394E-4	0,049949420691070785	0,2825274142665022	
6,787213171957034E-4	0,04965436737500025	0,28172879204693935	
6,787213171957034E-4	0,049478219422078265	0,28041282559688235	
6,787213171957034E-4	0,049237964810623834	0,2797771144958918	
6,787213171957034E-4	0,04913463614677007	0,2789775579221948	
6,787213171957034E-4	0,04889581575041349	0,2788064724550824	0,05784951402052188
6,787213171957034E-4	0,04878179588657201	0,2785079119176143	
6,787213171957034E-4	0,048664614502409505	0,2782017274946188	
6,787213171957034E-4	0,04851564857611326	0,2778059635755371	
6,787213171957034E-4	0,04836235098440552	0,27717014596877226	
6,787213171957034E-4	0,04821485180798556	0,2765271329154414	
6,787213171957034E-4	0,048079510707313394	0,275603213932995	
6,787213171957034E-4	0,047973178048757656	0,27517326844648826	
6,787213171957034E-4	0,047761005306934085	0,2742074609841139	
6,787213171957034E-4	0,04762427988129545	0,27371053170539467	
6,786396729136609E-4	0,04746976628606068	0,27329284312523594	
6,786396729136609E-4	0,047324093276444455	0,27280813403564214	
6,785830690044787E-4	0,04713557395622921	0,27227477139476247	
6,785753491206369E-4	0,04699561521720526	0,2716629111582033	
6,785753491206369E-4	0,04674203945809841	0,27141130675833264	
6,785753491206369E-4	0,04664072582793248	0,2708805845417819	
6,785753491206369E-4	0,04656972981894041	0,2704278441243862	
6,785753491206369E-4	0,04642223824541118	0,2693129243105839	
6,785753491206369E-4	0,046307928059918194	0,26871804480303313	
6,785753491206369E-4	0,046235911526942265	0,2682927823776613	
6,785753491206369E-4	0,04610075543371235	0,26775892409505186	
6,785745991768767E-4	0,04594077808669367	0,2673993876567364	
6,785309357974502E-4	0,045763977699709954	0,2664590394674682	
6,785309357974502E-4	0,04562980490100361	0,2645579154855739	
6,785309357974502E-4	0,04534198008127432	0,25827349653167153	
6,695554298176007E-4	0,045230200223058216	0,2578163683456504	0,05344548787726986
6,695554298176007E-4	0,04503840611212845	0,25722063607177487	
6,695554298176007E-4	0,04491458146141443	0,256761710238144	
6,695554298176007E-4	0,04475109219372783	0,25628671224401556	
6,695554298176007E-4	0,04464012647965128	0,25559469454881234	
6,695338160986532E-4	0,044560590522878994	0,25481065519540214	
6,695338160986532E-4	0,044418645029406935	0,25448324792517235	
6,695338160986532E-4	0,04430684819189272	0,254048717652425	
6,695338160986532E-4	0,04413217110413321	0,25281583237344213	
6,695338160986532E-4	0,04401954169709616	0,2519910997223155	
6,695338160986532E-4	0,04392028075030565	0,2516992603203979	
6,695338160986532E-4	0,043772869865680956	0,2488102372912561	
6,695338160986532E-4	0,04358515112051237	0,24833473067838022	
6,695338160986532E-4	0,04347817919524363	0,24767692238909003	
6,695260422796039E-4	0,043279481305038045	0,24714396828091328	
6,695245425056202E-4	0,0431437551232918	0,24550447685380877	
6,695245425056202E-4	0,04302953576398254	0,244862237599616	
6,695245425056202E-4	0,04286260685833266	0,2443455845540409	
6,695245425056202E-4	0,04278542703761736	0,24378228282920847	
6,695245425056202E-4	0,04263610449205907	0,24169563850779835	
6,695245425056202E-4	0,04253659867127035	0,24119373411371986	
5,840170170975736E-4	0,04239214160381961	0,24040077797766699	
5,840170170975736E-4	0,04228408861139799	0,2390505544754606	
5,840170170975736E-4	0,0421426641202499	0,23794181724223648	
5,840170170975736E-4	0,04205224317578054	0,23654019928377665	
5,840170170975736E-4	0,04178010416534736	0,23515099604204331	0,04904544720233028
5,840170170975736E-4	0,04163456934419717	0,2348219992817346	
5,840170170975736E-4	0,04154452607853388	0,23452208556167456	
5,840170170975736E-4	0,041465193911476676	0,23382353618653642	
5,840170170975736E-4	0,04139006053617953	0,23365074496421542	
5,840170170975736E-4	0,041223041360120914	0,23337232101324037	
5,840170170975736E-4	0,04112773278911944	0,23296520732137618	
5,839305375666231E-4	0,0410635889032876	0,23224428320109106	
5,839305375666231E-4	0,04098183614073823	0,23161740441607873	
5,839305375666231E-4	0,040839444602917496	0,23113265271121414	
5,839305375666231E-4	0,04076997117922474	0,23079806090702581	
5,839305375666231E-4	0,0406645258528067	0,22990445794361933	
5,829296800419256E-4	0,04050550545946492	0,22881439399492554	
5,829296800419256E-4	0,04042821401442708	0,22849319417560715	
5,829296800419256E-4	0,04033867141813932	0,2280363767097681	
5,829151880471656E-4	0,040280036453239416	0,22776370197664225	
5,829151880471656E-4	0,04005122470847202	0,2252742648445623	
5,829151880471656E-4	0,03987737666827343	0,22491243431054506	
5,828935339325896E-4	0,03974299844325414	0,22348782684961546	
5,828935339325896E-4	0,0395788212517046	0,2233028036863296	
5,828935339325896E-4	0,0395148412940669	0,2230339919328226	
5,828935339325896E-4	0,039450170226635585	0,2227359310646815	
5,828726422933481E-4	0,03938162662545762	0,22166836598444395	
5,82869406578084E-4	0,039309052523783625	0,22130136452479696	
5,82869406578084E-4	0,03921730168520482	0,22096067458167212	
5,82869406578084E-4	0,03916017206472981	0,22085777329757852	0,04591106762264397
5,82869406578084E-4	0,03907665148222949	0,22063043702054316	
5,82869406578084E-4	0,03903746794409132	0,2204293919600024	
5,82869406578084E-4	0,038976574829951975	0,21986903821485723	
5,82869406578084E-4	0,038892292625748816	0,21939546242268929	
5,744492384523923E-4	0,038723839505947086	0,21816227682450823	
5,744487860683497E-4	0,03854327954571919	0,21786523236403343	
5,744487860683497E-4	0,038492385012685176	0,21775066541668625	
5,744487860683497E-4	0,038318216476502645	0,2175467616481099	
5,744487860683497E-4	0,038257025467142006	0,2167319034598234	
5,567269122492849E-4	0,0381764955972955	0,21617443913962192	
5,567269122492849E-4	0,03803490806630258	0,21528563375290347	
5,567269122492849E-4	0,03798929739439295	0,2150283554266439	
5,567269122492849E-4	0,037874397654100014	0,2140491798816365	
5,567269122492849E-4	0,0377687378865405	0,2134651252033592	
5,567205283175308E-4	0,03770684793386959	0,21312423597508293	
5,567205283175308E-4	0,03763956979024475	0,2123179476748025	
5,567205283175308E-4	0,03757919005076384	0,21213102914419482	
5,567205283175308E-4	0,0374725700656921	0,21193743866389878	
5,567205283175308E-4	0,03740807042289459	0,21165543050138436	
5,567205283175308E-4	0,037215163622592716	0,21126137193166206	
5,567205283175308E-4	0,03715355225344203	0,21053742525148586	
5,567205283175308E-4	0,03707178327467841	0,20943571253747112	
5,567205283175308E-4	0,036985528684526134	0,20917056798163947	
5,567205283175308E-4	0,03693189789663456	0,2086693355741334	
5,567205283175308E-4	0,0367964847141368	0,20848096525964085	0,04318596564038581
5,567205283175308E-4	0,03674483453281228	0,208088325093206	
5,567205283175308E-4	0,03668425999584739	0,207723572711267	
5,567205283175308E-4	0,03658542195175645	0,20754027481348444	
5,383902212855142E-4	0,036514129553165416	0,20702846602148967	
5,383902212855142E-4	0,03646192055464648	0,2067388342356907	
5,383854523267339E-4	0,03639454883319523	0,20645500794817934	
5,383854523267339E-4	0,03632229101695591	0,20602493921090623	
5,383854523267339E-4	0,036139010361068875	0,20231302142056581	
5,383854523267339E-4	0,035940843942636344	0,20200421653649026	
5,383843971790412E-4	0,035789415621515594	0,20174791925870328	
5,383843971790412E-4	0,03567517085681362	0,20162451817994512	
5,383843971790412E-4	0,035606379404839815	0,20120238777792562	
5,346492730827948E-4	0,03554958777393048	0,2010534965343943	
5,346492730827948E-4	0,03548802186030075	0,20088702472331846	
5,346492730827948E-4	0,035405296339699126	0,20059435579689971	
5,342269060710909E-4	0,03529936143605566	0,19843795829717667	
5,342269060710909E-4	0,03524333208758018	0,19808914755516518	
5,342269060710909E-4	0,03517285925891907	0,19783214247174408	
5,342269060710909E-4	0,03509648249477009	0,19705105730186606	
5,34198156744824E-4	0,03495379638821241	0,19643823145977712	
5,34198156744824E-4	0,034899151898113816	0,19602324173113903	
5,34198156744824E-4	0,03485373286386194	0,1956510143086499	
5,34198156744824E-4	0,034773169539235704	0,1952442270357724	
5,340434198355806E-4	0,03457057020240309	0,19265067297795951	
5,340434198355806E-4	0,03449018462513286	0,19234048296390402	0,04023968814854374
5,340434198355806E-4	0,034437724058632664	0,19218164742551802	
5,340272503418355E-4	0,03429187982673215	0,19132522400393095	
5,340272503418355E-4	0,03422618127279024	0,19125199885856198	
5,340272503418355E-4	0,034168093856969166	0,19102373387401733	
5,34012736144746E-4	0,034072996427717876	0,1905001257539681	
5,34012736144746E-4	0,03402388059658914	0,19027382888213484	
5,328972920478722E-4	0,03394123567899921	0,19018772644096238	
5,328972920478722E-4	0,0339083354199583	0,18996902434790527	
5,328943467203247E-4	0,033816898735058866	0,18963505779992879	
5,328942659821791E-4	0,033736244321605685	0,1894163491774643	
5,327014847533157E-4	0,03355651327271145	0,18909370810651954	
5,327014847533157E-4	0,03351185478567829	0,1888823093012149	
5,327014847533157E-4	0,03343217617069918	0,18841669914864717	
5,327014847533157E-4	0,03337155582069099	0,1868706065387791	
5,327014847533157E-4	0,03319029152330924	0,18617837575654378	
5,327014847533157E-4	0,03315654098516117	0,18592096604153746	
5,326693581195279E-4	0,03306140440122849	0,18581002702573846	
5,326693581195279E-4	0,03298484519282618	0,18566089649747122	
5,326693581195279E-4	0,03293712884770771	0,1854764579526134	
5,326693581195279E-4	0,032833098618879134	0,1852145020463623	
5,326693581195279E-4	0,03278146722376464	0,1849168683170691	
5,326570364782945E-4	0,03270990560908818	0,1847113315710456	
5,325215370720099E-4	0,03266462084084996	0,1841853530566425	
5,325215370720099E-4	0,0326314349838227	0,18391729171334836	
5,325215370720099E-4	0,0325346561141951	0,18334575749709392	0,038090223931160745
5,325215370720099E-4	0,0324377092196871	0,18316013216844249	
5,325215370720099E-4	0,03237350690351103	0,18289246021322525	
5,325215370720099E-4	0,03228989460236102	0,1822926220255895	
5,325215370720099E-4	0,03225473979139231	0,18167141351350835	
5,325215370720099E-4	0,032178042313213896	0,18128662582659377	
5,325215370720099E-4	0,032037334669763336	0,18074359730420866	
5,325001320412989E-4	0,031991887926652224	0,18064390662274474	
5,324887077728463E-4	0,03192165650256091	0,17993743044817007	
5,324720123896908E-4	0,03186505922126089	0,17972417439986998	
5,324720123896908E-4	0,03175398331884671	0,17906496768032176	
5,324643161169077E-4	0,031690473823826705	0,1790104721197357	
5,324643161169077E-4	0,03162307755578953	0,17879791393224168	
5,324632218925867E-4	0,031575948604836215	0,17863393721651005	
5,324632218925867E-4	0,03153366243264886	0,17815570914548562	
5,149888406174727E-4	0,03142249726980109	0,17768667137350908	
5,149888406174727E-4	0,0313565445339291	0,1772836136729711	
5,149888406174727E-4	0,031239653125843918	0,1765341127163063	
5,149888406174727E-4	0,03116673786382637	0,17624405244373992	
5,149888406174727E-4	0,031115492974094182	0,17602894718061562	
5,149888406174727E-4	0,03104429817591896	0,17576471718933118	
5,149888406174727E-4	0,030924437097258548	0,1754540891250129	
5,149850539025895E-4	0,03088611815343496	0,17519771158517483	
5,149850539025895E-4	0,030858168429513822	0,17472875284113967	
5,149850539025895E-4	0,030826962248026456	0,1743402569099319	
5,149850539025895E-4	0,03078820064529817	0,17391891722224442	0,035987959578477176
5,149850539025895E-4	0,030759263375444604	0,17362049992035114	
5,149850539025895E-4	0,030701445115823532	0,17324629181140264	
5,149850539025895E-4	0,03066984132063564	0,17304927695602804	
5,149850539025895E-4	0,03061786084180167	0,1721252761895	
5,148606247727189E-4	0,030566570031987466	0,17186513219289842	
5,148606247727189E-4	0,03053947293620791	0,17180499027126162	
5,148606247727189E-4	0,030509906490176618	0,1716945646693592	
5,148606247727189E-4	0,030452982049336233	0,17111165494331393	
5,148597837085949E-4	0,030398747521250873	0,17092719430921183	
5,148458080011472E-4	0,030314170715301923	0,17067805869500552	
5,148458080011472E-4	0,030286828428707478	0,1704203810946812	
5,148458080011472E-4	0,03025432562592905	0,1701134884077961	
5,148458080011472E-4	0,030226702285873715	0,1698503946735633	
5,148458080011472E-4	0,03008277735018623	0,16948706854863288	
5,148424800273798E-4	0,030056067806404855	0,16928670111224808	
5,148424800273798E-4	0,03003256712554518	0,16905079479012508	
5,148424425201454E-4	0,03000224474008312	0,16880678717768322	
5,148424425201454E-4	0,029955996621156725	0,16839469608539892	
5,148424425201454E-4	0,029923026371024872	0,1678953602600462	
5,148424425201454E-4	0,02989451219911334	0,1678289351337461	
5,148424425201454E-4	0,029780810613075658	0,16772828191066236	
5,148424425201454E-4	0,02969829791127013	0,16732771013026304	
5,148424425201454E-4	0,029566002452605867	0,16710092344307234	
5,148424425201454E-4	0,029499193290135506	0,16655431430829062	
5,053587799589853E-4	0,029417290492086592	0,1665074877330338	0,0341736284862258
5,053587799589853E-4	0,02936643048334041	0,16643998777640648	
5,053587799589853E-4	0,029338303013438604	0,16612299028339017	
5,001771494505947E-4	0,029195197335355295	0,16451031986200412	
5,001750515551462E-4	0,02915528935871815	0,16440386100448268	
5,001750515551462E-4	0,028949604875470776	0,1624979933009853	
5,001723082181393E-4	0,028862645288583955	0,1621533782986734	
4,996116511555697E-4	0,028740210351714545	0,16195263615627767	
4,996116511555697E-4	0,02871225088984638	0,16162205873334856	
4,996116511555697E-4	0,02867510910416906	0,16154000198340657	
4,996116511555697E-4	0,028579306970312125	0,16111163393371564	
4,996116511555697E-4	0,02855474606416286	0,16087812717357974	
4,996116511555697E-4	0,028492366563267923	0,16059093215825004	
4,996116511555697E-4	0,028450280707119333	0,16043994751901586	
4,996116511555697E-4	0,02841755734813566	0,16015812185606337	
4,996116511555697E-4	0,02837032767340479	0,15982320970680886	
4,996116511555697E-4	0,02832297729948422	0,1591875322468196	
4,996074365627242E-4	0,028258535428811373	0,15902034535145884	
4,996021786437315E-4	0,02823018348767744	0,15870945980429446	
4,879948568358885E-4	0,028201432956880233	0,15866139383128025	
4,879948568358885E-4	0,028182791046232784	0,15855632673279804	
4,8796516216176853E-4	0,02808469666180013	0,158290289419091	
4,879590282560419E-4	0,028064287240359902	0,1580347240934797	
4,879590282560419E-4	0,028018702118002677	0,15791770426927745	
4,879590282560419E-4	0,02799275699659779	0,15767173004231855	
4,8795227899993215E-4	0,027977142519158463	0,1575345990346559	0,032028979019405296
4,8795227899993215E-4	0,027903533583921974	0,15730627889763643	
4,8795227899993215E-4	0,027864653011010276	0,15681061197091975	
4,8795227899993215E-4	0,027846584257753958	0,15672019292124964	
4,8795227899993215E-4	0,027821283288217726	0,1565691709782008	
4,8795227899993215E-4	0,027796714207757235	0,1563992436944983	
4,8795227899993215E-4	0,027778201057376623	0,1562666944519154	
4,8795227899993215E-4	0,02774776047119179	0,15565038549106813	
4,8795227899993215E-4	0,027659386882911745	0,15552775548652414	
4,8795227899993215E-4	0,027452698399563512	0,1520865837782036	
4,8795227899993215E-4	0,02742955392513962	0,15202012544958485	
4,8795227899993215E-4	0,027402000209496947	0,15195679057277725	
4,8795227899993215E-4	0,02736968039747882	0,1516405743367903	
4,8795227899993215E-4	0,027321091364913484	0,1505731526971178	
4,859862574426473E-4	0,027273731400056005	0,15054131939160487	
4,859862574426473E-4	0,0272570228144301	0,15027600209887318	
4,859862574426473E-4	0,0272259330436116	0,14996516790660905	
4,859862574426473E-4	0,027170053941156142	0,14977814995472186	
4,859862574426473E-4	0,027094695928344716	0,14964964523047392	
4,859862574426473E-4	0,02705533419459898	0,1494963412721941	
4,859862574426473E-4	0,0270186235941888	0,14936998880335	
4,859862574426473E-4	0,026931213387359675	0,1476195292021798	
4,859862574426473E-4	0,026914803137800987	0,14744990667111094	
4,8598527559929786E-4	0,026889761872031803	0,14736588453241972	
4,8598527559929786E-4	0,02686743255833475	0,14705570812584637	
4,859685399476165E-4	0,026832912048191094	0,1467797917059854	0,030277193649741997
4,859685399476165E-4	0,026818510321902016	0,14662699457940745	
4,859685399476165E-4	0,026704417379315008	0,14639886793249457	
4,859685399476165E-4	0,026680155812827483	0,14611890446688786	
4,859685399476165E-4	0,02666160445835067	0,1460321937211788	
4,859685399476165E-4	0,02664562961437088	0,145920862361243	
4,859685399476165E-4	0,026592030788362333	0,1456780977963449	
4,859685399476165E-4	0,026567912919415532	0,14552786978983603	
4,859685399476165E-4	0,026552675929586312	0,145477502840286	
4,859685399476165E-4	0,026506192369216745	0,14514388600803974	
4,859685399476165E-4	0,026491339871363803	0,14514159764728862	
4,859685399476165E-4	0,026343089364989126	0,1441617751198917	
4,859685399476165E-4	0,026285074133231997	0,14412607805654726	
4,718433767790383E-4	0,026182717944606634	0,1439228876380559	
4,718433767790383E-4	0,026139641385145625	0,14375013459524955	
4,718433767790383E-4	0,026080644805771405	0,14366089798985437	
4,7184050877733397E-4	0,026037529925141696	0,143468688484144	
4,7184050877733397E-4	0,026001704393485894	0,1431847556960614	
4,7184039855471485E-4	0,025979590808377105	0,1429930848534296	
4,718371760029413E-4	0,02597064432116249	0,14292880767164517	
4,7166634444640763E-4	0,02585238243408715	0,14189823299815219	
4,7166634444640763E-4	0,025756254497346812	0,14176140107151697	
4,7166634444640763E-4	0,025719374623706846	0,14168604150945355	
4,7166634444640763E-4	0,025671867631158172	0,1413282090478126	
4,7166634444640763E-4	0,025641739731935308	0,1408806683982114	
4,7166634444640763E-4	0,025576492361508954	0,14069634596043587	0,028658710545259262
4,7166634444640763E-4	0,02554569908151	0,14065216677545758	
4,7166634444640763E-4	0,025511455436228868	0,14042431109520612	
4,7166634444640763E-4	0,025473542711362908	0,14032285481812065	
4,7166634444640763E-4	0,025435554547091142	0,13990029024872133	
4,7166634444640763E-4	0,025403524271635437	0,1392284494293585	
4,7166634444640763E-4	0,025386888633477548	0,13911524721828145	
4,7166634444640763E-4	0,025349456163417664	0,13890717375076786	
4,7166634444640763E-4	0,025325221977133192	0,13873254153755657	
4,7166634444640763E-4	0,025312760427828058	0,13859636204413658	
4,7166634444640763E-4	0,025291378345609523	0,13815479923666518	
4,7166634444640763E-4	0,02517565994751877	0,13799618089272894	
4,7166634444640763E-4	0,025145332599807144	0,13784456881947046	
4,7166634444640763E-4	0,025131163174177126	0,13776659163570965	
4,7166634444640763E-4	0,025113524109505788	0,13760988332678525	
4,7166634444640763E-4	0,025057047751802113	0,13742103259847888	
4,7166634444640763E-4	0,025032920288804147	0,1374085870553409	
4,7166634444640763E-4	0,024972963261356722	0,13618317848820174	
4,7166634444640763E-4	0,02495974518613214	0,13614385465948714	
4,7166634444640763E-4	0,024887558073826997	0,13546555001246557	
4,7166634444640763E-4	0,02486941992035234	0,13533903784709575	
4,7166634444640763E-4	0,024850646730597902	0,13510018380658406	
4,7166634444640763E-4	0,02483549927425942	0,13499798616885972	
4,7166158247436806E-4	0,02475574173165622	0,13441684448595187	
4,716560662213154E-4	0,024734495764777528	0,13419960200098655	
4,716560662213154E-4	0,024681648832070104	0,13408671394342409	0,02733973364118788
4,716555302164263E-4	0,0246577847963053	0,13379942944182066	
4,716555302164263E-4	0,024639508463436207	0,13373308703092257	
4,716445158259707E-4	0,024580154692383352	0,13360219260513287	
4,716445158259707E-4	0,02456756740822337	0,1334220852999458	
4,716445158259707E-4	0,024555599279620775	0,1333100369448292	
4,716445158259707E-4	0,024540967893785813	0,13302039372028482	
4,716445158259707E-4	0,02440430356706693	0,12954122299237658	
4,716445158259707E-4	0,02437448378210305	0,12945765053458586	
4,716445158259707E-4	0,02431645267486304	0,12920414776620592	
4,716391462244268E-4	0,024303612876243698	0,1290418503905069	
4,716391462244268E-4	0,024285876993088686	0,1289185789737553	
4,7159061313661383E-4	0,024254340331328225	0,1286865893847717	
4,7159061313661383E-4	0,02417482512887251	0,1285642571410398	
4,7159061313661383E-4	0,02409788650512569	0,12836931237177912	
4,7159061313661383E-4	0,02407865155613772	0,1282182940582388	
4,7158721556302114E-4	0,024067209197651183	0,12810864792322113	
4,7158721556302114E-4	0,024051891349931832	0,1279034439599341	
4,7158721556302114E-4	0,023987048463550993	0,12749478538153103	
4,7158721556302114E-4	0,023910297203130332	0,12586983542531388	
4,7158721556302114E-4	0,023848975934263085	0,12578879465215678	
4,7158721556302114E-4	0,023805109306654294	0,12560779807673572	
4,715355074554945E-4	0,02377873322702278	0,1252312763204667	
4,715355074554945E-4	0,02367801156315552	0,12511759496896516	
4,715355074554945E-4	0,023662757253569464	0,12489908408697464	
4,715355074554945E-4	0,02360655804398298	0,12485070764094704	0,02573046981088104
4,715355074554945E-4	0,023592251005919104	0,1248297036172432	
4,572771898396757E-4	0,02356528353891617	0,12481173552400136	
4,572771898396757E-4	0,02354622657835016	0,12462549921278838	
4,572771898396757E-4	0,023511236127440133	0,124418030778139	
4,572771898396757E-4	0,023496351365236284	0,12434713290897983	
4,572771898396757E-4	0,02348656559555788	0,12429160877366392	
4,572771898396757E-4	0,02341592934080465	0,12420389926579017	
4,572771898396757E-4	0,023372519841572417	0,12381502742230197	
4,572771898396757E-4	0,023347023205771346	0,12378547323718841	
4,572731203345606E-4	0,02327558382404588	0,12367748606742487	
4,572726835612226E-4	0,02316261815967583	0,12315457320030472	
4,572726835612226E-4	0,023123204398227414	0,12276183617932389	
4,572726835612226E-4	0,023104815438753697	0,12244453895799041	
4,572726835612226E-4	0,02309016075298718	0,12237813385984778	
4,572726835612226E-4	0,023054188577486298	0,12231202126531249	
4,572726835612226E-4	0,02303551268910141	0,12216769675105033	
4,572726835612226E-4	0,02302579280735549	0,12210087974779266	
4,572726835612226E-4	0,023012044041439493	0,12199455090977887	
4,572726835612226E-4	0,022905311919943112	0,12186443408306781	
4,572726835612226E-4	0,022796535333650513	0,12175944584005284	
4,572726835612226E-4	0,022787434066781912	0,12160949555176392	
4,572726835612226E-4	0,022781443245469844	0,1215739676639105	
4,572726835612226E-4	0,02276642959996214	0,12127120241827387	
4,572726835612226E-4	0,022756624000770484	0,1210671099187231	
4,572726835612226E-4	0,022700468969037012	0,12096897460526841	0,024658733075492954
4,572726835612226E-4	0,02268815714179987	0,12094579152505118	
4,572726835612226E-4	0,022678233546056865	0,12075701965151657	
4,345012846479048E-4	0,022648065867515846	0,1207527907976785	
4,345012846479048E-4	0,022638291456271144	0,1206821833821634	
4,345012846479048E-4	0,02259276619817874	0,12042593860658933	
4,345012846479048E-4	0,022559201270717467	0,1203216520335038	
4,345012846479048E-4	0,02253525493794441	0,12016413755636422	
4,345012846479048E-4	0,02251020464663473	0,12012937050081705	
4,345012846479048E-4	0,022495400280876064	0,1201004561430508	
4,345012846479048E-4	0,022449568815131417	0,11979602433440605	
4,345012846479048E-4	0,022414195449863717	0,11970679373415898	
4,345012846479048E-4	0,022395691678764332	0,11967993037101568	
4,345012846479048E-4	0,022386328973743774	0,1195052051719708	
4,345012846479048E-4	0,022356618448147993	0,1194562144308383	
4,344817754729863E-4	0,022347051214178827	0,11933566018341857	
4,344817754729863E-4	0,022326538799194134	0,11865852318706463	
4,344817754729863E-4	0,022314203511935	0,11860273982303685	
4,344817754729863E-4	0,022307281586843003	0,11856774345033941	
4,344817754729863E-4	0,022297104092261003	0,11842413561678282	
4,344817754729863E-4	0,022283146372152486	0,11833271876833867	
4,344817754729863E-4	0,022270217538348326	0,11819689963136776	
4,344817754729863E-4	0,022257291477215682	0,11816355365967007	
4,344817754729863E-4	0,02224052312954243	0,11805509927110791	
4,344817754729863E-4	0,022217029777163888	0,11793267417076532	
4,3447955742638385E-4	0,022210180608273213	0,11791599213709007	0,023999353545988526
4,3447955742638385E-4	0,022168592233279397	0,11788476276358965	
4,3447955742638385E-4	0,02216209474551143	0,11778055805142489	
4,3447955742638385E-4	0,022145894970238892	0,11772227340286373	
4,3447955742638385E-4	0,022138257932000506	0,11762951487672604	
4,3447955742638385E-4	0,022125677104709633	0,11745040794115497	
4,3447955742638385E-4	0,02206382481613829	0,116878664393042	
4,3447674836650136E-4	0,022056560805763806	0,116832968379663	
4,3447674836650136E-4	0,022050698806301634	0,11676483964518468	
4,344760516979058E-4	0,02204229414647528	0,11672662002325954	
4,344760516979058E-4	0,022032528785242627	0,11667662006134023	
4,344760516979058E-4	0,022007741998862858	0,11667554165732046	
4,344760516979058E-4	0,021989880739823088	0,11647525656591765	
4,344760516979058E-4	0,021962334416489284	0,11638431412770057	
4,344760516979058E-4	0,021949578446442658	0,11633843437319383	
4,3447116670179594E-4	0,021934378194955653	0,11609128298227209	
4,3447116670179594E-4	0,02193045769405844	0,11603908181528311	
4,3447116670179594E-4	0,021924875473833646	0,11600445115664919	
4,3447116670179594E-4	0,021915166042578323	0,11599900946571229	
4,3447116670179594E-4	0,02182542939643246	0,11501417866712847	
4,3447116670179594E-4	0,021730082173264796	0,11445902074922419	
4,3447116670179594E-4	0,021718626938714635	0,11411602416638067	
4,3447116670179594E-4	0,02165490801426797	0,11401111617287403	
4,3447116670179594E-4	0,021594657463262067	0,1116403241445735	
4,3447116670179594E-4	0,021571995497584772	0,1115336347231039	
4,3447116670179594E-4	0,021563815545250328	0,11135366743999564	0,022967770741125406
4,3447116670179594E-4	0,021498242285875227	0,11131026516789577	
4,3447116670179594E-4	0,021417644014359274	0,11071708979160318	
4,3447116670179594E-4	0,02141222321413193	0,11069845602256206	
4,3447116670179594E-4	0,02138426898245509	0,11065365982186771	
4,3447116670179594E-4	0,021372277895422665	0,11048731756680427	
4,317638468650504E-4	0,02135350113178355	0,10984575488972069	
4,317638468650504E-4	0,02132083710796371	0,10963488716417609	
4,317638468650504E-4	0,021293606218842732	0,10941978724363395	
4,317638468650504E-4	0,02124901016676663	0,10933213619085727	
4,317599516034307E-4	0,021179973376031468	0,10916107089363812	
4,317599516034307E-4	0,021165552693916193	0,10912122582840779	
4,317599516034307E-4	0,021157748367760725	0,10895549324767663	
4,317599516034307E-4	0,021141705167166083	0,10883119040961682	
4,317599516034307E-4	0,02111432482975503	0,10876876748447914	
4,314087619401138E-4	0,02110810022334263	0,10868761931833952	
4,314087619401138E-4	0,021091502989562177	0,10857733513923952	
4,2357322448984143E-4	0,021083412122819757	0,10845248227772593	
4,23553500525451E-4	0,021058179985457483	0,10841134128046587	
4,23553500525451E-4	0,020963738569691377	0,10814274923265506	
4,23553500525451E-4	0,020957071411003322	0,10812668000813826	
4,23553500525451E-4	0,020936301151692607	0,10802791371558289	
4,23553500525451E-4	0,02091563232125667	0,10791054215623845	
4,23553500525451E-4	0,02091203201118341	0,10787870781016742	
4,23553500525451E-4	0,020868915559788394	0,10780705098231383	
4,23553500525451E-4	0,020842347731678444	0,10705180330611347	0,022017520832660554
4,23553500525451E-4	0,020796195785902416	0,10705053700310449	
4,23553500525451E-4	0,020771581971853196	0,10695266113003035	
4,23553500525451E-4	0,02073684142861398	0,10689038292939342	
4,23553500525451E-4	0,020724955828401833	0,10676238363682129	
4,229993934159125E-4	0,02070449721672306	0,10671956445941452	
4,229993934159125E-4	0,020700492929428257	0,1066654307066005	
4,229993934159125E-4	0,020681131614870243	0,10658755094911651	
4,229993934159125E-4	0,020643050059082974	0,10654032926901075	
4,1750793130432236E-4	0,020630680100151615	0,10643654182726997	
4,1750793130432236E-4	0,020583085643862443	0,10633433390746214	
4,1750793130432236E-4	0,020557355843241792	0,10628234620515059	
4,1750793130432236E-4	0,020551651518194065	0,1062196301614917	
4,1750413229343615E-4	0,020541852102223302	0,10612406763948445	
4,1750413229343615E-4	0,020516956574213836	0,10515189053781114	
4,175038221343231E-4	0,020506435731736557	0,10508373515408351	
4,175038221343231E-4	0,020483248692280274	0,10502786372091005	
4,175038221343231E-4	0,020467078341698045	0,10486369769801131	
4,1749778167113116E-4	0,020461438757645268	0,1047776330106053	
4,1749778167113116E-4	0,020450831972015044	0,10468331380700568	
4,1746256553807986E-4	0,02043450533683779	0,10468331380700568	
4,1746256553807986E-4	0,020415992885250686	0,10464955051462407	
4,174614793939276E-4	0,02037227618459666	0,10464854401079983	
4,174614793939276E-4	0,020360271056676482	0,10463340432788883	
4,174614793939276E-4	0,020355763573568973	0,10461679630996429	
4,174614793939276E-4	0,020350680681253102	0,10456834554765689	0,02137212297220896
4,174614793939276E-4	0,020328544525267576	0,10450927379185228	
4,078018188305535E-4	0,020307249936761723	0,1044991331361912	
4,078018188305535E-4	0,020278920400591014	0,10439424076057983	
4,078018188305535E-4	0,020254254269380143	0,10434480489657451	
4,078018188305535E-4	0,02024729017611423	0,10425674628690595	
4,078018188305535E-4	0,02023745943076428	0,10425674628690595	
4,078018188305535E-4	0,020161277928118695	0,1041655132972196	
4,078018188305535E-4	0,020140719787197784	0,10414551523859282	
4,078018188305535E-4	0,020084038845941808	0,10301156716204968	
4,078018188305535E-4	0,020039923738626245	0,10217432148014018	
4,078018188305535E-4	0,01996861382975613	0,10087570053744098	
3,9917049678626795E-4	0,019956840487511902	0,10083159116033048	
3,991598425755236E-4	0,019954059829900825	0,10079477218890269	
3,9875056581795435E-4	0,01994888745249583	0,1007816933825679	
3,985960081365267E-4	0,01993514472554935	0,1005966702142555	
3,985960081365267E-4	0,019915839210507845	0,10058130241244687	
3,985960081365267E-4	0,019903115469771197	0,1005327888611584	
3,985960081365267E-4	0,019893491815140937	0,10045895961121712	
3,985960081365267E-4	0,019885854544865612	0,1003835826506852	
3,98589118363816E-4	0,019876172835576442	0,10035810423198496	
3,98589118363816E-4	0,0198646471478335	0,10031221877596082	
3,9261421336222985E-4	0,019738846467084716	0,09912402061161389	
3,926138735650949E-4	0,01973004446730362	0,09911443512528281	
3,926138735650949E-4	0,019724949494398302	0,09905278864537687	
