2790,5220473132085	4120,344830103612	5453,838021876897	589,8538319028908
2733,8699324821373	4043,580839925768	5367,499272240259	
2681,0421766711747	3947,1856710956413	5271,02786620136	
2626,649981151532	3874,803535894209	5180,6690183996125	
2594,9095316911266	3814,217196405553	5110,351651735922	
2561,1809283780485	3754,5774816501303	5054,470962282491	
2522,7786393270076	3697,742580539569	5006,125624241282	
2503,7255411648794	3651,9275852262713	4931,673736005368	
2451,7022676124275	3596,944531624746	4877,824909359503	
2421,024154969136	3543,906713480758	4786,878682075639	
2413,883301479789	3515,8683192486474	4756,091875792842	
2396,332479497256	3486,811179412948	4719,740298515974	
2361,483252429688	3440,738442160065	4672,203707877693	
2322,1230847529355	3395,813028821579	4611,594097640406	
2308,6441235399075	3378,648157197518	4595,827809511815	
2298,5313547586147	3361,479403583008	4579,121157166381	
2269,427385803724	3319,7491408799383	4524,917072747047	
2221,6355765953763	3280,1756814754153	4482,091117089056	
2214,9251039495493	3264,99046256829	4460,5914784891875	
2207,29566878593	3249,0529390518604	4430,527622863263	
2178,6415199038947	3211,4617889182487	4398,017796685587	
2152,8105214432853	3177,0998145195313	4349,691247036097	
2150,821223242717	3168,2658183579424	4312,745019812526	
2148,9538264657995	3156,8828349405876	4298,932896993542	
2110,7385419389802	3123,493633935775	4266,090026545898	
2092,814023460062	3094,1830753778418	4232,699197069547	451,1582113455516
2082,589114745752	3086,408752145982	4215,992111739628	
2082,3182149926547	3077,7632724141654	4185,376312045849	
2049,9481159425036	3046,1917159347768	4131,865943426141	
2024,2732765077048	3017,394345495478	4111,913357554061	
2023,63294792109	3012,2841049776403	4107,979022121019	
2019,6631638298165	3005,666721316864	4093,6200952259765	
1993,34529174488	2977,8918639154417	4071,6705941205337	
1966,1597952386696	2953,756546280985	4045,599158844412	
1963,4752955948597	2948,6410543856914	4033,3489184011705	
1961,852495965219	2943,1788616197305	4022,245372950661	
1947,5226356863052	2919,3047027812154	3993,1654411399995	
1921,8500407708489	2896,122875527106	3964,8383843955526	
1917,8385820610454	2888,8396818798237	3953,489405426122	
1913,7965545600912	2882,533650167838	3941,711896678583	
1886,5932240786708	2859,9834258246146	3929,0577315121923	
1869,3327490150903	2837,2891862375177	3916,0271442674593	
1865,332537790012	2830,6749335138343	3906,937137093434	
1859,9635280756231	2824,7675759495196	3902,274467780228	
1842,7601172155307	2802,625242028358	3882,4988552050504	
1831,6368419481626	2783,221450447078	3872,124682431594	
1828,4921786997133	2776,796514500866	3867,2411052603416	
1823,0943205145659	2769,6731488546106	3863,091776598613	
1801,8739171454442	2750,8228418127214	3849,8617801828873	
1782,2766229399306	2731,334645110865	3837,674446070598	
1775,9455790747022	2725,3891145486377	3829,753968513753	434,4554647590284
1772,7625680811877	2718,0513807820685	3814,923622806876	
1751,875992388696	2700,7441853563505	3806,9041713213164	
1737,7052314596635	2683,7318922221325	3800,6793492572674	
1732,7572671298074	2677,7142625028814	3788,6280995027214	
1728,220786782619	2670,614647619462	3784,6596247938705	
1718,6393088743987	2655,312625140346	3774,4088872595307	
1701,5239213460345	2639,137061169805	3768,0319622231236	
1694,6481950529135	2631,977354124636	3762,550891302971	
1687,0372041265114	2624,6345254058933	3758,556432217165	
1672,5770693516743	2609,8931522318435	3743,806908331398	
1663,189677859539	2595,347552235131	3735,2853790252834	
1654,3433343439133	2586,8673590243993	3732,461218637005	
1646,1221259585113	2579,3317451021	3723,93636696985	
1630,6024754080918	2565,905716977895	3716,1536537800216	
1621,5732744245533	2553,1610442132323	3710,148836182917	
1609,4419319977626	2544,865923698892	3704,3747178637727	
1602,020174961078	2536,4991701887916	3695,048527983192	
1594,790446076019	2523,898534505133	3682,8219416440265	
1580,8392305370487	2511,391582775012	3670,3495442132025	
1573,5153623269778	2503,9996152021617	3666,3952458631584	
1568,5982088280664	2497,090921077399	3658,3804308392705	
1559,7411850460717	2485,6428045372336	3639,4320480470647	
1550,8260233104963	2474,3397028806603	3628,846443502981	
1542,0512547311419	2466,9465143401276	3616,4700493187393	
1533,684882846231	2459,5314980059957	3605,3047707302812	440,01100331353075
1527,6274927967004	2448,1766028853517	3597,625191268239	
1516,2924044622016	2436,992433359948	3594,5808314018686	
1502,1689137137414	2429,635462488618	3587,0063758297074	
1495,9451002555202	2422,1117911613196	3582,82040009868	
1482,8285559285798	2412,1317075992083	3569,57431476122	
1470,190591554006	2402,5465452069247	3563,1888779743495	
1459,6997250050918	2395,444465016108	3558,463789471093	
1455,6555067833508	2387,9049937872096	3550,216771690161	
1447,8250233210506	2378,2668984037755	3544,9417242783597	
1440,9469803615407	2369,648316027783	3541,4027758652346	
1431,019973408915	2363,083460834809	3540,5096972600745	
1422,0542769218896	2356,7710087280702	3532,8195074814707	
1415,5891059108649	2348,2610371177852	3528,0256571372274	
1404,316487786269	2340,8581933983774	3526,499288710422	
1397,248608580523	2334,857173434401	3517,8971060491963	
1387,5321050182895	2328,9560959884875	3505,9318553685125	
1382,7354862198997	2321,796714305089	3499,9822680490784	
1377,3991634683032	2315,114326885192	3493,7037414343113	
1373,3735351790756	2309,069371862008	3487,5868289529717	
1369,0164973052647	2303,131218348179	3482,8357413569784	
1359,4607824157004	2296,4225564615795	3466,9878180278006	
1352,0944741306491	2290,142994311176	3463,6191066945275	
1349,5459403669747	2284,6974712701067	3459,3819406589987	
1341,3740428480878	2279,517908264752	3454,6846154852265	
1337,9129191716074	2273,5903876188786	3450,367496732515	446,6808628800943
1331,5311932824748	2267,3502917796523	3443,5734408336966	
1326,8679591277896	2262,4480460702343	3439,904232544922	
1322,2520379142431	2257,8817752224604	3433,9978470481688	
1316,6725499609938	2252,4694282622363	3431,007344028806	
1308,3801071770351	2246,871529154839	3422,147429794083	
1302,6241152298019	2241,81701857893	3418,721273853074	
1301,0547743749014	2237,544539372802	3412,2365564296833	
1294,3278284730775	2232,0853214485455	3408,4907292245825	
1290,2889477942151	2227,3750543038927	3405,157012935538	
1285,0923604991247	2223,203065962344	3402,745072162798	
1282,075794967006	2219,034510957879	3399,958120183035	
1276,792522304565	2214,4922809434975	3397,5051984428283	
1273,6505013277842	2210,450227783639	3394,7488888427783	
1271,3532359684252	2206,5771269077413	3390,157697467783	
1263,9470327695647	2201,756231242496	3380,290599514982	
1256,7794355819542	2197,5733428222097	3365,1598652813746	
1250,828958925029	2193,268132017201	3359,933188679087	
1248,0005851240996	2190,161320734675	3354,523468492912	
1244,2276803233094	2186,8391734329944	3352,5020218357554	
1236,5054418347847	2182,371276149749	3344,8613206324203	
1229,3690119929242	2178,6866660360283	3338,022731073308	
1225,206341168315	2174,9286758235407	3334,7127470441064	
1223,4887730472913	2171,2177944635605	3332,3611833834225	
1217,5230487708668	2167,433252979198	3328,0707572422198	
1213,7541710818382	2163,291104213138	3326,8569434797937	450,0239897074614
1208,2146546561185	2160,0169599998017	3322,521928851476	
1206,3204708480505	2156,6538424567384	3317,4002321606877	
1202,5656706811938	2153,369604394279	3313,057997233106	
1198,423281793268	2149,176012093981	3307,8818220407884	
1196,5992063364365	2145,894155029258	3305,0831205597415	
1193,5459768004525	2142,782032551344	3303,323161548502	
1190,1436952409604	2140,036893980821	3298,1907783682127	
1181,753330826673	2136,7529917353518	3293,618504821533	
1178,9097774185993	2133,6725405826323	3286,6758420824785	
1175,9622853706524	2130,6134650197123	3284,180525305759	
1171,7421637632722	2128,025540041833	3281,5559128719497	
1169,080071413754	2125,254139924831	3278,1336155759054	
1167,2127790149818	2122,363505206606	3275,7692090036253	
1163,6106453672803	2119,490828574491	3273,781618334108	
1160,7877795932495	2116,5283540066976	3271,04959311343	
1158,7082503337542	2113,46193656084	3267,928127653269	
1156,6570868562505	2110,606901340716	3261,9007851564265	
1151,2058645218922	2107,7770008416946	3259,145660536217	
1148,9345083356995	2104,8268166596736	3258,679385697889	
1145,901722760575	2101,8754790530115	3255,45955634729	
1141,6377393014811	2098,6236206323547	3251,915788563786	
1137,665743100234	2095,4475763674113	3248,531152178556	
1134,4120771831494	2093,203489574996	3247,122357154132	
1131,5648057117678	2090,468472600826	3244,895644017135	
1129,5830828290686	2088,2099820554245	3244,7545154801164	448,6755397382687
1127,792288257334	2085,7951879634397	3241,147493580032	
1126,827055112408	2083,2613474348937	3239,2515435932105	
1126,1456036873926	2081,0660646911133	3234,9978481731673	
1124,8093917493127	2078,382160664319	3232,6799278409353	
1123,5061187016693	2076,294605459602	3231,155364783846	
1121,2693124665516	2074,1677238758957	3230,597023232783	
1119,8944491619127	2071,8808236843406	3227,5205296723493	
1117,3172649209307	2069,691939788912	3225,952158515888	
1116,1733837295262	2067,491600694723	3224,8241327924434	
1115,3098345770238	2065,452437591272	3223,1832144267473	
1114,7925973971985	2063,4853348882725	3216,956514367414	
1113,3759888352913	2061,153656383994	3216,123245784007	
1110,9930759570748	2059,035450212801	3214,2712607224134	
1109,29037713835	2056,9392299092833	3207,355773730399	
1108,2410239989608	2055,12601805927	3202,4204411015235	
1106,6627085638108	2052,959914453371	3202,0982225871103	
1103,365807196237	2050,8815347056156	3199,844654052542	
1102,8245801698595	2049,311909101406	3199,844654052542	
1101,5335646507622	2047,6660816888316	3198,0150689153074	
1099,9143500504717	2045,5296524405633	3195,409912140987	
1096,1328822676298	2043,4539352923027	3193,0132878241648	
1093,7999098747616	2041,651801203917	3192,386611219142	
1093,0327843828081	2039,9666864271849	3191,104845430194	
1091,5997371023705	2038,2069592328648	3189,401519997623	
1087,7006739849128	2036,5581567761512	3188,867591705831	447,2515533091505
1085,6022384907524	2034,6617299091397	3178,643256342755	
1085,3710008587275	2033,2204516365146	3178,5949825037924	
1083,8591296810375	2031,3054644186427	3175,459866313274	
1082,821829569916	2029,5480932367186	3172,9368939728256	
1082,1956403216598	2027,9513765103118	3172,2303038351824	
1081,4013953985088	2026,376223676332	3168,5977806821284	
1080,201719702592	2024,733593114032	3166,5512597808493	
1078,8689248369283	2023,246928664785	3166,091159554622	
1076,4488035510174	2021,5970100977775	3164,8089379044854	
1074,718979554641	2020,398167554058	3161,5185702167378	
1073,8098253152862	2018,7153308472261	3159,169244493903	
1072,8901238771214	2017,0403767019639	3154,5955537878135	
1072,6450399215466	2015,412358572717	3146,5906098694245	
1071,4242941622365	2014,3261368012058	3146,2588530780718	
1070,1742454758692	2012,6775159838899	3145,7193867202423	
1068,6305361379455	2011,21579626359	3145,135869940858	
1066,8742358746865	2010,2605370654906	3143,8118802021454	
1065,5543277507545	2009,112260144884	3142,4516794520923	
1063,307415613142	2007,5087513548583	3140,38412758328	
1061,922892151583	2006,016850080313	3135,223546456619	
1057,5528566221014	2005,0579329881832	3134,8938055271415	
1056,1789758924826	2004,0814912122435	3134,8938055271415	
1055,1560976708413	2002,5271469941706	3134,4881511095546	
1053,664972308221	2001,0806989821576	3129,076514447006	
1052,52429690441	2000,0085156330322	3128,5230804328658	441,64095264264733
1049,2052571466284	1998,6582677866215	3125,324892070457	
1047,5156254606525	1997,2265150706482	3120,2893289774693	
1046,4582360151276	1995,7970820727164	3119,728853252907	
1045,2805264553374	1994,4523672287228	3118,1448613371754	
1044,3848333627366	1993,6033332683992	3116,850346707003	
1043,2249914242484	1992,1295590629131	3115,645699200981	
1042,3735668639113	1990,5592901719472	3111,2327563452795	
1042,2281501164593	1989,4506653013218	3110,843271425744	
1039,1935024052168	1988,1179676371833	3108,1129331980296	
1037,4754678407223	1986,893242990296	3107,1062208315875	
1035,812552649469	1985,4346055223589	3106,1535861437587	
1035,179679031076	1984,4769229464496	3105,7038899336676	
1034,1931691852287	1983,458330317143	3101,4055673039416	
1033,009622888739	1982,2731596090287	3099,5291634967634	
1032,1891861321924	1981,0468573329222	3098,0042627764183	
1030,9870468138784	1980,1768712365508	3097,791772692735	
1029,3646440668404	1979,1195534302587	3097,791772692735	
1028,5705628473304	1977,825914448815	3097,248478827509	
1027,7059325176247	1976,3506789348726	3093,9786948672827	
1025,302216827394	1975,6279531814455	3093,9786948672827	
1024,9398432530866	1974,4758124756577	3089,7973146832596	
1023,9119437821302	1973,1133838811656	3085,4510871236444	
1023,4774947557773	1971,996046497941	3084,2630964989894	
1022,9862096081157	1971,2108159003371	3083,859090384942	
1021,7609486843735	1970,4260599880156	3083,859090384942	437,6392793470502
1019,9607025876602	1969,3292695189202	3082,0995061624767	
1018,9601721854164	1968,2019879830927	3080,769597785214	
1018,7663287575577	1967,4371045538219	3079,10587910263	
1018,1458890357295	1966,6432788121324	3075,984864556965	
1017,8448504627601	1965,6439713796235	3074,7014365682694	
1015,9636120155296	1964,5723262833112	3074,1468645085033	
1015,9544339436105	1964,0104355844542	3074,135496347869	
1015,2581449953075	1962,9291944873205	3069,7779120396867	
1014,2855728519971	1961,9051744977007	3068,448037284029	
1012,8929482678643	1961,0043187375286	3067,4568005799533	
1012,0060083755266	1960,2767243111778	3067,0291673520214	
1011,3672746092644	1959,4876613022384	3066,6646367112976	
1010,6221344596186	1958,476710055028	3060,490584190283	
1010,3578531460962	1957,3887306378779	3058,578062069044	
1009,9707516293538	1956,7255197287031	3058,550876599127	
1009,4924416452118	1956,0705156343022	3057,21219291754	
1008,3623707634899	1955,2075093964318	3057,0863676100694	
1007,1663106856151	1954,0599610434726	3055,9117283677892	
1006,5087706718994	1953,402643521753	3055,8061178852276	
1005,7843865495931	1952,695556661631	3053,7198434168536	
1005,4560747156435	1951,774877736349	3053,332368966633	
1004,6256173811795	1950,9306870273215	3051,3094849313284	
1003,96502217349	1950,1409371000036	3051,0147110666667	
1003,141696892936	1949,566537545946	3049,621355754866	
1002,2101552787067	1948,7058034397903	3048,4686844431376	435,4810637733466
1001,5795175693229	1947,838122427527	3048,4686844431376	
1001,3166630222483	1947,1726083208769	3046,118472946053	
1001,26852769867	1946,4228131467828	3044,41421197851	
999,8955818404555	1945,6119673924193	3043,9188414379287	
999,278420727778	1944,6850942307585	3043,866605856909	
998,6904331059699	1943,8397302945045	3043,4621785444715	
998,518801627069	1943,2391208102188	3043,2829239947223	
997,8790357186491	1942,3771737750637	3042,7927756717822	
997,1210786128296	1941,5673754636948	3042,4523416657908	
996,7257901552427	1940,9078667761019	3041,6286036809975	
996,6184531353139	1940,1733640547804	3038,839006275538	
995,9078258465238	1939,3442063505302	3036,053750968356	
993,8861607485221	1938,589277539245	3035,546963088345	
993,6488308097977	1937,9742447554877	3031,515110527321	
993,3736359574091	1937,37476579209	3031,4671140943055	
991,9799910871329	1936,39481794615	3031,398099958446	
990,8168409991181	1935,567039671546	3030,4675156132016	
989,5224644332603	1934,9708751243065	3029,1340595502716	
989,501037423122	1934,3619516749425	3028,706657276739	
989,1247669116722	1933,5187277053153	3027,1459269561146	
988,7089015591705	1932,8618893933462	3025,9012259917017	
988,5558308692495	1932,4163150330878	3025,8597167563275	
987,9430288150517	1931,952045781615	3025,680842779912	
986,9903151606362	1931,2296086972578	3022,209708649428	
986,5334863014799	1930,4526064026757	3021,172473308724	432,6874493474038
986,078468083234	1929,9400317766701	3017,523281794424	
985,4675895909462	1929,4148994228185	3016,9624173183606	
985,2777124505672	1928,6845172907833	3016,2121299234086	
983,8862110126349	1927,9815583837346	3015,767301384443	
983,757984846468	1927,4439518315971	3013,687130195151	
983,527162903643	1926,963237521803	3013,318754307687	
981,8414016034061	1926,2672845267462	3009,8226598625747	
981,5257742826801	1925,6574478964424	3009,799259672649	
980,9186184227624	1925,1355698011778	3009,319018535063	
980,8386403606893	1924,5156641889855	3008,106460145211	
980,6479704725058	1923,7807340664408	3007,914420687935	
980,232999384317	1923,0264476031825	3007,2941076065345	
980,0962535948336	1922,526312252571	3006,953218604623	
980,0829721818701	1922,10716255638	3006,7599554189774	
979,7464169811759	1921,4861703640265	3006,5932641946542	
979,0141946018839	1920,6787945262868	3006,591556576592	
978,7610785034575	1920,0867791505182	3004,9573931359437	
978,3034264079723	1919,4272533446863	3004,9573931359437	
977,6419436923169	1918,8878977776562	3004,8793213684526	
977,5005013154814	1918,2496042549499	3004,7531637939014	
977,4431035006767	1917,7952718630456	3004,675250775335	
977,2842442212365	1917,3262326522351	3004,205705064656	
976,7908002989732	1916,7471599438472	3003,8238442494603	
975,5289756473934	1916,1403596820041	3003,555938274697	
975,4459590511187	1915,5968749506346	3001,536834315262	430,5992715572938
975,124815828565	1915,1118943406764	3001,1151464720765	
974,9314909674254	1914,5175273001216	3000,986990305179	
974,845540078502	1913,8945421073397	2999,6206733734325	
974,7784017171309	1913,5110394558778	2999,5046534415487	
974,7126435950872	1913,107757563365	2999,1624738194528	
974,5702743519058	1912,6430416003	2998,781429690317	
973,6864288917661	1912,0240529270834	2998,5308128297675	
973,3186522204445	1911,562147994912	2997,6508372811304	
973,2916999957748	1911,033736748591	2997,613864308065	
973,1553006545734	1910,4704449791013	2996,760064654177	
972,4292552902557	1909,951026184114	2996,561482915856	
972,239646851347	1909,5082521621869	2996,5466160865226	
972,2251255328476	1909,2371640288177	2996,037059871874	
972,0658770826414	1908,7702887351436	2995,89837297827	
971,8969540001268	1908,3172232269303	2995,791385615273	
971,740164120692	1907,9734568178474	2995,735861218102	
971,5976017010339	1907,5693104479471	2994,229730919642	
970,7738133870341	1907,016861712958	2994,1706082689993	
970,083509121511	1906,571098194368	2994,045662086497	
969,8612161168115	1906,184784568554	2994,0232432043385	
969,176551326207	1905,8839502311466	2993,8936768684275	
968,9665490812679	1905,438926256052	2992,7870609450742	
968,6692302155388	1904,9186004710446	2992,0196331407046	
968,5782424330505	1904,5534317475485	2989,9070484288477	
968,5427182763425	1904,2669888535813	2989,231187998206	429,0579259344346
968,2568205321409	1903,7443693725575	2987,2880768410982	
968,0117174047195	1903,3094875480517	2987,074735643879	
967,6531158616104	1902,9610498029242	2985,982671369911	
967,6199852691409	1902,6144939415258	2985,804028281063	
967,4578504370105	1902,1682145070113	2985,7308536133105	
967,4086860121496	1901,6386258138418	2984,916039604359	
967,324363735588	1901,1516225477594	2984,6523029330456	
967,1411100728126	1900,7439752460327	2983,1635451438174	
966,9318590585993	1900,300195397835	2982,202529958903	
966,7560687629758	1899,9184112699534	2981,141916936482	
966,5077919260663	1899,5546775566918	2979,8295896016643	
966,4269261891515	1899,2149336097905	2978,3749505615992	
966,213098184732	1898,902017857658	2978,3749505615992	
966,051124824183	1898,4516365484087	2977,782483002983	
965,7884102414467	1898,0031056417577	2974,8052041065453	
965,5610594469669	1897,6317583931072	2974,6053618358605	
965,3883450120708	1897,3257184720774	2974,456956950721	
965,0317730651452	1896,7994577677905	2973,1625538220164	
964,9249862915503	1896,4647493380457	2973,0621273085585	
964,6925269843106	1896,1087476076098	2972,9559335510776	
964,368976399418	1895,6860468660916	2971,661630827314	
964,1163192781871	1895,382033945895	2971,1424558901117	
964,0092790541222	1895,0629884472094	2969,1736095246665	
963,9162757363192	1894,6978832373816	2966,6785072695757	
963,7023928020714	1894,353080272297	2966,574790177323	427,0133930071425
963,4027022505952	1893,706289000731	2965,3185786651175	
963,1352468283449	1893,29700638558	2963,7297947685397	
963,0395897732191	1892,9351603018824	2962,5675064940074	
962,877245911992	1892,5622016823993	2961,8780185012397	
962,6497587402281	1892,2187371947784	2961,1804371885	
962,1286617325376	1891,7866478505662	2961,0631314869393	
961,6984089475393	1891,3504250412352	2960,5347891644947	
961,5318343938065	1891,0226487231869	2960,3581687806018	
961,5156060247265	1890,6770595851374	2960,3581687806018	
961,3144714688357	1890,357589191932	2959,7453411374095	
961,2219217505227	1890,0026006812543	2958,8073118994566	
959,7725761470999	1889,5076036057922	2958,431794921231	
959,706270239301	1889,1007275985016	2958,327197543869	
958,701959271856	1888,7090570278203	2954,4413321590055	
958,5783192831182	1888,4104422244222	2954,1853938868803	
958,4880082288718	1888,076016966076	2953,9128451808774	
958,4386423690128	1887,7756425168945	2953,889929974708	
958,2691890741728	1887,3980472967169	2953,808706215495	
958,1868561221245	1887,068850699889	2953,8020936109933	
957,7683086387843	1886,7199969304536	2952,1244345710916	
957,3952635356629	1886,3279082496028	2949,345436449598	
957,1928625237676	1886,0578561920615	2949,0533176465237	
957,0962268490429	1885,7848938143661	2948,4893508922537	
957,0186716553004	1885,434894099551	2946,8316054424713	
956,5065861388565	1885,1082948405965	2946,6890856252326	424,6591506839787
956,2170557975821	1884,6848081507414	2946,6449191589477	
956,1028804672973	1884,2330172076506	2946,2967351312705	
956,0414670931325	1883,7368366987491	2940,613437871316	
955,1577917863248	1883,429403132105	2940,600504140273	
954,6019711182449	1883,0260614077388	2940,477698937297	
954,4640114180827	1882,761201035495	2940,2834770702752	
954,4039583358764	1882,283506026609	2939,380422768463	
954,0452902591687	1881,8813192077046	2939,094783326829	
953,6463197847121	1881,5790152850113	2939,091767676188	
953,3430952067544	1881,1928568172887	2938,781008637545	
953,2078896541339	1880,7611957198626	2938,7394687740393	
952,8165122660265	1880,4486274803796	2938,1831736551276	
952,6952770695829	1880,1591899494942	2937,955644298329	
952,5879756891304	1879,8218567535105	2937,609260074447	
952,3638093151573	1879,557955354788	2936,703445119765	
952,2619828380462	1879,3379743931716	2935,944416803842	
952,136165779728	1879,1188923081756	2935,618316474515	
951,8214695068222	1878,8513473404976	2934,236401558437	
951,7835700776124	1878,4521122136994	2932,1528552632076	
951,5772589957112	1878,2412141047557	2931,2609108837164	
951,4236808134187	1877,8902210412277	2931,1134089167385	
951,1159427639774	1877,714364186664	2931,0946844272585	
951,0746105574686	1877,3394992607768	2931,064788301107	
950,9336469908379	1877,0691728815573	2930,90887218507	
950,9054763822422	1876,7560441027863	2930,3463691770057	423,33165312565484
950,8502688602549	1876,4040365828394	2929,7098532099876	
950,7829789745649	1876,1073850816779	2929,259372972224	
950,2459793288224	1875,8022556040285	2928,583955195007	
950,0386499495834	1875,5580595848244	2927,755272738611	
949,9519066544023	1875,1766533081568	2924,864960692349	
949,8629424865431	1874,945834473102	2924,7697881332065	
949,5792400652357	1874,703505511463	2923,2427822165787	
949,4342911031642	1874,434034327894	2923,0181753937227	
949,0436903503786	1874,1879316397765	2923,017551166382	
948,9981449539306	1873,9246931883472	2922,7357051944778	
948,9857258913482	1873,7533167272081	2922,7357051944778	
948,9254430339257	1873,465410396624	2921,808316988839	
948,8875966931275	1873,201276435565	2921,8056740452384	
948,8448625908837	1872,9163795458026	2918,735569652397	
948,7469642929923	1872,6800014701291	2918,735569652397	
948,6299938955658	1872,4629954062955	2918,5490364478774	
948,3370565811317	1872,2290235994876	2917,628376877864	
948,3289851724679	1871,8700878589466	2917,323282743673	
947,7669770058201	1871,6047550384567	2914,552106406647	
945,7887097017123	1871,2993021134723	2914,3984275409834	
945,5684978607264	1871,037391840449	2913,8160573729906	
944,693108583406	1870,7398140822922	2913,6243728329837	
944,6166863714135	1870,5120089605182	2913,5842469925674	
944,5236425202088	1870,1983931743907	2911,3166297711105	
944,4853869751828	1869,9769269215521	2910,7011107071617	421,4568104428948
944,152174727554	1869,813417192286	2910,7011107071617	
942,6992880494554	1869,441892331545	2910,6557177841764	
942,6669328863173	1869,1685234851634	2908,2986427413525	
942,6596674093853	1868,956237272003	2907,5565731525476	
942,3893782632621	1868,6765563033637	2907,251465838172	
942,3483705691002	1868,5397927437166	2906,893019633686	
942,2634141857014	1868,322059091024	2906,1919074317	
941,8048790115348	1868,115740710038	2906,189632991178	
941,5990836256908	1867,83095708064	2905,072800461629	
941,5401557664177	1867,6423544361764	2904,4755651353184	
941,5072824138223	1867,4811807176732	2904,4030946380044	
941,4545048368504	1867,2708252861758	2904,175580785666	
941,3227464404231	1867,0228589358783	2904,0462834315344	
941,2255129736732	1866,6057443444997	2901,761982738353	
941,1002623382108	1866,3386782355346	2901,2670481838604	
940,2002706167499	1866,101146539783	2901,260683307777	
940,1219224028202	1865,7879742307614	2901,102367201109	
939,7746017920349	1865,5788851385007	2901,102367201109	
939,2479438786731	1865,4055807995035	2901,0741330572264	
938,7048662002339	1865,234270025373	2901,0651294342256	
938,6955772489074	1864,9835270678407	2900,5005776956286	
938,5875590414865	1864,757499103228	2897,668894790539	
938,5172790626343	1864,565755552694	2897,3539746891497	
938,5171910153555	1864,3521610150733	2896,9200083705423	
938,4762706822165	1864,1041717767512	2894,6853827932505	419,8462825724299
938,1728931156258	1863,7846653619292	2894,383775262152	
938,0555325120482	1863,579178448366	2894,309363502682	
938,0469230103017	1863,3068416655422	2893,6077787817644	
938,0067788412443	1863,120583699848	2893,127246905305	
937,9498845246545	1862,940718101593	2891,077386346135	
937,8895792693729	1862,7461248450345	2891,0593398576034	
937,5872863754662	1862,4897213481547	2889,51400077991	
937,5048608487066	1862,2674413102263	2889,2253962634923	
937,4435981510189	1862,1010443793557	2888,947600945706	
937,2665485171444	1861,9119090281788	2888,4562006188958	
937,2130477401221	1861,7158922044896	2886,736260581463	
937,1824571211394	1861,3248955184172	2886,026089485791	
937,0896885209545	1861,0987286374702	2885,7497261705694	
936,9807172177693	1860,9252476025767	2885,7412625402435	
936,9791162794048	1860,679943793343	2885,6152970824724	
936,9328726001966	1860,5479752927522	2885,4549451722996	
936,6700356891317	1860,3876275400598	2884,935079847525	
936,488058350706	1860,1657754628034	2884,726380197698	
936,0827982529735	1860,0244884388967	2884,725681466711	
936,0796552978553	1859,8278001726658	2884,6125668233103	
936,0788309053381	1859,6312800013638	2884,609544849319	
936,028754241993	1859,4620272743332	2883,916444723519	
936,0234972495724	1859,1820284307669	2883,916444723519	
936,0234972495724	1859,0726029918383	2883,915412479538	
935,9710474345634	1858,9173004288405	2883,7853497613955	418,4853300556596
935,9337808615729	1858,7268326285175	2883,625315568583	
935,9101574349636	1858,5950128666486	2883,4157726537655	
935,7023562892689	1858,4350394469982	2883,3299297698554	
935,2984372580763	1858,282624724079	2882,9218099512323	
934,9725445972099	1858,0288667891948	2882,591502649174	
934,5889779765666	1857,8353647957595	2882,5534634106793	
934,4400298551373	1857,584877371283	2881,0763827140563	
934,31132653519	1857,3637783335976	2880,13415247873	
934,214372891431	1857,187520905108	2879,6922646484145	
934,2010284608317	1857,0339628746165	2879,5701262660855	
934,1732331201465	1856,8947915958674	2879,3113614704134	
933,7474589263061	1856,7029004791195	2879,051159272569	
933,5211435815426	1856,47225167813	2875,901299451201	
933,3257013049978	1856,2891681188228	2874,9630571437033	
933,3162234319576	1856,1245919934115	2874,7907648187283	
933,2680692352883	1855,954863052627	2874,6709537286356	
933,1366183709208	1855,8616306087438	2874,541208790171	
933,0979087190399	1855,7021890146173	2874,1338958168544	
932,873347551911	1855,5684282632446	2873,445446684391	
932,5551241867178	1855,3688003164743	2873,0327808154602	
932,5279848727448	1855,226663812131	2873,0327808154602	
932,2818048978319	1855,02571095633	2872,9733292890287	
931,6964043154132	1854,8662700079874	2872,823138858062	
931,6731580359757	1854,7250853215164	2872,823138858062	
931,473681758914	1854,5051714509514	2872,8144250497808	417,4357976904547
931,4533949034085	1854,2103181364819	2872,7615603540935	
931,4467054148448	1854,0998554047897	2872,679040957408	
931,4246737227626	1853,9269857166191	2871,306019881634	
931,3305528449996	1853,7483155384214	2870,960967193751	
931,1993305989643	1853,5472478932406	2870,654143558269	
930,9783050205007	1853,3220303407568	2870,654143558269	
930,9660383101833	1853,1346955562867	2870,654143558269	
930,9660383101833	1852,9688176113577	2870,648558821908	
930,864819402165	1852,7278264164495	2870,155508658054	
930,864819402165	1852,6028688529943	2869,0571804595174	
930,6295212843188	1852,4226974415249	2869,0571804595174	
930,501019035755	1852,3148764815912	2869,0081199124597	
930,4933192061109	1852,1164811264055	2868,477266052866	
930,2659023122909	1851,9165139746028	2868,477266052866	
930,2012008806507	1851,6356311737181	2868,444535964301	
930,1697271223245	1851,4828432090296	2867,9058775227895	
930,1498835729648	1851,212701612463	2867,7704474197967	
929,9982008974836	1851,0915496525572	2867,462953491393	
929,9955500213428	1850,921532215939	2867,4296620669566	
929,994967352814	1850,6608762133392	2867,410851000486	
929,9922721683298	1850,544415491014	2867,322586269061	
929,734709151399	1850,3840450140601	2867,322586269061	
929,3947981987465	1850,2640747159694	2866,3210962877597	
929,3710532886508	1850,0688057151815	2865,940490999857	
929,367811327175	1849,8994819569948	2864,9389546400907	416,48402901246214
929,3317034942305	1849,7103211926553	2864,9389546400907	
929,3317034942305	1849,5173480966594	2864,936039519289	
929,3315739253999	1849,29712507149	2864,4738874704594	
929,3303217119574	1849,1622830757851	2864,4508758871593	
929,0893386684875	1849,0046482097264	2862,489762613508	
929,0893386684875	1848,7241120521985	2862,071249992108	
929,0877431205698	1848,6092740867819	2861,892516858655	
928,8383155544916	1848,4418918429192	2861,8770656057227	
928,8283439621099	1848,287858236897	2861,7164763139403	
927,5763519643317	1848,0371570688876	2861,5487700533977	
927,5500957384176	1847,869792041639	2861,444083126345	
927,5494859176362	1847,6365068867492	2861,390219957002	
927,5450984019685	1847,563298395647	2861,256036620214	
927,532035201418	1847,4147608388798	2860,9450526487035	
927,3943735486667	1847,3399961409473	2860,944621397767	
927,3936133792138	1847,2053219176787	2860,7593530327076	
927,3733569000881	1846,7932363833709	2860,386144816678	
927,3092313792689	1846,7062740479607	2860,386144816678	
927,2412680062786	1846,600470279473	2860,386048129909	
927,2409565866441	1846,4540804410617	2860,2053171079756	
927,2409442784542	1846,337771500684	2860,1495849330886	
927,1164878475398	1846,2092272362434	2859,608825116139	
927,0855527355109	1846,0185124675015	2857,725605226266	
927,0819060338478	1845,8797953328956	2857,725605226266	
927,0819060338478	1845,7506228685397	2857,6794524630254	415,5444808341744
927,0749056630817	1845,5884303934733	2856,368206518371	
926,9963103280384	1845,4819326731958	2856,368206518371	
926,9812963967597	1845,2798925848003	2856,132740312568	
926,980132383535	1845,162750759154	2856,1095666308584	
926,9529010199279	1844,9582067588117	2855,97702078045	
926,925094507512	1844,8497734143953	2855,97702078045	
926,8767496874082	1844,5801643338812	2855,97702078045	
926,8021632373848	1844,4680692972806	2855,3288087477767	
926,8021632373848	1844,3066783148054	2855,296299573843	
926,6661063040758	1844,152583043114	2855,2634336455167	
926,6485818960351	1844,022903718803	2855,2634336455167	
926,644842971571	1843,8830601088225	2855,253559522742	
926,3611123412339	1843,718067610305	2855,2398647400682	
926,1070530175873	1843,5162875603326	2852,3175602968513	
925,9867210198016	1843,380782137892	2852,3171712339868	
925,9846300986833	1843,2230924335777	2852,254956661039	
925,6487695915895	1843,121406976691	2852,0355223005668	
925,6483992685032	1842,9908797204012	2851,929997600189	
925,6407652238674	1842,8449368402862	2851,8279418794714	
925,6010550618273	1842,6981963975225	2851,8254404636227	
925,6010550618273	1842,5925586794435	2851,8237191730373	
925,5863465798452	1842,4466072418948	2851,7712958004395	
925,5771792165194	1842,3066584133558	2851,0632548159965	
925,5509210832336	1842,134145106879	2849,050879627114	
925,3542948206233	1841,9167035800572	2848,732945652844	414,6039912953943
925,3435377704099	1841,7701164060077	2848,6643292646277	
925,3427942516055	1841,666462784428	2848,388459518209	
925,3426269855294	1841,5173620333578	2848,203824666599	
925,3426269855294	1841,3561610401212	2848,0946054903616	
925,3416513427002	1841,2750682658454	2847,902445530442	
925,262090229331	1841,152853440801	2847,902445530442	
925,2584421620835	1841,0457991747403	2847,586599413937	
925,2355101809783	1840,920091213251	2847,338332890488	
925,148192588846	1840,77492329047	2847,3382407489235	
925,1461892461651	1840,6829767054144	2847,3332820417963	
925,1461333463158	1840,5101503480514	2847,0781042156664	
925,145967483582	1840,407927228159	2846,6518994905227	
925,1432609241974	1840,3216865176405	2846,4713436053316	
925,1267702413573	1840,1721459421817	2845,01307870962	
925,0623278256274	1840,0254716179288	2844,6301629155073	
925,0518729988237	1839,918024107242	2843,96455876095	
925,0444300729805	1839,7261352430817	2843,5929010188247	
925,0385164171463	1839,5684517523964	2843,587364354693	
924,9209479026707	1839,3959188009019	2840,2785199384907	
924,9207681201187	1839,2750522860488	2840,2628022898534	
924,7604382130426	1839,1500688387864	2839,884330782646	
924,737400203406	1838,9523231110452	2839,704578269039	
924,736128258182	1838,8210177854137	2839,704578269039	
924,7225083417211	1838,5684057010806	2839,3849576482235	
924,7193587076493	1838,4614184324757	2838,8389446492283	413,32432557775695
924,7142838818247	1838,344845135506	2838,815414293898	
924,7054712867388	1838,248081339565	2838,5324076155416	
924,7050842973044	1838,0962283143174	2838,3700957714896	
924,6333233887916	1837,9549342262212	2838,369433009664	
924,600800951827	1837,8299004697485	2837,767021844919	
924,596649942958	1837,6906933385756	2837,5205398179987	
924,596649942958	1837,628368870868	2837,4360881291013	
924,596649942958	1837,5029271082603	2837,4360881291013	
924,586886015642	1837,4164158666827	2837,1156609697673	
924,5592084687369	1837,2270932718188	2836,253024981789	
924,5112418588383	1837,1135813286187	2836,128663401462	
924,5111925918254	1837,0197030000709	2836,1096112272526	
924,451598497424	1836,8699538830776	2835,80893677062	
924,4496053234176	1836,7377520171422	2835,7137739664113	
924,4371071447954	1836,5373941448354	2835,628218915779	
924,3835342713226	1836,4240601372005	2835,6152830284136	
924,3730295680158	1836,3096818911797	2835,317177254208	
924,2802906875951	1836,203148081437	2835,2017059773825	
924,2709423138582	1836,0952806740827	2835,2017059773825	
924,2704507661141	1835,7961298359553	2835,2017059773825	
924,2469711672896	1835,7188921381976	2835,1613004689452	
924,012641869274	1835,6301715552916	2834,816665222048	
923,9537856222969	1835,5541498116647	2834,816665222048	
923,8818018456001	1835,4716773005575	2834,431207006646	
923,7164578056277	1835,3410817230726	2834,430575820008	412,4362756572935
923,5539798417846	1835,2151767722225	2834,430575820008	
923,5492593936449	1835,0984224163587	2833,889240275042	
923,5492593936449	1835,0308536942925	2833,852898686073	
923,5461538478944	1834,71126067646	2833,168927542053	
923,5295964020228	1834,6314820088676	2833,1629525314206	
923,4657026247716	1834,5376066338056	2833,0471987856213	
923,4620238723296	1834,4806303624212	2832,965816487242	
923,4620238723296	1834,3870512472795	2832,5213439997083	
923,460358237825	1834,2461339829665	2832,5160563737527	
923,458567813122	1834,1149071979735	2832,1626657424436	
923,3742695747578	1833,9733655324633	2832,1626657424436	
923,2240376697265	1833,8723896655176	2832,0790748282116	
923,2207327154428	1833,797979586664	2831,8096659064345	
923,2061910480213	1833,5811331671937	2828,1737981624005	
923,1510369237238	1833,4817826208373	2828,0847739921005	
922,76013739728	1833,3798801201524	2828,0847739921005	
922,7186393937195	1833,2013935856303	2828,0847739921005	
922,5075424147462	1833,0220168649962	2827,8661359939656	
922,2938776740968	1832,936732467957	2827,8344174089743	
922,2800716433496	1832,841443114856	2827,7308002404498	
922,2770443464982	1832,7360199911739	2826,7722861217335	
922,2733830214006	1832,5692155020556	2826,582931401632	
922,1958941232135	1832,4644682001228	2826,5412088991698	
922,1615609041966	1832,3392167677082	2826,3481421005495	
922,1545938074087	1832,2494453029828	2825,9976377525895	411,4871854624556
922,0050514973289	1832,100664535165	2825,8589864944606	
922,0050514973289	1831,9963769049784	2825,7936768611335	
922,0049477364513	1831,7659421243713	2825,0451854614116	
921,9346747494185	1831,6801500133197	2824,7878969736607	
921,8581080231661	1831,557930087072	2824,7053553475816	
921,6581588846976	1831,4495636737008	2824,700181294008	
921,6553163846505	1831,3673437704883	2824,6976038980665	
921,6553163846505	1831,2583311338321	2824,6588773569442	
921,6411640445499	1831,1710355296111	2824,5838613693677	
921,6406845112277	1831,0546924556	2824,5838613693677	
921,6401460624348	1830,9214314936453	2824,5838613693677	
921,3837483215195	1830,8139361672254	2824,5838613693677	
921,38319411171	1830,7111890592416	2824,565927882446	
921,3769379892775	1830,587080849578	2824,3894654871783	
921,3653878090878	1830,513674620979	2824,3894654871783	
921,3653141974112	1830,427728531434	2824,034307760332	
921,2213990400779	1830,3080789835753	2822,975272533014	
921,2213990400779	1830,2153155478095	2822,770378726527	
921,2211018196119	1830,0565947011755	2821,914909856214	
921,1720841146956	1829,9493723549522	2821,909619611865	
921,167260529974	1829,7615828990329	2821,3720209610788	
921,1671714947441	1829,6711772270385	2821,177552798468	
921,1670952900864	1829,5371226314442	2820,7582431367664	
920,9056980228879	1829,3812183005066	2820,3044099612557	
920,9045633275476	1829,2925017023817	2820,226718853666	410,4914184939244
920,8727243830627	1829,1805355969386	2820,1305737213756	
920,8665591603954	1828,9797440197958	2820,1305737213756	
920,8542560425502	1828,8671614185641	2820,1305737213756	
920,8274452142745	1828,7367040841666	2820,1271917240138	
920,8269516889388	1828,6710245303336	2819,950897296943	
920,8236602226452	1828,5935044187186	2819,950897296943	
920,8236602226452	1828,4657455959998	2819,950897296943	
920,5566917206938	1828,3804572664799	2819,950897296943	
920,5525571337462	1828,281816570058	2819,733173691308	
920,447613911055	1828,174409034882	2819,733173691308	
920,4444406684386	1828,0568975096578	2819,277006639248	
920,4444406684386	1827,9055748815822	2819,277006639248	
920,1137739321587	1827,823501299319	2819,2609331077906	
920,1137739321587	1827,7266792748528	2819,2241667489907	
920,1137739321587	1827,6701566543843	2819,2241667489907	
920,1137739321587	1827,6239592208478	2819,2241667489907	
920,1137739321587	1827,477155963889	2819,0231152705223	
920,1105750205759	1827,4051451261976	2818,8278496183566	
920,1105750205759	1827,2550604389212	2818,8278496183566	
920,1104767831187	1827,1731499347736	2818,5808534296757	
920,0720925983072	1827,1159780023997	2818,579706759893	
920,0720925983072	1826,9975486197134	2818,485805616462	
919,5487298556113	1826,87389330135	2818,4711622366426	
919,5487298556113	1826,794706378419	2818,237559235917	
919,5487298556113	1826,7059516749175	2818,069615950068	410,1440739190135
919,5487298556113	1826,6363033885336	2818,065718221191	
919,0938270321573	1826,4075232577054	2817,8282537688847	
919,0926173391008	1826,3437014184246	2817,604671356029	
919,0926173391008	1826,2595728698607	2817,5823037491523	
919,0711334121876	1826,155059964532	2817,5624482498806	
919,0483844443992	1825,9573862032487	2817,5352352614555	
919,0355984250403	1825,9227464168753	2817,5179538390194	
919,0355984250403	1825,8223389053799	2817,4796934782617	
918,9789356331883	1825,7253491620959	2817,4796934782617	
918,5489758929976	1825,5818941939888	2812,5684999733226	
918,5489758929976	1825,5304524236344	2812,546259459301	
918,198261779696	1825,4398912495517	2812,4068437853916	
918,0903665365871	1825,3688783981975	2812,3768614856317	
918,0903665365871	1825,3039261454596	2812,317795781727	
918,0903392577654	1825,2162734396352	2812,0286396899337	
918,0253593617397	1825,1422993000967	2812,0286396899337	
918,0253593617397	1824,9844997439377	2812,0286396899337	
918,0120217855289	1824,9249335291356	2811,8132617377473	
917,9404302125483	1824,8530851045073	2811,758660275296	
917,935229466659	1824,7884459054872	2811,688924195813	
917,8976739851614	1824,6854405625436	2811,5669549522368	
917,8944286477989	1824,5015318892847	2811,198224967689	
917,8944286477989	1824,433764040438	2810,9854148754252	
917,763131894822	1824,3509834498525	2810,7573238211817	
917,7229086116095	1824,1542192486525	2810,0134636933735	409,4179255844504
917,585683659816	1824,0589869283795	2809,9509863787416	
917,5628941929571	1823,996876851906	2809,8113754129286	
917,341657634925	1823,8932035530845	2809,8113754129286	
917,3262091552116	1823,8200341890426	2809,8113754129286	
917,3018289105067	1823,7478357099774	2809,126947261499	
917,3018289105067	1823,6824897519673	2809,126947261499	
917,2390757138445	1823,5769711218702	2809,126947261499	
916,7738260544796	1823,498243283266	2809,1108447345073	
916,7709620728896	1823,4110884049614	2809,1108447345073	
916,7709427407061	1823,3448590944913	2809,0591065804665	
916,717245207437	1823,270171441448	2809,0591065804665	
916,7159904066049	1823,1171030357882	2809,0326478013267	
916,6609163679333	1823,0068192253032	2809,0326478013267	
916,6409825838005	1822,9236282381771	2808,985842026082	
916,4936882982934	1822,870750288153	2808,9730783849704	
916,4674143364429	1822,8194701444227	2808,9730783849704	
916,4611922144891	1822,6768643671976	2808,8915304953825	
916,460023960559	1822,5986543428144	2808,8915304953825	
916,4523247418385	1822,5177189914948	2808,8915304953825	
916,4474550779187	1822,4348899293989	2808,8915304953825	
916,3419795631416	1822,3628836332139	2808,50545728781	
916,2996265830666	1822,3077847299107	2808,49371594337	
916,1611922336036	1822,2059389399437	2807,268642111	
916,031239347369	1822,0664100191966	2807,0025740204787	
916,031239347369	1822,0205154826833	2806,80439779507	409,02083871993375
916,0235505886376	1821,9236549278714	2804,72005710448	
916,0083297154109	1821,8698370320653	2804,457973155267	
916,0080543652185	1821,7954973012716	2803,9267294550104	
916,0080543652185	1821,6988340650134	2803,9267294550104	
915,96078867451	1821,5424482182527	2803,9220817100622	
915,96078867451	1821,4405515810047	2803,6976749273877	
915,8934929361316	1821,3846651043878	2803,346940770275	
915,890339857551	1821,315781297166	2803,148856266996	
915,8010029013287	1821,2742742708683	2803,148856266996	
915,8010029013287	1821,1945600022855	2802,594238366211	
915,7323050838136	1821,1141470453474	2802,537764414282	
915,6406641288705	1821,0664670316066	2802,3812901612446	
915,6406641288705	1820,9977906097085	2802,3812901612446	
915,6406641288705	1820,8985169167497	2802,3812901612446	
915,6271512993674	1820,7976147221761	2802,3812901612446	
915,6271512993674	1820,698719321934	2802,111078741423	
915,6271512993674	1820,6322465425244	2802,111078741423	
915,6271512993674	1820,5532905709451	2801,939329841351	
915,6271512993674	1820,4912139288501	2801,829459617839	
915,6271512993674	1820,3843787790997	2801,829459617839	
915,6271512993674	1820,3246312835802	2801,829459617839	
915,5568571800685	1820,2611063507966	2801,8018368937383	
915,5568571800685	1820,1525695551848	2801,6849300657777	
915,5565841083588	1820,091805598385	2801,0923715601507	
915,5170853350502	1820,0281832486635	2800,972133336378	408,4979261759331
915,5170853350502	1819,9613791639713	2800,7805089256763	
915,4172840584929	1819,8922608609264	2800,7805089256763	
915,0143943046485	1819,8117238205205	2800,7805089256763	
914,7831125981113	1819,7325248644393	2800,6422204081096	
914,7729922228434	1819,6486473388388	2800,6422204081096	
914,7729922228434	1819,5302278078389	2800,3398809438745	
914,7308974531821	1819,4795789425434	2800,3321373085123	
914,6545024582238	1819,3928094578318	2800,2587056484026	
914,6443356065985	1819,2837191545952	2800,2587056484026	
914,6411192633608	1819,1892599355228	2800,032918579041	
914,6402688507628	1819,0389824725387	2796,813885903006	
914,62478323056	1818,8213695247455	2796,813885903006	
914,1382253631359	1818,7306781562115	2796,813885903006	
914,1132016088578	1818,6277965128202	2796,813885903006	
914,1132016088578	1818,546469473958	2796,7128405359067	
914,1113129612164	1818,4528453925132	2796,7128405359067	
914,1098038185659	1818,3527319318396	2796,7128405359067	
914,1098038185659	1818,2073445622093	2796,7004116348853	
914,1077381531404	1818,1294366797551	2796,7004116348853	
913,9746216569193	1818,0557949281213	2796,6131204679764	
913,9746071164805	1817,9648613294207	2796,6131204679764	
913,9744999399594	1817,9082303115129	2796,4435315981455	
913,9744999399594	1817,8550132238336	2796,4196711585305	
913,9329045900855	1817,7727799161999	2796,4080229153765	
913,9103985239933	1817,7038600534056	2795,8302343382948	407,980435399678
913,7989246514501	1817,6379297423493	2795,8302343382948	
913,7985469998291	1817,5764040547729	2795,679512078749	
913,7985469998291	1817,5433222958322	2795,6724885885014	
913,7985469998291	1817,4526540489505	2795,372240408262	
913,7838254633264	1817,3601226835908	2795,372240408262	
913,7674291926633	1817,2300686310627	2795,2984160217934	
913,7674291926633	1817,1834459665492	2795,295058244845	
913,7648503796137	1817,1032305768113	2795,295058244845	
913,7034481828003	1817,023128472828	2795,295058244845	
913,672069048413	1816,9197416128407	2795,249320540166	
913,672069048413	1816,8349164080782	2795,1073950672335	
913,6627269897543	1816,7694974205483	2795,060743985018	
912,7620067391664	1816,6774960057708	2794,3438732396235	
912,7188448409765	1816,6352984808038	2794,3438732396235	
912,488604096916	1816,5835070836185	2794,3438732396235	
912,4518676732869	1816,5474940320646	2794,3438732396235	
912,4513168987761	1816,4430548745877	2794,3438732396235	
912,4513168987761	1816,3627583473776	2794,3438732396235	
912,4392277480943	1816,1182733067815	2794,3225842329175	
912,4392183349383	1816,0385460601503	2793,4779498429316	
912,4270407485371	1815,9487433031961	2793,4779498429316	
912,3974486690857	1815,8792816979983	2793,4779498429316	
912,1933779765611	1815,758376214722	2793,1679342307702	
912,1477206748684	1815,70098890897	2793,1679342307702	
912,0671175151509	1815,560038962961	2793,1679342307702	407,6013002709424
912,0025665528401	1815,512365268711	2792,826877433241	
911,942679994715	1815,4669663530904	2792,826877433241	
911,9399953770321	1815,4274735966342	2792,8072106637687	
911,9399953770321	1815,3863394367174	2792,8072106637687	
911,7503391010902	1815,3004959442933	2792,7999132068862	
911,7419520132124	1815,2278671860333	2792,7999132068862	
911,5998728388894	1815,147992900178	2792,7999132068862	
911,5936222561015	1815,0630234028283	2792,5434246211394	
911,562387793094	1815,015317304228	2792,5309857106586	
911,4415855280365	1814,9441084140012	2792,493853668378	
911,4415855280365	1814,9037987811546	2792,0879383845245	
911,2772749092697	1814,840107490457	2792,0879383845245	
910,937171473661	1814,731697548635	2792,0879383845245	
910,937171473661	1814,6539802581985	2791,863459462691	
910,9366083947253	1814,460071893465	2791,6882867108575	
910,8073930153828	1814,3470603076526	2788,886556558276	
910,7971130438104	1814,2304939995877	2785,2796074011458	
910,7971130438104	1814,1786645881773	2785,271990163742	
910,7971130438104	1814,1059849818523	2784,985820970217	
910,7268535889092	1813,998169931375	2784,9260436291015	
910,7260731887983	1813,8973674582403	2781,424003978906	
910,7149786721203	1813,8742072710459	2781,424003978906	
910,7090153814341	1813,789856278008	2781,3937613941316	
910,7090153814341	1813,7007790826297	2781,3937613941316	
910,7087607257225	1813,6729321403013	2781,3937613941316	406,570641298533
910,6750053518061	1813,5695214597226	2781,3136179263	
910,4306870753459	1813,480634754873	2781,2860529437567	
910,4306870753459	1813,4487071282313	2781,2353646290535	
910,4096365855978	1813,4063033514342	2781,2353646290535	
910,3750788865589	1813,3762717787383	2781,2353646290535	
910,3015135350032	1813,3182439613863	2780,825250480381	
910,3007298715146	1813,2588644031891	2780,485264632306	
910,3007298715146	1813,2201489313975	2780,2350592218404	
909,9324719288155	1813,155172373209	2779,5898022779775	
909,8660733570239	1813,1173007579614	2779,5877453446237	
909,8660733570239	1813,0816090578207	2779,5877453446237	
909,8660733570239	1812,91688049982	2779,5877453446237	
909,8485387524292	1812,861118285923	2779,5877453446237	
909,8485387524292	1812,8027100563831	2779,2794110898526	
909,7954417458405	1812,724573326418	2778,0789505926373	
909,6224892477231	1812,631207353814	2777,86016449488	
909,6213988547158	1812,5164412609586	2777,86016449488	
909,5721921136719	1812,4442392312415	2777,8286500808344	
909,5721684157362	1812,3926364035358	2777,5479373631215	
909,5670594627194	1812,3601084920633	2777,513637501699	
909,2591073752388	1812,3138215469892	2776,8322199427166	
909,2545423377982	1812,2824471029505	2776,527480234585	
908,9565156473888	1812,234468904935	2776,4886810464395	
908,9565156473888	1812,1528686876406	2776,468295240004	
908,955473953553	1812,0760367963187	2776,213252706993	406,2191048978672
908,9474732328022	1812,0318065313238	2776,213252706993	
908,8992038381538	1811,9908285823979	2776,1999476106103	
908,8992038381538	1811,947499658447	2776,072035858694	
908,8073994024654	1811,8835649363255	2776,003987308605	
908,8071422955015	1811,8440948662465	2775,832136827883	
908,7969942871683	1811,7615024357592	2775,832136827883	
908,7930694904702	1811,711977514873	2775,7771401793184	
908,7849740419231	1811,6266316195263	2775,6539071111924	
908,7151234388267	1811,581019703333	2775,6539061949525	
908,6660390599566	1811,5455118516588	2775,6235217935755	
908,4776079972477	1811,4803213054977	2775,6194162505662	
906,0453172690816	1811,369315047677	2775,6194162505662	
906,0453172690816	1811,2706006946128	2775,604179422579	
906,0392779903755	1811,2211851783604	2775,6038053826937	
905,9695974929933	1811,1709725734888	2775,531253417671	
905,9496409691927	1811,1464788731507	2775,3808054511323	
905,9496409691927	1811,0933787022161	2774,9386031258487	
905,9310451134486	1811,0100373170933	2774,8983497214344	
905,9310451134486	1810,880978524151	2774,7328023558202	
905,9310451134486	1810,7790616769403	2774,5587111987843	
905,9227532083285	1810,7364294222778	2774,557315504576	
905,9099066285646	1810,6573567949717	2774,5263317726813	
905,8165499387428	1810,468707851161	2774,485384093278	
905,703603784245	1810,4295017801642	2774,383154964181	
905,703603784245	1810,3592708981384	2773,557423087645	405,905413650761
905,6916834141582	1810,3085757172607	2773,4310095502706	
905,679097934881	1810,241847602697	2773,1598232716588	
905,6091147706331	1810,172257684928	2773,1438389707623	
905,5263215990091	1810,1269521339157	2773,1438389707623	
905,5252130336719	1810,0540150126783	2773,1438389707623	
905,520771985201	1809,9729703020266	2773,0783722482943	
905,5180512049203	1809,9441949957295	2773,0654912117516	
905,4125048877279	1809,915923508626	2773,056932401317	
905,4009636002831	1809,8717026516454	2773,0347857949596	
905,3988313900186	1809,8110713713895	2773,0347857949596	
905,1557369617077	1809,7404856903092	2772,9224016573016	
904,9749367902832	1809,689322814124	2772,660199136796	
904,9657023194394	1809,6399970763948	2772,660199136796	
904,9657023194394	1809,5691611445172	2772,377176751878	
904,9657023194394	1809,4741139133557	2771,990602534048	
904,9327050738748	1809,4284699366974	2771,97455781571	
904,9327050738748	1809,3625521053693	2771,97455781571	
904,9193259319525	1809,311815047252	2771,97455781571	
904,9178134321045	1809,2386341062509	2771,266336437496	
904,9178134321045	1809,1690379196873	2771,1089681163485	
904,9152916934323	1809,120876961267	2771,035766864616	
904,9152465096647	1809,0899163544912	2771,035766864616	
904,8265559767034	1809,0245844727754	2770,9642952194636	
904,819168235843	1808,9792109825398	2770,928917619647	
904,819168235843	1808,9012262945573	2770,4995776255773	405,50661327725834
904,8126705367282	1808,7521391478347	2770,4995776255773	
904,8126705367282	1808,701432716161	2770,4995776255773	
904,8126705367282	1808,587833342239	2770,1180576539073	
904,812364110166	1808,5395694480453	2770,1180576539073	
904,7137700569666	1808,473861045104	2770,1180576539073	
904,7137700569666	1808,407066252242	2770,1180576539073	
904,7137700569666	1808,3442843151292	2770,009996739468	
904,7137700569666	1808,3063858869907	2770,009996739468	
904,7137700569666	1808,2564096065114	2769,951213086143	
904,5679224431194	1808,1983950051044	2769,640197724507	
904,5679224431194	1808,135774070746	2769,638855321964	
904,5679224431194	1808,0872752359594	2769,638855321964	
904,5679224431194	1808,0048093185892	2769,3967214803743	
904,5679224431194	1807,972827668675	2769,3967214803743	
904,4317768080883	1807,9062812051354	2768,8177369586256	
904,4317768080883	1807,841019529225	2767,867156304708	
904,4311989303933	1807,7912401150577	2767,867156304708	
904,4311989303933	1807,5987876523816	2767,7327327049443	
904,4306543819558	1807,514543222431	2767,333499519268	
904,4306543819558	1807,4298917736328	2767,319958905798	
904,4262970914314	1807,3972819772118	2767,2956270459676	
904,4258677079313	1807,347309051982	2767,2956270459676	
904,4258677079313	1807,3027047338617	2767,2931993474813	
904,4258677079313	1807,2634020364524	2767,2931993474813	
904,4258677079313	1807,2043498301855	2767,2513517547836	405,22912375137594
904,3758345191018	1807,1684759784496	2767,2513517547836	
904,3710466145002	1807,0528151962274	2767,170440574194	
904,368026490251	1806,9608539635797	2767,170440574194	
904,368026490251	1806,9359890828046	2767,0915572502267	
904,2923230340956	1806,9043063874935	2766,9276681222195	
904,2920835996929	1806,8388211192048	2766,671234365099	
904,2282876952614	1806,7362887764507	2764,076844962108	
904,1068709656388	1806,6941286790977	2763,850472462528	
903,932241931029	1806,6570884743355	2763,767808392804	
903,9141922718622	1806,6306215918082	2763,685164682555	
903,9141922718622	1806,6001718291075	2763,593964321144	
903,8571007025109	1806,550523889955	2763,558382828465	
903,7467357877435	1806,4865700312077	2762,1522438821844	
903,688224145865	1806,4587214032115	2762,1455485491438	
903,6803895724448	1806,3983601154378	2762,07903368373	
903,1883175656604	1806,3100939415374	2761,299951262797	
903,1883175656604	1806,2696952812405	2761,017353942354	
903,1874032809447	1806,242663728539	2761,017353942354	
903,1734781217132	1806,0920126652456	2761,0107626305476	
903,1734781217132	1806,0476655470918	2761,0107626305476	
903,1734781217132	1806,0114733626224	2761,0107626305476	
903,1036420906956	1805,9818971622112	2760,8254383779295	
903,1036420906956	1805,9248502711437	2760,6458188598003	
903,1036420906956	1805,8815060389682	2760,6458188598003	
903,1036420906956	1805,8573690442813	2760,5984939045047	404,8742885267457
903,1030872208446	1805,8261014881964	2760,5984939045047	
903,1030872208446	1805,6269050019682	2760,503832882994	
903,0890668953787	1805,5670067111264	2759,970038754188	
903,0890668953787	1805,5254081671837	2759,970038754188	
903,088515245245	1805,4781506120335	2759,596158647394	
903,088515245245	1805,3650424972948	2759,596158647394	
903,0882449913472	1805,311993268331	2759,5823419600683	
903,0848316090255	1805,2655275654606	2759,5823419600683	
903,0848316090255	1805,120142197946	2759,314472490267	
903,0805723077104	1805,068572851457	2759,214581126258	
903,0805723077104	1804,9545579341313	2758,6042200619336	
903,0792898179147	1804,9200358918079	2758,585132289158	
903,0792898179147	1804,8946789925185	2758,585132289158	
903,0539918914792	1804,833963659773	2758,585132289158	
903,0539918914792	1804,7133819336068	2756,9311163376788	
902,990124267788	1804,6811506243967	2756,8929858338106	
902,9818871718784	1804,5366279941122	2756,6950122666058	
902,9737661189565	1804,49137467345	2756,6950122666058	
902,9383163850954	1804,42752397434	2756,6950122666058	
902,9383163850954	1804,397155810187	2756,6895566179815	
902,7655806943409	1804,351842644405	2756,6703684038694	
902,7655806943409	1804,2412153997682	2756,6703684038694	
902,7655806943409	1804,151630238285	2756,6354236176176	
902,7655806943409	1804,1040508833023	2756,514670941669	
