2744,60986850172	4034,8992998480126	5338,057058269956	584,0566537971733
2659,7990516225323	3899,5858469178975	5190,785092634355	
2659,7990516225323	3899,5858469178975	5190,785092634355	
2659,7990516225323	3899,5858469178975	5190,785092634355	
2556,643682502195	3787,711802311792	5066,987688596945	
2504,375757757647	3703,4168723165667	4999,47809399345	
2501,7747571465447	3699,3526700212988	4993,876479190119	
2498,614661149296	3696,4966035576945	4989,493354883241	
2441,7157649256055	3615,9910124504227	4891,8069672095635	
2394,607968756548	3547,223269585236	4831,096199929915	
2386,5620160844524	3539,2240537309303	4822,771310824815	
2382,5257383777503	3532,6952714978956	4811,597756591063	
2337,659713635621	3473,6690093501525	4716,298833912678	
2290,0374191728597	3423,6351882315653	4663,836666640907	
2284,3199564850675	3412,4545041918423	4652,158876436352	
2276,9068278239943	3402,5980088181877	4635,198422055553	
2256,69183890773	3356,4318719075504	4581,5240538378785	
2227,2146163414504	3314,937241512935	4538,138543100192	
2218,03888731482	3303,6967153287383	4512,319535047666	
2214,7724126233916	3294,339392643696	4504,433990397699	
2188,827937723299	3263,023089010263	4461,478632535416	
2169,631341170848	3229,2605953001053	4427,778265029131	
2160,987313640113	3219,9845405649667	4416,746452322487	
2149,2490790199395	3210,8097332899943	4407,111657318016	
2126,305210370231	3178,7553021176955	4368,031031477364	
2119,107867364096	3152,720438671746	4336,1820927713625	472,7308062492904
2113,5752426710237	3144,2419942712067	4325,904963624709	
2106,016774389098	3135,495503450438	4317,017144972171	
2081,133489851699	3111,3329788454184	4297,527916676453	
2051,140217437517	3089,484617917478	4263,144659309127	
2046,3213077747196	3081,478477881983	4252,130169359263	
2037,4756609212145	3073,685451406343	4245,147527252804	
2024,5188046059745	3054,0793621950875	4220,251750424447	
2012,5377058736026	3032,2291062873715	4190,82411199287	
2007,733644343388	3025,729641448392	4182,658719894851	
2003,1553144317256	3018,570885128973	4169,80383777532	
1988,8803151657255	2999,0814191156596	4133,128291615848	
1981,2982261023362	2983,3057697638283	4111,4783069474615	
1977,800710054161	2975,642350806227	4097,124444111172	
1971,3627971944534	2969,0029975528673	4089,4009609266523	
1956,10434788044	2953,3154165567644	4054,119105045809	
1944,7991027732576	2937,1467588732403	4036,3909263017767	
1938,984216822733	2931,3061496424016	4027,64649449599	
1933,502087881745	2924,9039533929963	4015,1771682571975	
1930,4489007161762	2911,151918628524	4005,493504673716	
1917,0518551019352	2896,0006005423147	3967,643353260093	
1913,0996528221062	2890,525646340251	3962,3445918676944	
1909,35125541278	2885,0741593751054	3956,458758033766	
1907,3568170496549	2871,6452338070335	3926,5226662949226	
1904,3536701652797	2860,6146844487043	3905,1683983417856	
1898,9544776975451	2854,0932818913907	3900,4963696257105	430,4825472476695
1894,6014113334022	2848,509321938208	3893,7440017575464	
1883,8071980837944	2840,1097385370113	3877,250254198372	
1866,064379898477	2829,542257654839	3873,1631453127966	
1860,890654421284	2823,479826637858	3867,4422394226276	
1855,1888069177003	2817,472732982124	3863,162974233912	
1850,7730848207023	2808,508439160499	3851,0440863192057	
1847,0342642382996	2798,937712809651	3833,761367531458	
1841,913180743323	2793,4185270063317	3828,048653987468	
1836,5797240207917	2787,9220629480615	3817,0361950591628	
1832,9938309008355	2779,2407840378237	3795,290956298695	
1817,1937992604187	2771,6290337649234	3792,299192483265	
1813,0492634052237	2766,3483258097567	3784,949765852499	
1807,508094257428	2761,2975810542284	3778,4226870423363	
1804,3706335661184	2754,0292358880297	3767,413959830752	
1797,432476501068	2746,09214294218	3759,680125507023	
1789,3714302654416	2740,5795017391238	3753,5249012276367	
1784,3794471226688	2735,4471608216495	3747,998459248508	
1781,9968660393426	2729,73012903531	3737,458584735251	
1780,8240902815865	2723,553425356615	3731,61629361489	
1774,9588619353035	2719,270691382724	3727,090048016008	
1769,695754524015	2714,063306436314	3720,4625750768087	
1766,337328194762	2708,196743038689	3717,3940546310046	
1756,757899349882	2701,567643455757	3700,9951816545426	
1752,2813022664286	2696,5063040223536	3692,106847865744	
1747,3772607146384	2691,335087791296	3687,608507322183	421,1348379946574
1746,6696239928988	2685,522731056119	3678,08501822976	
1740,993174592299	2679,3191208864905	3665,0835686544174	
1733,588025165098	2674,479937779015	3660,169606647101	
1728,717437678894	2669,622226026979	3654,5850016055215	
1727,0816443209592	2663,1743405566	3638,364802990907	
1715,4597477641855	2657,8747992312497	3634,903013395487	
1713,1202868118414	2653,3981634629313	3631,1267322861486	
1707,6872613730768	2648,6408542557842	3626,570631682518	
1703,0430535756127	2644,496117360202	3621,403876666978	
1697,2327986147666	2640,1138521631424	3614,340703589184	
1693,2132347197833	2635,406209605316	3610,199692227418	
1690,2953224582607	2630,9025122210105	3606,4674596782024	
1689,5727392037181	2627,7022379693494	3600,370979654844	
1683,4211949267756	2623,052601228106	3595,1458761216286	
1676,7580224675078	2618,428698939216	3589,417236674964	
1672,3476630106493	2614,056337002626	3584,858028767069	
1669,4418939745783	2609,781144480681	3576,173462928081	
1669,4418939745783	2605,69728323233	3568,6715130769003	
1664,5510623624805	2601,066807966735	3558,897660361423	
1659,3501078263214	2596,5772857203424	3553,8249561989956	
1658,5624701746744	2593,8818688199312	3549,1403823978367	
1652,623990696392	2590,7363335086397	3543,804454491713	
1646,8895090730962	2586,2099968316015	3537,830853075182	
1641,7966971400747	2581,9417832243216	3533,65031930777	
1639,8965367795035	2579,1650465973585	3528,585718584509	412,1533872659357
1633,2971480980368	2575,685376533183	3527,8733438026566	
1629,0255442197513	2571,282287033687	3523,346841597978	
1622,6803477046878	2566,5891728705687	3516,164704473113	
1622,437852020951	2563,4233300505684	3511,13621029518	
1619,6905017338308	2560,666819271791	3504,4213633195986	
1615,428301123029	2556,4985038185628	3498,79472080081	
1611,4184904372703	2552,0481272769107	3494,8898169240947	
1608,4643404330302	2549,52081624866	3486,7214938877296	
1607,9013451263443	2546,753219554064	3484,000403032728	
1603,8944699131514	2542,68138411119	3480,7953194859374	
1600,8148775477034	2538,8452391923593	3476,490611927648	
1599,1079476324435	2536,2487034527353	3476,3305131268066	
1592,704390888223	2533,605946644233	3474,4845797162398	
1589,184719141584	2529,5367606983523	3468,3336269177257	
1581,7764497692071	2525,408392196514	3463,3534001858734	
1581,122034414583	2522,69459761826	3454,6012730330467	
1577,3363253087161	2521,2250918547998	3454,6012730330467	
1573,7922974805215	2517,0143460712866	3451,5092080838954	
1570,950810226323	2512,7460485972274	3446,718272531475	
1567,7637893350707	2510,7174543314536	3440,9417936174177	
1567,7637893350707	2508,80576921144	3438,1663967901036	
1564,7483794733125	2504,676438806795	3434,9173717253607	
1560,2123460271175	2500,3940810665113	3431,16287349478	
1559,1131809686806	2497,9601829767	3427,5487137728023	
1557,6714097492682	2496,202410713847	3422,149324213044	406,68559875857056
1553,6903989351567	2492,3859603446153	3417,2796755012055	
1550,5836620571586	2488,389678651529	3412,702621165736	
1550,1853389525234	2486,4018137165976	3411,597413383714	
1549,305747799225	2484,369171012043	3409,069289289912	
1542,7902012237098	2480,3335038734217	3404,486001038213	
1540,1363243251208	2476,45540855771	3401,002279086744	
1538,9717175357678	2474,9136890975706	3400,794065841411	
1538,3904496714874	2473,070489696443	3395,4631121871166	
1535,9181841032632	2469,419435148416	3391,2512098897614	
1534,0147509415476	2465,4435051457835	3386,053426712756	
1534,0147509415476	2463,85239267697	3386,053426712756	
1531,112293079925	2461,298590756244	3380,975566017718	
1527,9755031780298	2457,562468874048	3377,3237883911265	
1524,4983887171302	2453,6542500898813	3373,5310936247924	
1524,4983887171302	2452,5647364437687	3372,7264785414254	
1523,0108342648746	2450,996532042343	3363,9245285760403	
1518,5928094370072	2446,9085128170327	3360,422784447123	
1515,9341036934738	2443,232811965659	3355,6050041849285	
1515,9341036934738	2441,8683381079513	3355,088833663793	
1515,9341036934738	2440,1995939432736	3350,328407212948	
1513,0665491233851	2436,584995061181	3345,1524433388563	
1509,2360192310377	2432,858399713321	3341,3995931721815	
1507,9848218678735	2430,908954236028	3341,3995931721815	
1507,9848218678735	2429,7420324975265	3340,9243816931767	
1504,79152608196	2425,7563785962493	3334,67250549691	401,1372990411874
1501,8978607172896	2421,9642781024113	3329,643479731859	
1501,8978607172896	2420,597004743873	3325,337068835522	
1501,616893931137	2419,3491087505595	3325,337068835522	
1498,1089524932959	2415,6983611150367	3321,9344234041723	
1493,9538098279736	2411,992137677879	3318,9497974482592	
1493,9538098279736	2411,088872094655	3318,9497974482592	
1493,9538098279736	2409,74758126167	3317,548687577055	
1490,6399433697247	2406,178244755733	3314,076824337212	
1487,018938379704	2402,953120275685	3311,784743266134	
1487,018938379704	2401,65342677465	3302,117139525096	
1483,9215796708997	2400,247119425489	3293,9738773939625	
1480,0879731468754	2396,605860455633	3291,087685547654	
1477,3531390094595	2393,280217434623	3288,0866787938808	
1476,9629879418073	2392,186681690353	3287,8862601117667	
1476,9629879418073	2391,1757541886054	3287,8862601117667	
1473,150554665224	2387,7726300881045	3284,919513552502	
1470,1007341722923	2384,49710948467	3281,920968139779	
1470,036568710834	2383,578970732137	3281,920968139779	
1470,036568710834	2382,5864447762865	3275,5114653053583	
1466,5995019194029	2379,2979639083187	3272,668993918028	
1464,087623610844	2375,993042408522	3267,4729828633463	
1464,087623610844	2375,5100885025877	3266,79864961561	
1462,607351568801	2374,444493421882	3265,1628148601076	
1459,2071339033116	2371,2960353388	3261,3815189915495	
1454,5733614455603	2367,987360846216	3258,160871896321	397,183772202808
1454,5733614455603	2367,114027272991	3258,0301599745526	
1454,3338722090689	2366,153354857709	3253,33103800655	
1451,1077600895076	2362,7399965733207	3246,7563333297603	
1448,423538324078	2359,2621354187168	3244,034674348395	
1445,7358014573929	2358,052315939785	3237,097056315931	
1445,7358014573929	2357,219730080281	3236,634770714781	
1443,221800599791	2353,775033334309	3233,64495498677	
1439,8297003317355	2350,775846099891	3230,396028518723	
1439,8297003317355	2349,6933566256293	3229,983533540655	
1438,6892240761035	2348,865445327014	3229,7218419133355	
1436,0974644671828	2345,7952033485362	3226,4546898816434	
1431,519053778455	2342,195091479425	3223,018905902336	
1431,345577009595	2341,2741033540174	3221,9797471938587	
1431,345577009595	2340,5705610819273	3221,330449184944	
1428,8533857937277	2337,457549831338	3218,8749751213886	
1423,5575999969765	2334,2076755536646	3216,787116592131	
1421,7701491785629	2333,3818955619413	3216,787116592131	
1419,8880206850806	2332,557973883679	3216,787116592131	
1416,4709262878876	2329,3776311585907	3214,6525856042463	
1413,7948375604528	2326,2151952982945	3212,6497100005276	
1413,7948375604528	2325,44561150324	3212,6497100005276	
1413,7948375604528	2324,683509086726	3212,6497100005276	
1410,901708161301	2321,5087697174463	3209,2757645194843	
1408,1818576378892	2318,5641988516727	3207,798645591084	
1407,2529784419885	2317,8547714825627	3206,057328291709	395,3846826683987
1407,0088126294297	2317,046018023513	3205,3599600989405	
1404,7887421869864	2313,8820851670557	3201,7792934891168	
1401,933050774382	2310,9925219141123	3199,231985876887	
1401,933050774382	2310,3616978349555	3196,5695609277436	
1401,933050774382	2309,697358000873	3195,623725317097	
1399,0775404590856	2306,569663325457	3192,2325835707284	
1396,0888150526173	2303,677653388383	3189,083824545164	
1395,464394219738	2302,981117091621	3186,975890864034	
1395,464394219738	2302,330622162333	3185,4109520971015	
1392,9428231468194	2299,355148323835	3183,083876426548	
1389,764765921086	2296,3054753954043	3180,0403253411573	
1389,5242596077985	2295,747743600984	3180,0403253411573	
1389,5242596077985	2295,195609195367	3177,656827669822	
1386,756093994255	2292,4201625836304	3175,557560479595	
1383,9539115583314	2289,6326668888946	3173,3852531206303	
1382,5523754966753	2289,2962367428663	3173,3852531206303	
1382,5523754966753	2288,490002952845	3167,485862676432	
1380,9680082592126	2285,7324546108925	3165,001326059727	
1378,456349314459	2282,826285716308	3161,6873097658827	
1378,456349314459	2282,0617795073276	3160,629912245295	
1378,456349314459	2281,5856501324456	3160,629912245295	
1375,4326239667798	2278,8059090732845	3158,674453180999	
1372,4630785510524	2276,2843818256515	3156,7923660990837	
1372,4630785510524	2275,9446112487926	3156,7923660990837	
1372,181270893796	2275,4925922127613	3156,706186334858	393,28876815379476
1370,38385705416	2272,849860590494	3154,424653634384	
1368,0550950614588	2269,9712596556956	3151,582909838224	
1367,5274261062111	2269,523023550866	3149,138720820546	
1367,5274261062111	2268,9984733679607	3147,3108790420097	
1364,7164582389241	2266,3463520622126	3145,5171107437404	
1361,0538878528228	2263,485483616985	3142,2695153746395	
1361,0538878528228	2262,9290005484004	3141,9912360390035	
1361,0538878528228	2262,381776365764	3141,9912360390035	
1358,6416341777142	2259,751604014604	3139,081929872766	
1355,485670555588	2257,0191598015895	3136,6342403407157	
1353,0896490616476	2256,404769663435	3134,656974377597	
1353,0896490616476	2256,0198097584603	3134,656974377597	
1349,7745240499041	2253,3132765302394	3132,588516422286	
1346,98888622181	2250,734390642134	3130,4087498610625	
1346,8378954986815	2250,5147502067866	3130,4087498610625	
1346,8378954986815	2249,975577255466	3126,6381757193953	
1343,7652099573615	2247,3767153282383	3124,165999516183	
1341,55843696317	2244,7403404891265	3121,9212918547796	
1341,55843696317	2244,421945674317	3121,700248959196	
1341,4645689134384	2244,1239129148253	3121,700248959196	
1338,7986551087226	2241,318944863645	3119,7288151901307	
1335,7584017333118	2238,514766520451	3117,7813518018293	
1335,7584017333118	2238,2990819542	3116,4389124936883	
1335,7584017333118	2237,8712500961246	3116,4389124936883	
1332,494915357694	2235,3583321849014	3113,7972195230554	393,1814127959827
1329,841122203633	2232,7602093547193	3109,8110575518713	
1329,841122203633	2232,4507857012945	3109,8110575518713	
1329,841122203633	2232,296013895677	3109,6267402425606	
1327,6305925171455	2229,845976873982	3108,0544992869873	
1324,764665818038	2227,338769027317	3106,667860628123	
1324,764665818038	2226,9186908066345	3104,859519756313	
1323,9891162519382	2226,452826230394	3104,859519756313	
1321,2302603853177	2223,838667210546	3101,596060196166	
1319,0260404660721	2221,258521125409	3097,889423253032	
1313,5312305936814	2220,9112875756514	3097,889423253032	
1313,5312305936814	2220,4817191186394	3097,889423253032	
1310,389435189471	2217,9166042473344	3095,025492332367	
1307,5053549986073	2215,576410193715	3092,1854755754384	
1307,5053549986073	2215,295933734257	3089,9428764290997	
1307,5053549986073	2214,9252406344613	3089,9428764290997	
1304,9868945425521	2212,475039917506	3087,9116667627804	
1302,8838728157607	2210,1494382404594	3085,7082334372535	
1302,8838728157607	2209,6961120732644	3085,5431538895755	
1302,8838728157607	2209,431004130819	3085,5431538895755	
1298,9118802953762	2207,0513760542653	3083,3157412142546	
1296,455699984759	2204,7413731899355	3080,8473627177327	
1296,455699984759	2204,5094236948876	3080,8418760859972	
1296,1549127058702	2204,2540719409712	3079,09636545534	
1292,8874912574565	2201,773977722666	3077,261079889025	
1290,8518971621133	2199,6466056988943	3075,2708906875755	394,32130142929486
1290,7810081977034	2199,0896077793154	3075,2558456599945	
1290,7810081977034	2198,9239969080604	3075,2558456599945	
1288,7997199004803	2196,538210473074	3073,552705295338	
1286,6149443987151	2194,162249935756	3071,411570313039	
1286,6149443987151	2193,897846562102	3071,411570313039	
1286,6149443987151	2193,7736763253006	3071,255099764326	
1284,1363454992359	2191,5130473503746	3069,3638061899383	
1281,6872093138861	2189,209345112214	3066,906400272128	
1281,6872093138861	2188,7607880704813	3066,906400272128	
1281,6872093138861	2188,6128894791414	3066,906400272128	
1279,552545541844	2186,301559854336	3064,8992671885476	
1277,1499897598314	2184,066184272192	3063,569164262124	
1276,8083933091211	2183,890358694503	3063,569164262124	
1276,8083933091211	2183,5779891127977	3055,3553828849767	
1273,5804791156097	2181,4147199900217	3053,3286954828764	
1271,3727906876234	2179,3195535040736	3051,4164457901898	
1271,3727906876234	2179,085901171537	3051,4164457901898	
1271,0926554554023	2178,7918753952404	3051,4164457901898	
1268,3244390232146	2176,517732730512	3050,1294408962754	
1264,4137820157725	2174,2014928741028	3048,493567257371	
1263,8439822493997	2173,851076018578	3048,493567257371	
1263,8439822493997	2173,706133596656	3046,338743710692	
1261,3383396831562	2171,496925052234	3044,0253945342115	
1259,3251745778737	2169,2495670867247	3042,5576639476944	
1259,0778261634327	2168,9841085252338	3042,5576639476944	395,0288715555196
1259,0778261634327	2168,7197096824643	3042,5576639476944	
1256,9489065785992	2166,617852025991	3040,9800599559817	
1254,2328771974433	2164,5516177291984	3038,908912997986	
1254,2328771974433	2164,472091292783	3038,908912997986	
1251,4828832038077	2164,314077290224	3038,908912997986	
1249,4315926997165	2162,291206766916	3037,8190722224617	
1247,5800058953703	2160,2544841604454	3036,726409042747	
1247,5800058953703	2160,0507571715707	3035,8192810573437	
1247,5800058953703	2159,9454765076543	3035,7938465740917	
1244,6651721026176	2158,021800491601	3034,5378550845885	
1242,6849717915395	2156,0838613161513	3033,0475175465435	
1242,6849717915395	2156,025425069358	3032,883681907435	
1242,6849717915395	2155,857673648458	3032,883681907435	
1240,5944798954042	2153,6366307465614	3032,185363764648	
1239,1703579695	2151,6044182603378	3030,0732581844745	
1239,1703579695	2151,289362790756	3030,0732581844745	
1238,7080599530025	2150,926573905413	3030,0732581844745	
1235,6858418591235	2148,8421523895204	3028,488571172829	
1234,246827810132	2146,6748621623087	3026,9706477262926	
1234,246827810132	2146,39824719352	3026,9706477262926	
1234,246827810132	2146,199900629361	3026,574209912059	
1231,7203949292616	2144,186440514089	3024,7849670458872	
1229,1984157091651	2142,2323765592128	3023,5135975361018	
1229,1984157091651	2141,9305542706784	3022,232581939068	
1229,1443250250275	2141,8269106904	3021,161142749531	395,5330483692043
1227,2173961105948	2139,8362323859587	3019,1506412517897	
1225,3110235011	2137,850755131738	3017,7425834684527	
1225,3110235011	2137,739611465549	3017,7425834684527	
1225,3110235011	2137,5911250276517	3017,6658560295236	
1220,0095733930998	2135,675898681333	3015,4032365615926	
1218,2679164647407	2133,6516046383513	3014,3591885309525	
1218,2456307080126	2133,608675105879	3014,3591885309525	
1218,2456307080126	2133,455901433916	3014,3591885309525	
1216,3075524368485	2131,5879653221064	3012,116331189544	
1214,6602357386494	2129,7781846965663	3010,282118517244	
1214,5780556614998	2129,560433500149	3010,278628312764	
1214,4464029977532	2129,343155966121	3010,27744541424	
1211,685321173328	2127,5018035267312	3009,07485305744	
1209,7353833462994	2125,4712709308933	3007,5665913836474	
1209,6781165456073	2125,25447562685	3007,561809748679	
1209,5199607856732	2124,9805015464544	3007,0486782029334	
1207,6437146540552	2123,1752828564827	3005,3466731852827	
1206,0618773019878	2121,454142756562	3003,832069490845	
1206,008288694523	2121,137342715302	3000,476156321669	
1205,9759518180506	2120,893243334985	2999,877142504585	
1203,7745314371348	2119,134995464304	2997,8482214432574	
1201,6826901120874	2117,395539215345	2996,2588361453677	
1201,6815631086104	2117,2490679081807	2996,180787968584	
1201,26086564885	2116,9325177275477	2996,030889924077	
1199,9649707206115	2115,2203462143198	2992,4123164050916	395,32582077889674
1198,2820614515538	2113,5437437654878	2991,413178024921	
1198,2708813619276	2113,442347097431	2991,413178024921	
1198,2306998740032	2113,05150903066	2990,6287106050177	
1196,7282052748947	2111,3672698036653	2989,3098541152362	
1194,6959767079604	2109,5900055864836	2987,8131966287992	
1194,555329050468	2109,479319253115	2987,7981662816346	
1194,5167792116092	2109,333306200701	2987,7981662816346	
1192,104049176553	2107,695082983697	2986,847373774632	
1190,2820945927117	2106,01667113157	2985,6403298087785	
1190,2334047677596	2105,918416402046	2985,6377294051567	
1189,6063169041547	2105,7960715458626	2985,2694640119894	
1187,5927754189606	2104,130629460669	2983,6752963044696	
1185,7483002415222	2102,505747133064	2982,052015003438	
1185,7156220174172	2102,2966707499554	2982,0515231282297	
1185,6081374934836	2102,0511342615127	2982,0515231282297	
1183,8635514745101	2100,490506232119	2980,7068720284415	
1181,78893175135	2098,7801046784843	2979,342143273892	
1181,78893175135	2098,639368501333	2979,1844326251494	
1181,7667213419463	2098,5770846116134	2979,1844326251494	
1180,2333787836099	2096,9005757291748	2977,64416129925	
1179,1084658022762	2095,2218970047215	2976,344416022396	
1177,3505264258752	2094,905997069066	2976,208653589904	
1177,3415008487775	2094,751243201353	2975,635462002394	
1175,7357077658235	2093,245171164948	2974,927454619965	
1173,7496199339614	2091,693168403435	2973,7721163512842	396,74135292429924
1173,6607348531954	2091,370632302041	2972,848014174057	
1173,6237102847908	2091,229439727197	2972,7706289101957	
1171,6368821273695	2089,6241103160214	2971,9338149520995	
1169,7424185067496	2088,118599881988	2970,8375701353325	
1169,4587218439112	2087,9627160333143	2970,7504064108307	
1169,0694874826713	2087,7563778803724	2970,6648915625155	
1167,6952597346954	2086,2323192060653	2968,9666183087893	
1166,0728383929818	2084,6900521816387	2967,5801791217546	
1165,8307846215757	2084,459700867446	2967,36524442047	
1165,2263711670616	2084,3190933349424	2967,1506252510635	
1163,4902041697342	2082,8550948838406	2966,386583458061	
1161,5438670430806	2081,222967574716	2964,5217106824657	
1161,5175913082091	2081,1257581086634	2964,4700711022842	
1161,2150052153215	2080,9213561240263	2964,3873151192442	
1159,2208082689049	2079,4811907792227	2963,6131081371223	
1157,4540003111974	2077,957311683005	2962,392910283024	
1157,308203880904	2077,7626135423498	2962,3876882781387	
1157,1220956387208	2077,552607868619	2959,3992695808465	
1156,0334993859499	2076,116467262706	2957,652811629878	
1154,7888306260293	2074,558720601084	2956,6555438090927	
1154,71261789416	2074,228579760592	2956,6001330030676	
1154,4729729842513	2073,786159900682	2956,4134876851617	
1153,1440395350864	2072,414687641278	2955,8675605572867	
1150,9566953132419	2070,9805336178524	2953,3555253128684	
1150,842022889916	2070,7336736131656	2953,053759996407	397,13767863852297
1150,6990792409877	2070,418873828256	2952,2485298005904	
1149,263940005683	2069,076130498239	2951,3743748205893	
1148,1049660082967	2067,6682239948395	2950,1880557532377	
1147,82735949448	2067,311613777554	2947,707686567876	
1146,424388025607	2066,8978236869884	2946,8417892696934	
1145,0881904042978	2065,5586070786394	2945,7434470981802	
1144,404734635912	2064,282333608384	2944,4980307325577	
1144,1862340283762	2064,068509597857	2944,2989702131918	
1143,8677108195477	2063,754257900808	2944,084292748639	
1142,5020753731985	2062,4037331476256	2942,5874870590724	
1140,9141573636514	2061,016235224552	2940,9928432258375	
1140,7302986916586	2060,587267221776	2940,673631022641	
1140,5703506217797	2060,4132776790007	2940,656895405156	
1139,452593236056	2058,9319240276677	2939,0622020704295	
1137,9742771970675	2057,661306177731	2938,172345448791	
1136,4448230492865	2057,406637054845	2938,1325326868823	
1136,0381763514367	2057,0605379885037	2937,8215461455675	
1134,2764716218985	2055,720790908975	2936,0185181329803	
1133,4016232287433	2054,5125054555097	2934,964289388261	
1133,3576882557425	2054,1166167416277	2934,627243675109	
1133,225161279567	2053,866466971434	2934,616315617637	
1131,6523985722458	2052,527736581814	2933,608834475597	
1129,9247241619837	2051,2142647209284	2933,081856059736	
1129,5981140349652	2050,9970296568918	2933,049016055218	
1129,059072621403	2050,5773245519463	2931,3787643442547	397,2463194892584
1127,86019613539	2049,4004319208475	2930,41667523158	
1126,6488049896961	2048,160217343272	2927,508808389439	
1126,3599641863304	2047,8321287057845	2927,508808389439	
1126,2336978312296	2047,5994667486905	2927,3927476708586	
1125,1148743155022	2046,3539920177907	2924,666427453749	
1124,2781161370046	2045,1698367635713	2924,1293602466712	
1124,050670519408	2044,801028274342	2923,8374881635627	
1123,9459571569284	2044,5212010536825	2923,761743770966	
1122,7463704254621	2043,2910396817317	2923,0718327330524	
1121,8712256536014	2041,954419497911	2922,0623430965647	
1121,7325096509476	2041,6986296723146	2921,8384327462845	
1121,450288461783	2041,337625073937	2921,651197525047	
1120,66513580704	2040,2237344409662	2920,9102876402007	
1119,3224888621326	2039,0774749517705	2919,722982556449	
1119,0459692179145	2038,6657483368242	2919,696921840001	
1118,7837816723234	2038,3579883159505	2919,395689752705	
1116,4135138310035	2037,219317666906	2918,7748527080666	
1115,322949897963	2036,1353898045036	2918,11798857292	
1114,9610596300047	2035,8251462968185	2917,1238645767794	
1114,8744752475116	2035,4763984293809	2916,7846439104965	
1113,735406007153	2034,2141359076672	2916,14309878212	
1113,0974433801193	2033,165743514669	2915,6066692592613	
1112,692851665312	2032,843000153309	2914,64027141578	
1112,463670262021	2032,5365158250777	2914,2511802154845	
1111,4551147854065	2031,4772543552078	2913,07897607678	397,52230594574365
1110,3975752537199	2030,3540939825025	2911,9240833842473	
1109,5923932728917	2030,024393151457	2911,8390765913077	
1109,188968139914	2029,679102646801	2911,829018616381	
1107,9053050639602	2028,657674537901	2911,575546643347	
1106,8852434564085	2027,5619597944033	2910,9080037882663	
1106,7993530324313	2027,0282649205722	2910,7586788905314	
1106,3437422092334	2026,5648603552506	2910,252052536051	
1105,2367691708198	2025,5363519009304	2908,9194326217057	
1103,9753467619157	2024,4781717401088	2908,3873900096996	
1103,6512458700363	2023,9194700562873	2908,374116092687	
1103,5610276373802	2023,4106783825107	2908,2446001734315	
1102,1798858570871	2022,407208666188	2907,8129660821405	
1101,4093163778807	2021,4148314331621	2907,547471220846	
1101,2007014346718	2021,0311876265232	2907,4748037563045	
1100,9613923960374	2020,6685145996255	2907,306109598679	
1100,041458292613	2019,7242434883692	2906,4789474811964	
1099,047107428216	2018,7289862283824	2906,1444511025975	
1097,7042876656697	2018,3298805073687	2905,723662261382	
1097,6114771160017	2017,9262791832275	2905,517429518151	
1096,888404180123	2017,0017887497481	2904,969287297755	
1096,2702628068823	2016,0463982096633	2904,5837059283863	
1095,9020045823472	2015,55961738876	2904,472955574341	
1095,5986002475245	2015,1860484975734	2904,236007049836	
1094,8456612961454	2014,2302833970284	2902,0507071358243	
1094,1527266179085	2013,2798779682423	2901,666214225892	398,0472746478214
1093,8565785763587	2012,944889954334	2901,34740599034	
1093,7171687340874	2012,5717284350646	2901,1788920741806	
1092,5244681434333	2011,5812315450794	2900,799939799935	
1091,8223951926066	2010,731910034591	2900,1840266562886	
1091,4968248805826	2010,3591564057674	2900,1061833738654	
1088,3992547380703	2009,8246560111133	2899,9841253276895	
1087,8939181330759	2008,8834062722349	2899,1050459114617	
1087,3640590886398	2008,0375315244278	2898,468318876816	
1086,6748012611147	2007,6580760291063	2898,0224824002325	
1086,1199320382655	2007,2526297379327	2897,871320498401	
1084,8892437097875	2006,3281259757098	2897,3084829974423	
1084,2189485307456	2005,3143166167006	2896,746773068342	
1083,9204270757468	2004,846543665992	2896,495213357553	
1083,6688788228	2004,442379879435	2895,9373981631866	
1082,8733746878838	2003,6038454430789	2895,582165477082	
1082,1555274537727	2002,8452917073694	2894,7570665589005	
1081,84451522325	2002,3932167612916	2893,9835247902	
1081,6555976420364	2001,9946272140537	2893,4206370677357	
1081,0301705574498	2001,1842603414948	2892,8307860351483	
1079,991801713543	2000,3185448919871	2892,3882163483254	
1079,4730544232525	1999,9381929701997	2892,1265231946977	
1079,1853737803792	1999,6101127811569	2891,5472763500384	
1078,3928048701573	1998,8074071391611	2890,891323053267	
1077,460588903491	1997,9780615792254	2890,3028386256337	
1076,9304180014994	1997,4471395194723	2890,2260424692913	398,2279035348755
1076,6739080194402	1997,0578347770593	2890,1501107301983	
1075,9757221910304	1996,3112305317131	2889,522450817074	
1075,573184336493	1995,5721157157145	2888,6017713110546	
1075,374967642331	1995,1926771167482	2888,427652886196	
1075,1106777267105	1994,6303423819156	2888,11462434791	
1074,2063722434987	1993,9118547317082	2887,340093895145	
1073,5414482442598	1993,2089794475405	2886,7294114952633	
1073,442359224015	1992,802049395172	2886,1989113493896	
1073,0121983571391	1992,3568397992258	2886,007620460658	
1072,2176472282508	1991,7059447631236	2885,55699468098	
1071,2433249776761	1990,9523963636611	2884,865678663793	
1070,3431925650998	1990,4682465204687	2884,801398275476	
1069,9539022516112	1990,0536103095403	2884,5016198840576	
1068,5999268144412	1989,3674405905715	2884,2100110095844	
1068,0989451928724	1988,695816377066	2883,167719347905	
1067,8875367019266	1988,2658878656914	2882,9199555736914	
1067,5106485149936	1987,8320675309837	2882,3300608165473	
1066,8078438576363	1987,1542301920554	2881,83291133089	
1066,308522297958	1986,430585193765	2881,3080354706435	
1066,2125378199685	1985,9454236900012	2880,8525141102164	
1065,9536256203064	1985,6032666527567	2880,7223080789818	
1065,2090218037092	1984,9333526516302	2879,9599900804337	
1064,9058268474214	1984,3108690473475	2879,25297735575	
1064,224861037551	1983,9017215795952	2879,098672121315	
1063,872737581296	1983,5493744618634	2878,7525899778975	398,42315763459584
1063,2353025329583	1982,9346055982235	2878,179511547666	
1062,6335117571514	1982,2068823230418	2877,5864902883854	
1062,328599225374	1981,7620720228297	2877,2912929970066	
1062,219255211925	1981,3809950945779	2877,106490498483	
1061,4134838514653	1980,6853115419456	2876,0653966512036	
1060,4680692259917	1980,0371949796515	2875,752774679535	
1060,12261955106	1979,5140062405524	2875,3222908537455	
1059,8635277985115	1979,1466173642025	2874,848262813926	
1059,4266874371053	1978,5188393137705	2874,5210147611438	
1058,8479644839845	1977,957108299057	2874,172298220044	
1058,4417627620444	1977,5458334797136	2873,819533155195	
1058,0820621191929	1977,0833940410819	2873,5060003923118	
1057,6602213297692	1976,442374603979	2873,1492446426764	
1056,9972220866125	1975,8353163527427	2873,066418108507	
1056,435413884116	1975,2916953282486	2872,5061262567815	
1056,0392532809867	1974,7934258730768	2872,3995720149373	
1055,6293352985988	1974,0583212452036	2872,1455349552484	
1055,3962387133824	1973,4444819674377	2872,0860944076117	
1055,0505197889495	1973,0202605416903	2871,229099432934	
1054,7122784882822	1972,6506968647889	2870,6230505991994	
1054,2797865684531	1971,8839628411124	2870,1235374603343	
1053,963755500948	1971,242004729808	2869,6116107776284	
1053,7557848920035	1970,8507941547537	2869,380689065577	
1053,6048524240273	1970,4499302716888	2869,0720276964066	
1053,0554613150691	1969,8827789263578	2868,8201482021295	398,6803793577412
1052,874508858522	1969,2521792752816	2868,5106212990836	
1052,6193438737466	1968,810689678685	2866,1905040909683	
1052,231721835372	1968,3579178356592	2866,1380660589616	
1051,9879384041146	1967,8958549482766	2865,530921876154	
1051,5719948462256	1967,2737128339038	2865,2719426321487	
1051,3432270732915	1966,9154769451054	2864,965211226773	
1050,8335184957878	1966,489069153603	2864,731631550347	
1050,5573720144748	1965,9685462321404	2864,59133389101	
1050,5098929765009	1965,4463632758436	2863,038968838547	
1048,593720828526	1964,9438280750649	2862,8486125147338	
1048,184549775901	1964,508656758825	2862,4186556825375	
1047,7429633598379	1963,9925063744918	2861,8813570392745	
1047,3111841039713	1963,4859017644494	2861,429199845586	
1047,0669431690458	1962,9677794274123	2861,136474151084	
1046,929747069477	1962,5344344578782	2860,9830720454834	
1046,6857373160587	1961,9872060961538	2859,6608882784585	
1046,480156342445	1961,5661278753405	2859,178491095429	
1046,2259838331165	1961,1690551324186	2859,051413863867	
1045,8851608364107	1960,7300256644369	2858,7501237517536	
1045,5129381977158	1960,2594893380724	2858,2914952726514	
1045,0078848491844	1959,7936083250254	2857,8672275939607	
1044,6946731392882	1959,3503763947517	2856,9334765940357	
1042,594247981069	1958,812934001616	2856,774651929746	
1042,4641703128657	1958,3012850579448	2856,468337197127	
1042,1965554961926	1957,862332114748	2856,188111880765	398,55697766185244
1041,9668696643469	1957,4606277100172	2856,045849876437	
1041,7623534733307	1957,0255037189986	2855,9901037099244	
1041,6563617449997	1956,610373735506	2855,8309563984712	
1041,4149439026824	1956,1522998790203	2855,2315920070014	
1041,0309149161756	1955,772161888378	2854,878472192337	
1040,724323541855	1955,38920442547	2854,6561891225115	
1040,5489668979958	1955,000169562891	2854,150462728335	
1040,080194140589	1954,6254882998473	2853,811923661117	
1039,8201496668878	1954,1106278129735	2853,541558568235	
1039,397187396406	1953,7112408550424	2853,352786727161	
1039,2261977260748	1953,2700092219363	2853,0378217393777	
1038,9285670524941	1952,7136102227835	2852,505476266264	
1038,6621628938817	1952,3775059422333	2852,2500415430263	
1038,479121507142	1951,953183216679	2851,8639141484323	
1038,1354000116933	1951,5052261454941	2851,2544452758684	
1037,8875198584826	1951,073862580008	2851,087645606356	
1037,8007703335988	1950,718120144376	2850,767224449959	
1037,712646844269	1950,3742581706535	2850,467960717651	
1037,4517071187083	1949,939588816371	2850,407050842292	
1037,369488471833	1949,5400373670261	2849,8000268854503	
1037,1209148513315	1949,1715377743726	2849,6669709640396	
1036,9658153683051	1948,7609152598764	2849,060058944244	
1036,764241248395	1948,3396836294921	2848,639145899241	
1036,3839599330306	1947,9396727788346	2848,3307609791077	
1036,2005130989132	1947,5204150587895	2847,9545855134534	398,7137452940208
1035,9630331534327	1947,1647081295846	2847,323892704166	
1035,5535173984972	1946,7827098916666	2846,9150028939293	
1035,4501689305011	1946,411728844737	2846,506496398133	
1035,2609526459587	1946,0475486625205	2846,05893657998	
1035,0403537045304	1945,7458648227723	2845,837136762927	
1034,7047793129393	1945,333654579981	2845,642644790178	
1034,4323761752642	1944,9084485892954	2845,2830080957256	
1034,3100929036145	1944,5490174900708	2845,0230440549653	
1034,0555483297408	1944,1334916789374	2844,9406454455498	
1033,8344628206576	1943,7329786400817	2844,7805982601985	
1033,7058724580295	1943,3658135408266	2844,309765174881	
1033,3563359933585	1943,0109389849206	2843,8056646521313	
1033,1052343560964	1942,6865977326424	2843,617873494705	
1032,9138393578005	1942,3423873915165	2843,3086142292964	
1032,4380583336954	1941,7898512862773	2842,575477247467	
1032,2725157806253	1941,456463783023	2842,1952802402147	
1032,1302016048623	1941,1433946844927	2842,107818391182	
1031,4502238965629	1940,7135029524466	2841,2785952870618	
1028,8689647910992	1940,2793734759482	2841,0066866116786	
1028,700770643407	1939,9043480024393	2840,747157541933	
1028,6048834515395	1939,5823026632193	2840,2174735733884	
1028,3107191285053	1939,177051933004	2840,072770792291	
1028,128552610645	1938,7346059730344	2839,8322571328094	
1027,8352911390257	1938,3185298072674	2839,7803085998016	
1027,6279227419698	1937,9900410686375	2839,565930289863	398,54080316607747
1027,580505187141	1937,617469244912	2839,5200905663933	
1027,4944789639956	1937,2715927481051	2839,340661246384	
1027,3689959527965	1936,9571127807262	2839,1300414575603	
1027,1887183394604	1936,5893712443433	2838,719379597942	
1027,097866094009	1936,2784154200106	2838,529829468721	
1026,946683699016	1935,9633229579247	2838,3740799597203	
1026,7756633286208	1935,601524292014	2838,3166161377185	
1026,5753941262928	1935,344974166519	2838,032798863991	
1026,3061704613062	1935,045305065808	2837,6338626088923	
1026,1501406150644	1934,6879775644557	2837,0288216278946	
1025,9953211669576	1934,3903415574612	2836,6807294097066	
1025,955435004959	1934,0793770438422	2835,3751752295643	
1025,8483809359238	1933,7649801163902	2834,70264318873	
1025,782152703175	1933,4518334914715	2834,1135324143042	
1025,611254337863	1933,1231075680598	2833,7867718549037	
1025,3212645553765	1932,8459787634597	2833,7158476525165	
1025,053305985484	1932,5734504909842	2833,3363390532086	
1024,9686936460264	1932,2415938187467	2833,0844263537215	
1024,5202223426254	1931,9448733402571	2832,9649031752924	
1023,6605733063949	1931,6651014397398	2832,8974080156418	
1023,5868397561928	1931,3317241716923	2832,6259915949763	
1023,5271373406458	1931,046647368181	2832,023737696507	
1023,3342128684875	1930,7497247105211	2831,661354353704	
1023,2964392545354	1930,383279047554	2831,1951134406404	
1023,089865521132	1930,0500058434939	2830,8759881253645	398,3182766430754
1022,9562398075536	1929,7665956420396	2830,7135571215213	
1022,8193542889765	1929,3940138429844	2830,670260395222	
1022,6671516952338	1929,0944033965977	2830,313602767046	
1022,4813735336065	1928,812564223369	2830,2520475896554	
1022,3564928097592	1928,5127504931756	2829,9341483130743	
1022,2275975044265	1928,2351509392558	2829,598017153517	
1022,1436281195622	1927,9809702061007	2829,4712634947255	
1022,0609820699809	1927,717606597787	2829,162057396068	
1021,8815954927685	1927,3397700724631	2828,8644557180905	
1021,8117828354923	1927,0951157488537	2828,6807216089883	
1021,7857897625408	1926,7920417561645	2828,505052698849	
1021,6187761329976	1926,431080126976	2828,193103686817	
1021,5818837374624	1926,0878450335213	2827,8708208630137	
1021,4814438870116	1925,8442303909733	2827,7994381528433	
1021,3951068285946	1925,5084960927895	2827,722532720633	
1021,2355642239048	1925,1454025891255	2827,5289955357357	
1021,0310698798261	1924,8380414425421	2827,445108853401	
1020,9935866296215	1924,6014245193094	2827,29016746229	
1020,8459712978776	1924,2546362790354	2827,130536978547	
1020,7640734901335	1923,9910381467073	2826,820564640405	
1020,6728908201652	1923,7672551785463	2826,110853955183	
1020,5467383996537	1923,4496687048422	2825,856470917996	
1020,455910130089	1923,2386261361703	2825,4749415958977	
1020,4346895897903	1922,9493818255892	2824,607463713001	
1020,200452908935	1922,667615779259	2824,3790984676994	398,38302802164714
1020,0574573300344	1922,426720970519	2824,268555693762	
1019,9229132886761	1922,1929647863547	2824,2086017528463	
1019,8135830578972	1921,9330897178233	2823,990698698316	
1019,3519569057255	1921,615181078147	2823,9335526685322	
1019,2730226552076	1921,3398619340037	2823,409527553915	
1019,208226092113	1921,1079724203444	2823,216627798334	
1018,9115288308285	1920,8098735704461	2822,796819194187	
1018,800881662326	1920,5876091298956	2822,353178262804	
1018,7690999459718	1920,3541059122801	2821,774414338519	
1018,7286778661513	1920,166800000658	2821,497863642599	
1018,5947730423453	1919,910500860317	2821,346085249661	
1018,5242472339532	1919,7291308356816	2821,048154821276	
1018,4462284740792	1919,464677441907	2821,031785878532	
1018,329359159046	1919,2246178872188	2820,768329219961	
1018,126163972528	1918,9884608506836	2820,3992895713645	
1018,1153536024176	1918,80158078589	2820,235273995741	
1017,9500821434599	1918,5552738894012	2819,725478822079	
1017,8184277916871	1918,2818148586666	2819,5553633580207	
1014,533754207753	1917,8650567757793	2819,385855378872	
1014,4050611982805	1917,6152935427663	2819,3131232833657	
1014,3296146398111	1917,4092110868305	2819,023892748038	
1014,324493350869	1917,1680331330176	2818,589416644471	
1014,2343309832115	1916,8857324304988	2818,1589557539432	
1014,031891048386	1916,681559212004	2818,030834317602	
1013,752164645086	1916,449373193056	2817,778891631734	398,3714694045995
1013,7145257289781	1916,2428246894226	2817,4441220915537	
1013,5912294086254	1915,9792370189584	2816,688800600807	
1013,4025246192332	1915,7492925401123	2816,557128258833	
1013,1868273611203	1915,55446132676	2816,533238373792	
1012,9211517945037	1915,2213798357316	2816,21946222722	
1012,7524511180619	1915,031600811182	2816,0982109163465	
1012,7008082014188	1914,8242136178733	2815,9623901685595	
1012,4652056204178	1914,590441525096	2815,4698867406555	
1012,375355617344	1914,3450271304166	2815,025058819261	
1012,1577727220631	1914,1160667685506	2814,5740955875076	
1012,091884525164	1913,9118640168736	2812,7801529968046	
1011,951230563353	1913,7127172335213	2812,4731821729865	
1011,8214867357684	1913,5006082594866	2811,63093465033	
1011,6788969336302	1913,2454992895357	2810,59766045014	
1011,6141362920871	1913,0711576307408	2810,4870140811604	
1011,5584430766172	1912,8806532016215	2810,2939790369674	
1011,5128208332596	1912,6953568159256	2809,782887047364	
1011,1722662607347	1912,4112973368099	2809,4551949812426	
1011,0225548996667	1912,2370385038596	2809,362488312503	
1010,9143591049817	1911,998996417455	2809,2908099252195	
1010,7925679931947	1911,7992465984287	2809,0420665911197	
1010,5232219736047	1911,578060348997	2808,815435662946	
1010,2717521907225	1911,3805265730336	2808,6582304458802	
1010,2500395352753	1911,1373430606825	2808,5347619943204	
1009,9847264885652	1910,839664355128	2808,46179281919	397,95824263798863
1009,898381066929	1910,5564601143246	2808,386209806861	
1009,7718792352498	1910,3469320218312	2808,0033600038964	
1009,7247449735353	1910,1812898605601	2807,924422146854	
1009,6036926778089	1910,0171941682142	2807,54829185691	
1009,5527281050198	1909,7550601808075	2807,5120368726093	
1009,5126722924012	1909,5604486478092	2806,9734388426	
1008,8424729338783	1909,3669370029345	2806,861281643199	
1008,8420861283928	1909,1444471246814	2806,6407138153013	
1008,7629196945257	1908,9074090280565	2805,7028215140363	
1008,6376944672348	1908,7455417049548	2805,665027489231	
1008,5504234310115	1908,5759451763163	2805,1592690984585	
1008,4963894749767	1908,4047897352016	2804,9731411165662	
1008,2749162603253	1908,1932680553978	2804,610532121617	
1008,0674883820241	1907,9791863981472	2804,6076168146787	
1007,9738865309445	1907,8119119470334	2804,5177693859605	
1007,6869500172542	1907,6590341896	2804,356981013413	
1007,6279498501885	1907,4361609385116	2804,2604700282445	
1007,6275113413125	1907,248203604186	2803,905210302822	
1007,5642551573442	1906,9471162303266	2803,651028112606	
1007,4328398363049	1906,796847639567	2803,6420238727196	
1007,3936243006148	1906,6343659691495	2803,426145417713	
1007,1046253743887	1906,4375275814818	2802,8791243903215	
1006,7650286981572	1906,2464522141393	2802,81136541603	
1006,6798369483051	1906,053530321725	2802,5870568027694	
1006,6635551581786	1905,7139064915589	2802,320449151915	397,4955457088412
1006,5535095138789	1905,4463686210179	2801,85940949623	
1006,3074503082643	1905,2653273703527	2801,8315634298656	
1006,1705644137323	1905,1273607611731	2801,656078776422	
1006,1251610264911	1904,9367317071549	2801,24087562644	
1006,0068301964649	1904,7354661372249	2801,0484879125033	
1005,9754156216108	1904,540592762916	2800,863315390067	
1005,8968267775515	1904,3631241016485	2800,7427393393127	
1005,8877653246414	1904,1934822025767	2800,735373979705	
1005,7642154433005	1903,930514575879	2800,4297841870416	
1005,6446436402964	1903,7173308955496	2800,208176958175	
1005,5973690514861	1903,5555709861187	2800,19800687288	
1005,2667325755123	1903,366327037372	2800,175629246686	
1004,9590483453034	1903,1768860255584	2800,14152749764	
1004,9033826020288	1903,0202767026867	2800,0872527143297	
1004,8009568053968	1902,867170401928	2799,7894797161634	
1004,7126343135469	1902,6578911308125	2799,679893437397	
1004,6407981357119	1902,4856164229673	2799,649748368351	
1004,3911143453888	1902,2994882105784	2799,5701643841458	
1004,3880389585438	1902,0884302466013	2799,5696077207335	
1004,2831416432965	1901,875706608886	2799,3521667509026	
1004,0850903319343	1901,6399703942461	2799,0934439645707	
1003,8623834545148	1901,4619169663158	2799,088194014185	
1003,6956484409908	1901,3101257981443	2798,8252185750857	
1003,5412497815004	1901,1417217025382	2798,7771938777732	
1003,4423749295034	1900,9893113540695	2798,7771938777732	397,5186961605577
1003,4371818447381	1900,8283878953036	2798,7770439856436	
1003,342706483184	1900,6436385348768	2798,6748306909158	
1003,1852324891519	1900,4357903987468	2798,33658295535	
1003,1332855319529	1900,2222352750123	2798,0703885440953	
1003,1279673943008	1900,0561512535196	2798,0636612812586	
1003,1239577750604	1899,8800196027191	2798,0233335215366	
1003,0064315123434	1899,6859361209624	2797,4668662037893	
1002,9958759619735	1899,55328684871	2797,446221522876	
1002,928412501867	1899,3908673840951	2797,2873652276776	
1002,892164031303	1899,257476898214	2797,2663003192965	
1002,7736014309899	1899,0558881870488	2797,1012792221527	
1002,6668978530284	1898,8491444316655	2796,4706705351896	
1002,5654348131586	1898,616600062307	2796,451359217232	
1002,5478426062797	1898,3792669577372	2796,2864905574365	
1002,3668825616433	1898,2177689522293	2796,1815596032907	
1002,3316051122923	1898,0332742437388	2796,11729309248	
1002,1905037207963	1897,8774449191137	2795,8824251043698	
1002,0906529367775	1897,704776319281	2795,8231390866626	
1002,0436987140629	1897,5280424879124	2795,779984008195	
1001,9170281989893	1897,3565112017243	2795,701210980343	
1001,8915506752786	1897,1700760221693	2795,6489491996913	
999,6667815301851	1896,9998664049658	2795,6373518258692	
999,5227392884258	1896,8727448210607	2795,548437675358	
999,4605966597039	1896,7161736023997	2795,488280673892	
999,3915898574975	1896,5882758504501	2795,383595635827	397,4978270851425
999,3748502660145	1896,4402069587543	2795,1496498118104	
999,2630227632444	1896,28274376238	2794,8893633840858	
998,8860531861942	1896,1280813950414	2794,757429712508	
998,8480453095757	1896,00253998311	2794,4375339753547	
998,7359439789647	1895,8511550999153	2794,3276779520197	
998,7166593151867	1895,630431104627	2794,229896073724	
998,6868144589412	1895,5085606586074	2794,16467990189	
998,6662980429645	1895,3880359172879	2794,0061329367554	
998,6488051591863	1895,2214725081199	2793,8019365215414	
998,5112381864346	1895,0916652279975	2793,628999938217	
998,47663572471	1894,8677347827484	2793,244608191277	
998,2976974292569	1894,765267692716	2793,235062667175	
998,0922733173335	1894,5783605660465	2793,1935369114285	
998,0565751038271	1894,4169970454118	2793,0864704564224	
997,8051501831928	1894,2667647321377	2792,7956694049167	
997,778243332241	1894,1634885430426	2792,692715822811	
997,5537202660946	1893,9504037846357	2792,404240589081	
997,4655278096918	1893,8309449754627	2792,3184204999507	
997,4397493953771	1893,6648476892833	2792,105805032577	
997,3434117647136	1893,4356684299512	2791,930429417846	
997,3179195181625	1893,2800801007927	2791,7379673805453	
997,3179195181625	1893,1180148562087	2791,5355147778655	
997,1391502976576	1892,98629706272	2791,243063178267	
997,0957243050341	1892,7884264416443	2791,089059492047	
997,0937615025581	1892,6508261410659	2791,0748034572403	397,1009694054904
996,9520662428797	1892,4732188784133	2791,010055422137	
996,6802579479361	1892,2525389809082	2790,9107491156487	
996,6242957162895	1892,1049343551858	2790,685795496369	
996,4656449566382	1892,003957280537	2790,5143222509305	
996,4536021382978	1891,8554863066515	2789,9522889884142	
996,3587748739748	1891,5905655874935	2789,887675609714	
996,2721008201003	1891,47759681583	2789,856666987542	
996,1623306923066	1891,345104733459	2789,443621866216	
995,0480745376294	1891,1585109158946	2789,443621866216	
995,0060422600363	1891,0358710766354	2789,443621866216	
994,8931903651251	1890,8645311403106	2789,276888030087	
994,8636989378155	1890,7097545225986	2789,116215486442	
994,6404709822059	1890,5847593753106	2788,9690980467335	
994,5322426842157	1890,4535871023725	2788,804849577496	
994,3756979909274	1890,334065861623	2788,786063267563	
993,8450220501823	1890,2149711292095	2788,7115467241847	
993,7693746935131	1890,0338492567282	2788,640710786529	
993,6013337414639	1889,9129106657058	2788,6030618449736	
993,4621218689622	1889,758627589987	2788,407300503043	
993,4493860876031	1889,631311231584	2788,270970078039	
993,0882239064642	1889,486266520368	2788,154060223475	
993,0653279245479	1889,3664884975783	2787,8141357569984	
992,8320100432618	1889,2295890343084	2787,7591802923753	
992,7930465040185	1889,0995325291597	2787,7527189239195	
992,7750269507956	1888,9577381512877	2787,386591744909	396,7925357365908
992,2964428362582	1888,8365446109851	2787,3239023799165	
992,2827980926601	1888,7495013368298	2787,258833948829	
992,1180015965368	1888,6420835656688	2787,2494462835703	
991,9952268024243	1888,5060909732474	2786,901168287621	
991,9518783483296	1888,3831716248114	2786,733039336896	
991,9487655661833	1888,2779783177216	2786,681035932436	
991,8382860838209	1888,132307233866	2786,5726322373516	
991,6028058589146	1887,970240762931	2786,55745314282	
991,4731281688664	1887,8674266196927	2786,5279523972426	
991,4731281688664	1887,7306388386799	2786,408054153013	
991,4189137057564	1887,5896762481568	2786,343478906889	
991,2801799342991	1887,4403823420726	2786,0153251023	
991,1483196925977	1887,295426785079	2785,91396936553	
991,1042325193588	1887,1391442894612	2785,749630036097	
991,0626082889353	1887,003082661173	2785,554603397443	
990,9234855724239	1886,9020454310955	2785,456870697929	
990,7868336700362	1886,7367654681736	2785,456870697929	
990,5709834934096	1886,6483111815082	2785,454606613044	
990,4070176902814	1886,5146878343571	2785,227235748709	
990,4044272389583	1886,4024938200218	2785,2145596451733	
990,2097879530296	1886,2831230848367	2785,2143128242924	
990,0787224103269	1886,1291989623123	2784,828898448674	
990,0504284224713	1886,0362506266786	2784,746361797904	
989,9666328480703	1885,9321337828328	2784,4600133799413	
989,8858886520392	1885,777730489497	2784,4600133799413	396,661567057994
989,8596397094595	1885,6277317124745	2784,3628915834147	
989,8083683234327	1885,5462535144782	2784,293412723629	
989,738190116836	1885,457825801964	2784,28652679914	
989,6105710997341	1885,3316231859415	2783,953205475691	
989,4468434689655	1885,2320306640465	2783,8578198405526	
989,1064409117406	1885,1201085396972	2783,856956731332	
988,8776932340006	1884,9922371645996	2783,6912332765564	
988,8112761691574	1884,8822761514318	2783,0756972240656	
988,5602979731603	1884,758708900878	2782,8753424620136	
988,4977398864554	1884,6638193878962	2782,8442053221434	
988,4753499821279	1884,478896162608	2782,6638850379095	
988,4478660073192	1884,371630193199	2782,3889237814315	
988,2542800738256	1884,2310397037365	2782,328478588166	
987,9496520479312	1884,0505893221707	2781,9640809463167	
987,8775833819975	1883,9487166867991	2781,8127900166337	
987,854934306914	1883,8247995302497	2781,7123802126916	
987,7336665847816	1883,7150742068648	2781,645289370375	
987,7021996530332	1883,605876010194	2781,501314688285	
987,6218568975404	1883,4787579250942	2781,486287384202	
987,6218568975404	1883,253014180198	2781,486287384202	
987,4773517094478	1883,1289264768131	2781,459396733364	
987,3674757492163	1883,0528356322602	2781,449860030629	
987,3372327227063	1882,9016608927795	2781,402436488923	
987,3036614806625	1882,7253745070298	2781,3865742910984	
987,2249960072585	1882,625703014413	2781,366673937519	396,4136277999071
987,065799920048	1882,5185035206368	2781,3163279440614	
986,9803650371018	1882,343988298426	2781,1988425728323	
986,9012973275401	1882,2462839822877	2781,0153277408476	
986,7521967132298	1882,0868318180155	2780,824253946646	
986,7035375660345	1882,005799955814	2780,7452632268314	
986,5133736243858	1881,871054776499	2780,7452632268314	
986,4396459096586	1881,766809772937	2780,7329486437648	
986,4021343047384	1881,6257382321119	2780,6854662707206	
986,3004059958824	1881,5336133333517	2780,1522080826	
986,2050328799008	1881,425966159674	2779,835446370479	
985,9652797803955	1881,336382285296	2779,812802406941	
985,9125761911357	1881,216296686347	2779,6406675256308	
985,895206242341	1881,1344128891235	2779,6124444279	
985,8835105629344	1881,0409773350734	2779,2385077294703	
985,868376064037	1880,9611535993856	2779,2068508396474	
985,8459005982103	1880,8910801408388	2779,1712597783253	
985,78553081408	1880,7684932680982	2779,1479550503877	
985,6885289142514	1880,6812381137017	2779,101396479112	
985,1150249722431	1880,5547153642815	2779,101396479112	
985,0401588731387	1880,478041691803	2779,101339506584	
985,035431645042	1880,3759597126523	2779,042013399322	
984,9597294211896	1880,2376567497133	2778,9969323951077	
984,9171455747438	1880,1550351744677	2778,8879792113544	
984,8751690811156	1880,0449263448568	2778,6397219501873	
984,8565508545705	1879,8702573883825	2778,280619171796	396,1431644389665
983,9991102272876	1879,7457504491572	2778,1795064465014	
983,935345699283	1879,6776371708938	2778,0024301741423	
983,9002916577009	1879,5937555934988	2777,740448190507	
983,6791146265499	1879,5101961055202	2777,6868819512033	
983,6791146265499	1879,4312303333563	2777,621087011332	
983,6491674172852	1879,3579929632622	2777,471703668789	
983,5852384554549	1879,2536814901787	2777,462610308415	
983,5852018782375	1879,1652637752975	2777,43950748971	
983,5444769767091	1878,9824815478808	2777,43950748971	
983,4731279558163	1878,8570903092018	2776,3682617348004	
983,4260946975824	1878,7776728790254	2776,3236314434853	
983,3901896573179	1878,665450699731	2776,2633355297667	
983,2948493076655	1878,5884764854022	2776,209914861661	
983,2948493076655	1878,5115035357646	2776,056621239657	
983,2936483818793	1878,4383302434849	2775,993133081753	
983,0923469282658	1878,3508440414107	2775,9894958460554	
983,0921300281587	1878,2575681183166	2775,769580784718	
983,0616894879963	1878,1761038578272	2775,6502348787412	
982,9665853164084	1878,0928360441371	2775,603940526884	
982,9218617722283	1877,9986301659883	2775,5902227034994	
982,9048113362113	1877,880591846009	2775,581574185774	
982,796554249032	1877,7676931326032	2775,3186098804067	
982,7930038527281	1877,6960326913786	2775,316786593729	
982,7020484673882	1877,6188364636423	2775,316491736747	
982,5976970422327	1877,5227265016913	2775,146162479488	395,8572907002511
982,5436935696271	1877,381900269067	2775,0379927015333	
982,407231595091	1877,311497790666	2774,955853302429	
982,3887026808661	1877,245974586557	2774,932262593319	
982,3409960398005	1877,1576475181337	2774,853796700346	
982,2689385108682	1877,0980613065249	2774,853796700346	
982,2069530290621	1877,0095960096814	2774,853788215347	
982,1706298418098	1876,937326444126	2774,703762120786	
982,1703842365762	1876,8601939611326	2774,4918829310245	
982,0998639756119	1876,78714332794	2774,3615024879105	
982,0657010632572	1876,6973609389856	2774,1678093565406	
982,0189757370483	1876,6324671081002	2774,080290043778	
982,0008055681142	1876,520061821836	2774,0631341293915	
981,9248232365849	1876,425852308795	2774,012323698752	
981,8844905912255	1876,3448507717121	2774,0123222763345	
981,8720532620572	1876,2777122541934	2773,9555923523335	
981,8079854266844	1876,23055764311	2773,9472505831804	
981,7540277636974	1876,1675216938002	2773,9472505831804	
980,5134956816603	1876,0661093761196	2773,9390843018873	
980,3528924163833	1875,940493069801	2773,6604828564446	
980,3528924163833	1875,8210338768508	2773,6604828564446	
980,3521244270818	1875,7637244555035	2773,5177560090297	
980,3273109601945	1875,700209215105	2773,3747467469448	
980,2979236396661	1875,5912349777793	2773,3745324581505	
980,2979236396661	1875,5096972882395	2773,2289861869212	
980,2133507789665	1875,4168957660522	2773,1607226584083	395,65244466822895
980,1710184102438	1875,358037159701	2772,9945198987143	
978,5382547477217	1875,262858476891	2772,9940973826106	
978,3905776592551	1875,1501606777217	2772,7595251876737	
978,0711230226132	1875,0790155547647	2772,7294962165192	
978,0710981507867	1875,0046728376076	2772,5781914077984	
977,9948155941966	1874,9249052206285	2772,573293432518	
977,9421585425324	1874,8468626553679	2772,454581237217	
977,937684754981	1874,7650346781202	2771,5077511792474	
977,9011650987482	1874,649877404025	2771,4125787988187	
977,7566861184125	1874,5183014918036	2770,6718102489212	
977,7247645404749	1874,449094403894	2770,6212247974486	
977,7185407487679	1874,3759273203316	2770,446633557636	
977,6354508673953	1874,301692457468	2770,3103620270253	
977,5704726999872	1874,2534386643113	2770,2149777823306	
977,569653584706	1874,0957884992974	2770,1535364998604	
977,5427749164502	1874,0181626125022	2770,1535364998604	
977,5093693159683	1873,9573298660134	2769,9238109922544	
977,5058742481784	1873,8387697911378	2769,9237957590876	
977,352168770873	1873,7054368637637	2769,918738569071	
977,2359486095677	1873,6392195799804	2769,7920923961733	
977,2203817702289	1873,5719149547558	2769,753400285677	
977,1064712576294	1873,4925464514909	2769,632646780662	
977,0260357186467	1873,423149682261	2769,6194034491764	
976,9861388197154	1873,2936106904006	2769,5151592364277	
