2850,1759722996103	4201,101433945133	5537,345267259853	598,7368292834461
2848,9509799114	4199,69239100433	5535,76734587792	
2846,946532934686	4197,525460338253	5533,979784077474	
2844,7925227179408	4195,3224283136415	5530,956197383675	
2843,0862272683416	4192,3401238071465	5527,44588551727	
2839,202501981188	4189,256939670407	5523,969698257262	
2834,3126178061166	4185,058186803785	5520,472144201185	
2829,9303882497134	4180,996592121761	5516,7363429741445	
2824,623679211986	4175,165035145398	5510,654944166783	
2819,2181481421912	4169,24726967853	5504,562430298858	
2810,942604309881	4161,139482469919	5496,821256425991	
2804,497803266086	4152,966676473869	5489,426157376866	
2793,5567223532767	4141,508001207943	5476,920463207896	
2784,8593915756874	4130,550550572668	5466,286316181233	
2772,239339933971	4115,0471516319385	5447,598533973635	
2761,2242844381994	4099,951066613037	5429,444343182545	
2737,8882895218912	4079,325294186836	5410,330048166619	
2725,1337297224154	4058,5916102369983	5390,54020606139	
2703,1471292842157	4030,0497943011974	5364,524200556408	
2675,7494613560098	4001,4246269308605	5332,69948556824	
2650,9686609324044	3963,0292053662747	5299,021041663938	
2629,862680197369	3926,473578452488	5257,526286311631	
2582,560404701327	3877,110978412729	5198,299283492592	
2542,0513208335988	3830,4785873345368	5149,4311951397685	
2503,457404239725	3774,7240287717855	5094,70382666015	
2470,0320690857807	3722,3293589794007	5032,862304583439	559,7199786120599
2424,167210897567	3661,696455277883	4966,70063080866	
2394,2082955574147	3605,51907395033	4897,758581666796	
2353,3929739042583	3547,3520404671244	4837,119611437213	
2316,9974848523607	3493,6030384843466	4769,141533193288	
2294,879192611953	3444,468025395554	4707,17691040667	
2257,0039525419056	3399,0143875440463	4657,989906489887	
2239,0277913701902	3355,253228771906	4599,98838551612	
2209,6542792768946	3316,6706618708836	4550,582371737148	
2197,0796079803013	3280,5197693664522	4509,075263331256	
2154,670979293948	3246,9991888514105	4472,259923780468	
2113,540886590127	3211,1109963935396	4419,872017270666	
2088,877067580216	3179,6764633274274	4376,278040715703	
2062,4849229399574	3150,460026747537	4346,096551704384	
2041,9384425794854	3122,2812198505458	4322,722881278315	
2027,272568435648	3095,032321610336	4292,2507190530005	
1997,207680014359	3068,89976532627	4278,155809598309	
1975,0150181748268	3045,1027941089637	4257,885645825213	
1944,9489227117394	3018,173421274105	4231,393883410877	
1921,2838997135777	2993,1570700616903	4210,553471754265	
1895,5020034355541	2971,1329724342736	4196,219884990827	
1881,636165198124	2948,938635348692	4171,68429731368	
1864,5069689855882	2926,943763187843	4157,163317594955	
1853,417455062886	2906,115396270618	4128,310075827369	
1837,4619550413488	2884,7645162024273	4109,871423792884	
1819,4987390319222	2865,4778624007863	4098,92815481507	481,74228521494877
1805,1973131875618	2847,562055077611	4084,0690071454587	
1789,9587544804237	2828,895261550613	4070,578257585071	
1767,4166936496515	2811,6340656958514	4053,271684138736	
1753,6482026787949	2793,6267354978936	4046,760801330223	
1742,6676396352532	2776,7508207439664	4027,7443121500737	
1731,294180709162	2760,784522220938	4007,6483942285377	
1719,8810741975385	2744,798536342084	3997,506180474171	
1709,1165210102822	2728,696285030495	3975,6841363016906	
1695,1885944851124	2713,7288508401093	3970,3020845772567	
1680,2479293803976	2698,9381960311985	3952,3890093288537	
1664,0609308763646	2684,2243867978473	3937,2645310513176	
1657,227650512783	2670,417713817744	3915,0543541590387	
1644,8382873215605	2657,320276604972	3909,4800338021137	
1630,9080191920234	2644,534754200573	3903,373353180211	
1611,4752930036257	2632,03669838509	3897,46791581676	
1601,6018021119726	2620,0212432341064	3894,4012127043616	
1594,4420214424244	2608,7709768139994	3884,558160649049	
1586,6295203887548	2596,89700677755	3867,675981542515	
1574,8006912572027	2585,290745664765	3861,516724553309	
1567,4077031918453	2575,222291494496	3851,786891967817	
1549,8377734772243	2564,4133368150897	3849,512359634982	
1543,9406979080306	2554,3272645865673	3846,5137930205315	
1539,1930173940086	2544,158835487344	3841,4477947645046	
1533,4838247271111	2534,2502854903496	3832,8829039207776	
1525,8697942985777	2525,012038728537	3825,2871124004278	478,9308556162196
1517,0358332226697	2516,8254829917782	3814,565032613189	
1510,7450157001658	2506,721210583985	3809,6042840925156	
1503,1704903450966	2497,9679987500417	3800,682199221458	
1490,327192130215	2489,381439137534	3794,1028624844744	
1481,4094456777252	2480,5018284724038	3788,7624173952754	
1470,268905852246	2471,653016239132	3770,8850288448616	
1462,3756124786562	2463,4431648680256	3761,9010109113583	
1457,7576194919623	2454,9652710684995	3757,984718971054	
1450,585049436863	2447,8094632003035	3750,637195012857	
1443,518442998921	2439,8648524320233	3743,239393530261	
1437,6288831907184	2433,3042985707543	3737,2847567920944	
1435,6910525440635	2425,8318312750325	3729,6852759261737	
1425,1730743881023	2418,8702924366116	3718,4359816103124	
1420,4225561116793	2411,745723309375	3709,2991647250365	
1411,9739379209454	2405,327498572782	3706,613742008111	
1404,5250855881732	2398,2253797986223	3701,1452620463006	
1396,7615695334302	2390,749595787643	3680,619840785983	
1391,7437587231711	2384,509639836915	3677,010371153436	
1382,7520502832008	2378,2677572118064	3668,4758395934564	
1377,3560354408512	2371,3350175626497	3662,8948520779873	
1371,2551453111862	2365,0045820485775	3656,757679806318	
1364,3031511516813	2358,837136089637	3655,7501994607755	
1358,2031340767246	2353,5174906985458	3647,9883221791692	
1352,0673571374164	2347,944033803653	3644,585312102511	
1350,259377711378	2342,9074608189326	3640,0107119594577	473,11905715191597
1346,1155027190491	2337,7814154825282	3632,6610969653543	
1343,8728245846933	2332,3985036764498	3628,975784329756	
1338,1814355574368	2327,9648540208545	3626,3581658301173	
1332,2828675722944	2321,9755098141536	3619,909849534246	
1329,1354576148724	2316,6470458577737	3614,8206823816076	
1320,2527477089836	2311,7899731455586	3610,411907263823	
1317,6718927150002	2306,4052953447	3603,20115432519	
1315,3031360138475	2301,1727726516783	3593,838398502427	
1312,1903031171146	2296,597928243928	3591,4332035818375	
1307,9375330038765	2292,5096716228363	3582,9661075325457	
1303,3427728616489	2288,1266126137984	3579,708385187251	
1299,3805325767767	2284,214837140794	3575,765562448697	
1297,5572930010196	2279,9349791771547	3570,82124363615	
1295,2778027995726	2275,627963434972	3565,8660714040943	
1292,8273110603727	2271,388247452122	3563,5047957038387	
1289,9956066194297	2267,4496277744183	3554,1973157119737	
1285,800907727243	2262,989047584841	3544,5629803066286	
1284,7653872938045	2259,0995128275063	3533,6638059559973	
1278,49210068359	2255,169415066997	3531,425901606579	
1274,9972712035349	2251,365538111396	3530,412435328914	
1272,3971338556357	2247,695080746027	3529,718634485496	
1268,117858739943	2244,260223342434	3526,656538279216	
1263,9238184490907	2240,671933972361	3525,083074187255	
1260,8887770029573	2237,5351125577818	3523,392828691511	
1259,1992184479561	2234,3449928193595	3519,95150300746	463,4830191923044
1257,8949969720115	2231,2292110395933	3519,366481235163	
1257,2215375301969	2228,110837350821	3514,1279193920327	
1253,0347410882669	2224,5994027352212	3511,2843643522037	
1249,8705679506606	2221,4713516907955	3503,3706981348955	
1246,2148030562275	2218,335257081756	3500,840601084085	
1245,1315485327705	2215,018675062091	3496,380578886479	
1244,2534440999177	2211,8614152979044	3491,2136237575883	
1240,9820392755867	2208,9458459911643	3490,6511495630753	
1237,4430608660039	2205,883307132541	3490,262707820172	
1235,4057267083447	2202,688092343813	3488,554010518313	
1234,4558216163346	2199,4607040230703	3485,1634165794035	
1230,7538000041416	2197,0075100753456	3484,943783234223	
1228,7981134955294	2194,295848833982	3481,086129107853	
1226,3889784790208	2191,7936815473217	3481,086129107853	
1224,2072693123775	2188,6532138956727	3478,5984964533527	
1222,6095366984873	2185,7996502934184	3477,574021062915	
1220,878460117784	2183,1421413363287	3477,574021062915	
1218,1517674930346	2180,5416442906953	3474,8960499692	
1216,7811082444885	2178,129921500715	3462,775687540794	
1215,0087401385815	2175,808990937469	3461,5000448468872	
1212,2052206861615	2172,9443034078704	3458,896547279352	
1209,186017888205	2170,2298177826333	3450,2799768954947	
1206,6839435621164	2168,1506203890362	3444,7636015476355	
1206,181810222716	2165,974269451237	3441,139898124474	
1201,7686409874802	2163,61786428094	3438,7127546485917	456,2409927695039
1191,4623791553468	2161,208315325732	3434,079658972014	
1185,5936554151936	2159,1181653959316	3427,284705615509	
1183,3401341562248	2156,5960185289086	3417,690430951771	
1182,3968783249502	2154,5589537326236	3416,8321605428414	
1180,890634148891	2152,0856197792687	3413,668664447813	
1179,734740871813	2149,8267717599115	3413,244793823632	
1177,7109608827013	2147,299830610061	3410,6419206269725	
1177,149219145322	2145,451390517062	3409,657626736963	
1175,69461133804	2143,363598805446	3407,2152681136977	
1174,854227500549	2141,208139771573	3404,9101533401385	
1173,6565771548776	2138,877443491556	3400,2506489665407	
1171,6650661780875	2136,8886851725006	3398,5640462312854	
1170,3146336101654	2134,753806338463	3396,9877466072194	
1168,1628220064883	2133,043589291664	3395,6224131640297	
1166,6930650025733	2130,99171467567	3395,4756680337205	
1164,915675012815	2129,4297279667385	3392,742923199394	
1163,0982090872471	2127,7897420540817	3390,76563171797	
1160,928843103134	2126,130463764315	3389,6514149734708	
1158,001881380772	2124,292643301916	3386,534585943053	
1156,2015977205133	2122,6782912560693	3383,3421662428877	
1155,5362875411602	2121,1866788090083	3381,5579885380157	
1154,5524680828134	2119,0252320903232	3378,2209055220346	
1152,9318293140473	2117,432966482431	3377,292935333465	
1151,1772241626618	2115,8483188700447	3376,7294407899417	
1150,1578718820438	2114,018743782772	3374,377470575986	449,7531743682458
1147,5410137260985	2112,6062708160443	3374,3648138888866	
1146,5611065293199	2111,186017598344	3373,619156648777	
1145,5727297181197	2109,8275716116023	3373,126291311219	
1145,1160747605281	2108,429097458451	3372,741568355998	
1143,0340332686144	2107,018646669186	3372,4676423932046	
1142,2525532512661	2105,3738225836837	3370,427604665009	
1139,6263848715068	2103,9771882691393	3367,7206095673314	
1137,6618389929497	2102,3740110864087	3362,308714313171	
1134,2627695603517	2100,600469656547	3355,5265929185807	
1134,1904827717321	2098,8903021572037	3344,635992617792	
1133,917798818466	2097,386262617992	3342,3303791873786	
1133,6800747753891	2095,984970111068	3340,409471111163	
1133,5835772226114	2094,340109813612	3331,086180342206	
1133,5488093857432	2092,5940812684426	3324,1412180555235	
1130,6555042293405	2091,4559512016262	3320,1783437834447	
1129,4805601394548	2090,3031568909905	3316,7020418855127	
1129,375923138236	2089,0674975691845	3313,591009624087	
1129,2135530877158	2087,9819112936	3312,975368546364	
1128,578141858867	2086,7737664898623	3312,000196862665	
1126,3147245751766	2085,469241425811	3310,926612726914	
1125,644056253322	2084,1754940929927	3309,9992813661097	
1122,3813065143133	2082,756880469539	3308,5774809890204	
1120,0635706071255	2081,370060991185	3307,835113292937	
1117,670331181735	2079,9820689785283	3305,4523873498424	
1113,6471164854602	2078,6975043796797	3303,72936266636	443,6054751196036
1112,8375147731613	2077,207061573428	3299,255777153646	
1112,7664985133076	2075,996491006395	3298,040388980908	
1109,5398804093309	2074,6129855239524	3294,8311702277574	
1109,0683803186394	2073,5271157607053	3294,803279877231	
1108,510677099343	2072,3216678677477	3294,803279877231	
1107,8083293975621	2071,271892785281	3292,8412853625255	
1106,7190596993125	2069,9068243699608	3291,5324271521586	
1106,6971266017797	2068,6872275129836	3283,26529813863	
1105,8687160507734	2067,6321328829576	3283,26529813863	
1104,7208809797148	2066,367675474057	3275,421505587057	
1104,2883634866005	2065,128549177715	3274,941839302005	
1101,9739452769804	2063,664042531184	3273,0259923977806	
1101,0038379196517	2062,688398957258	3272,735659091703	
1100,604410681487	2061,665174210351	3271,8142294665536	
1097,9352858292252	2060,6028198664335	3271,4859553706106	
1097,736412222528	2059,473228419879	3268,449660666243	
1097,2356983090167	2058,360948875854	3265,062010369764	
1096,295891640887	2057,041612649821	3258,5223306016032	
1094,5230822411354	2056,1123403016295	3257,8335556381767	
1093,588612639893	2055,233937342293	3253,5740763315926	
1093,2870870806032	2054,1996098329114	3252,6916717963772	
1093,0969315999796	2053,1869135171005	3250,9487491399364	
1091,8192666530467	2052,1130496107226	3250,375796797151	
1091,5003854139115	2050,9592116453896	3249,2002934710536	
1089,84311801693	2049,9921614189648	3245,808509912718	437,6228579395787
1089,84311801693	2048,92923092306	3244,281295224187	
1087,3270943362488	2047,754065852444	3240,047291567511	
1085,7873960962254	2046,6937795878193	3234,2439899848982	
1085,649946829721	2045,7485865565552	3232,5143869732196	
1085,3272306035265	2044,583259951529	3232,5143869732196	
1085,0362681666327	2043,5834875389983	3226,6623407919233	
1083,9604664421493	2042,379404602138	3224,1548172167995	
1083,3625212350366	2041,6139935146346	3221,182544826096	
1082,6859972211837	2040,635024036123	3212,4104146509558	
1082,409461194223	2039,6708330389984	3209,977143633555	
1082,409461194223	2038,7827797347556	3209,4679400716004	
1080,672923184104	2037,8440232545493	3205,6283857125522	
1080,284375880972	2036,8844721699984	3202,478126357315	
1079,8246938585933	2036,267336965348	3200,8223339990277	
1079,405751349221	2035,427368942643	3199,354619198722	
1078,8769695107208	2034,7121703579533	3196,1098704489764	
1077,787985524679	2033,8467787557404	3194,7999922552494	
1077,486273850773	2033,0070883960266	3193,0260492289012	
1077,242719244284	2032,3042763302128	3192,801157048737	
1077,242719244284	2031,5225181543415	3192,4516111296143	
1076,4866317114088	2030,7102006127034	3192,4516111296143	
1076,1736756185835	2029,7712497207913	3191,7309886481394	
1074,8591327272584	2028,6650083593956	3188,7953280640104	
1073,446683885141	2027,8214430452538	3181,713022799269	
1071,7904522762283	2026,9313127947694	3176,4958737227507	431,13719937359724
1071,2399990608599	2026,1262021463895	3171,025876498987	
1071,2399990608599	2025,0538166086042	3168,492307618926	
1070,2371351828872	2024,2484022423873	3167,2406348281725	
1069,7538735546543	2023,2700874573648	3164,1101576367696	
1069,7358091220997	2022,3323219026697	3163,231980846625	
1067,9826311746087	2021,6200064461864	3163,168633701756	
1067,9651593810502	2020,841712571682	3163,168633701756	
1067,1212252283979	2020,188418591599	3160,5591610061256	
1066,9745118058281	2019,6237244521353	3160,5591610061256	
1066,9376539931204	2019,017554912873	3156,9768196538016	
1066,6814056713838	2018,1383285110182	3154,2683179583796	
1066,629120045452	2017,3341933440176	3152,0221899806406	
1066,3173467723784	2016,4560263606745	3149,83801135915	
1066,0819848363008	2015,7620674253599	3149,752749233716	
1065,5515701220788	2014,990456569605	3149,285671481653	
1064,2850970397005	2014,1795422572757	3148,6258144090466	
1064,0892860042838	2013,6560739970644	3142,110849452137	
1063,3994536058706	2013,0209548665891	3142,064144414679	
1063,092355151207	2012,284698324769	3140,7243336788665	
1062,9734018838496	2011,4992361756244	3136,589164444515	
1062,8757758546128	2010,954117784556	3134,8719699839085	
1061,7401201960224	2010,3861586764501	3134,8719699839085	
1060,933449291984	2009,728425767667	3134,8143394824565	
1060,2394777551362	2008,7715264249598	3130,9978678672574	
1060,2394777551362	2008,2307805314422	3130,954043212746	427,2826144783628
1060,0292746632367	2007,6863990427532	3130,947781204926	
1059,8693213451857	2007,0059873707523	3128,660203918945	
1059,8693213451857	2006,3621009469427	3128,5778699100365	
1059,7838940709328	2005,8691905615983	3128,483604319262	
1059,7838940709328	2005,1465613593432	3125,7384273630596	
1059,2964151708763	2004,4755615826716	3125,7384273630596	
1058,9380575131033	2004,0023174475966	3125,4873070617496	
1058,8054139240987	2003,2773016214812	3123,6848939333477	
1057,9028332011633	2002,6992580768158	3122,0586231809093	
1057,0260257973475	2002,1906858025486	3122,0586231809093	
1057,0089475368331	2001,8191724774574	3122,0586231809093	
1056,539916072035	2001,3208725368156	3122,0586231809093	
1056,539916072035	2000,789815744059	3122,0586231809093	
1055,6440023979087	2000,048972513571	3121,950264427291	
1055,6110309701369	1999,6231756746151	3121,252213401054	
1055,6110309701369	1998,9766753544036	3120,822763167349	
1055,6110309701369	1998,3212522061972	3120,822763167349	
1054,827272016454	1997,7861295584776	3120,749534527205	
1054,827272016454	1997,110353419312	3118,733316013227	
1054,7960858526537	1996,6112216908286	3118,533107989106	
1054,3766831839664	1996,2226656183466	3117,7577845054448	
1054,372618628302	1995,5394466794228	3117,2859228962043	
1054,372618628302	1994,8926072288048	3113,033525661659	
1054,045121997793	1994,4533301652236	3113,033525661659	
1053,330718708662	1993,8001272272759	3110,6338298290166	425,33475847538097
1053,330718708662	1993,1987245056612	3109,0206410067303	
1053,0084085782128	1992,5404953016396	3108,6774720596322	
1052,9278505327563	1991,732330854181	3102,6302175953806	
1052,8539504991052	1991,1552800983504	3102,511776781922	
1052,3127739587076	1990,5537107633656	3102,19874670843	
1052,3127739587076	1989,9917483223153	3102,019145830489	
1052,3127739587076	1989,5247215770391	3101,6630361863836	
1052,132355983637	1989,224696619806	3101,3763823708996	
1051,8686378162981	1988,6717003929589	3098,2054784445972	
1051,5242081021468	1988,0996283151062	3097,095270228705	
1051,486602654509	1987,6876247183327	3095,5214660965084	
1051,4709110698543	1987,2570483765573	3094,5139488733125	
1051,4199138105382	1986,6878348845182	3094,37576179828	
1051,4199138105382	1986,3043900085222	3094,121455525854	
1049,870729580511	1985,7849391512716	3092,4934360268007	
1049,870729580511	1985,263347868786	3087,1335624646763	
1049,7108569509887	1984,8193262380007	3086,848615117159	
1049,695991950119	1984,318377124241	3086,0000831904263	
1049,334197067037	1983,7133671971962	3083,660155512503	
1049,334197067037	1983,333941073858	3081,9664659850446	
1049,3147772613986	1982,6835421890269	3080,533338264092	
1049,0850451838335	1982,183432743534	3079,5212168509115	
1049,0850451838335	1981,6058000809803	3078,0001767353497	
1049,025031388976	1981,195314888154	3077,974214208379	
1049,0220630184326	1980,7664915019327	3077,2272022255365	422,4980473546029
1048,9340260077836	1980,4690235128876	3077,2272022255365	
1048,9340260077836	1979,980170197268	3077,2272022255365	
1048,905562379206	1979,375037375299	3077,0171506799884	
1048,4593086365217	1978,8911033002007	3072,629713005706	
1048,4593086365217	1978,2308344790972	3072,629713005706	
1048,3500755522891	1977,8718067868676	3072,5665237146172	
1048,2880017106065	1977,4246198057674	3071,967322547962	
1048,074534378888	1977,0511638049022	3071,967322547962	
1048,074534378888	1976,5696716748776	3071,3790510600497	
1048,074534378888	1975,989723146318	3071,178304538929	
1048,074534378888	1975,5232392623616	3071,1778780861146	
1047,9700882778322	1975,09509739573	3071,0111030268267	
1047,8620765542116	1974,6471927023285	3070,852859949184	
1047,4380080266094	1974,2759042386397	3070,852859949184	
1047,127400943006	1973,886984795038	3070,1924525242757	
1047,127400943006	1973,4742552398702	3068,295571626453	
1047,0631148883654	1973,1153347760671	3068,135828732893	
1046,5062705787986	1972,4176187655453	3066,736465595557	
1045,598826554531	1972,0276077688407	3066,7130653891786	
1044,644362538641	1971,5576006872395	3066,199209367626	
1044,644362538641	1971,2332975209601	3066,199209367626	
1044,553291456441	1970,8579368923356	3065,449873807851	
1044,2760632762881	1970,4172013762313	3062,069548970931	
1043,912098473399	1970,1406058783741	3061,9968904029274	
1043,0636755082103	1969,775225198341	3061,9968904029274	420,14526339050843
1043,0405893217485	1969,3612347643243	3061,9968904029274	
1043,0405893217485	1968,8945135560393	3061,820485647624	
1043,0405893217485	1968,486552065389	3060,9237532913817	
1042,8957015947815	1968,0255108483716	3060,777854272421	
1042,0670806151456	1967,5598391764777	3057,2949053082325	
1041,610231393234	1967,213242193371	3057,2949053082325	
1041,610231393234	1966,8223240056539	3056,8719419604963	
1041,610231393234	1966,3797849399155	3056,4184608747414	
1041,4226422291324	1965,9583322989463	3056,4174079785053	
1040,761136213591	1965,5612847470186	3056,347462569702	
1040,6218136621246	1965,1998812454412	3056,347462569702	
1040,6218136621246	1964,7641999610871	3054,9470859610524	
1040,6203916011186	1964,3273244133172	3054,848546983682	
1040,6203916011186	1963,7883919414626	3054,848546983682	
1040,6203916011186	1963,4050025051201	3054,848546983682	
1039,953205793183	1963,0417374953647	3054,848546983682	
1039,9262740749944	1962,5191737046307	3052,691181260014	
1039,6364825539113	1962,0701399853622	3052,691181260014	
1039,1824299448876	1961,761868870233	3052,680393804363	
1038,4536001489905	1961,342434733917	3052,680393804363	
1038,4533704397159	1961,025696761187	3052,2347975106613	
1038,4533704397159	1960,6991489989057	3051,4810632856447	
1038,4266058282062	1960,3776767199658	3051,4810632856447	
1038,2456430595653	1960,0191552608317	3051,4810632856447	
1037,324310759895	1959,5679767219544	3050,5951536012644	418,6692934669593
1037,0836453828042	1959,1197676097997	3050,5951536012644	
1037,0836453828042	1958,833118951264	3050,5318837507434	
1037,0836453828042	1958,2450941771908	3047,8024392470315	
1037,0836453828042	1957,8825074872334	3047,336918175195	
1037,0836453828042	1957,5926529409192	3047,3199103688494	
1036,9846779046009	1957,3151228809909	3044,714864917742	
1036,2896912412662	1957,04876386369	3044,714864917742	
1036,2415115905874	1956,665674929331	3044,3841924534518	
1036,1543428058324	1956,1891825393793	3044,3841924534518	
1036,1543428058324	1955,929457363553	3044,2146888032275	
1036,0568471851893	1955,6048812015706	3043,79655539158	
1036,0328480510602	1955,3900167609502	3043,3309966897373	
1036,0017920123619	1955,0296609805532	3042,53622681058	
1036,0017920123619	1954,6243731807426	3042,53622681058	
1036,0017920123619	1954,3696862537204	3042,53622681058	
1036,0017920123619	1953,9465569155095	3042,53622681058	
1036,0017920123619	1953,6252114163442	3039,6133110651012	
1034,463991880049	1953,1213048244667	3035,6045526327543	
1034,463991880049	1952,8205317455577	3033,8883434363315	
1034,463991880049	1952,4065900310482	3030,642586022286	
1034,4627296626668	1952,0466722585938	3029,3701443411705	
1033,9344342213599	1951,6212515691586	3028,991339840161	
1033,9344342213599	1951,4235844011716	3028,2464755122783	
1033,9344342213599	1951,0045974692764	3026,498578603206	
1033,8200058854036	1950,6470002418223	3026,498578603206	416,14713498394013
1033,8200058854036	1950,3789893533797	3025,201521903285	
1033,579403639226	1950,0987261194773	3023,9640499073093	
1033,579403639226	1949,6742106471106	3022,2403176387083	
1033,579403639226	1949,302071523678	3022,2403176387083	
1033,391940538312	1948,9029217593759	3021,0469626880526	
1033,2435595871016	1948,632925208026	3020,8025401536665	
1033,2382232443213	1948,2852710073773	3020,8025401536665	
1032,75031190727	1948,0502740020177	3020,446534067582	
1032,6937044231606	1947,7092442474502	3017,377880578214	
1032,618004478497	1947,5196407611759	3017,377880578214	
1032,5593975098222	1947,202727024557	3017,377880578214	
1032,5593975098222	1946,9245753340576	3017,1181376763	
1032,5593975098222	1946,589994766702	3017,1181376763	
1032,5593975098222	1946,2417284343383	3016,2086488833475	
1032,3359704378188	1945,9786370700263	3016,2086488833475	
1032,2487387899068	1945,7918671745965	3016,2086488833475	
1032,0578839763214	1945,5489483714907	3015,459435506603	
1031,9564835264905	1945,2408808668415	3015,3054293734126	
1031,1104520398615	1944,8592231419898	3015,3054293734126	
1030,6929702671043	1944,602582772185	3015,299764948757	
1030,289943996986	1944,332355728369	3014,7174073533497	
1030,2260939412483	1943,768748729388	3014,7174073533497	
1030,0888547589655	1943,4750989514969	3014,210475016448	
1030,0874195338063	1943,19604353364	3013,5108169877017	
1030,0076436196202	1942,9639290794878	3013,1738341618056	414,33095375702806
1029,6542107225987	1942,6622964619323	3013,1003151515492	
1029,5749923335757	1942,4606492698501	3013,1003151515492	
1029,1591260375205	1942,250361880269	3012,4164381584064	
1028,6106044513306	1941,7794598746955	3011,8858390438995	
1028,6106044513306	1941,559029602302	3011,759447868625	
1028,5570528556282	1941,3147782409128	3011,294671970146	
1028,5570528556282	1941,0936007724904	3011,294671970146	
1028,1528636135254	1940,775283768421	3011,294671970146	
1028,1528636135254	1940,4332217805204	3011,227772113954	
1027,7019966771886	1940,171107006135	3010,8114435274842	
1027,7019966771886	1939,7428423327751	3010,378390384098	
1027,5025222947409	1939,4620987455708	3007,744061437938	
1027,3500990253458	1939,1468206606985	3007,636262966685	
1027,339868244059	1938,8371819362046	3006,8089543075603	
1027,3155069533773	1938,6144521706487	3006,8089543075603	
1026,9664365543383	1938,1827873986952	3004,7805464104276	
1025,9421303499867	1937,6903906464777	3002,0714273149706	
1025,9421303499867	1937,357122732636	3001,47454269578	
1025,6633981635034	1937,0562662702455	3000,978287837243	
1025,3477754716178	1936,7402225147393	3000,978287837243	
1025,3477754716178	1936,4254194163545	2998,3874784307063	
1025,3477754716178	1936,193257363757	2998,3338926080282	
1025,3477754716178	1935,9499050486952	2997,8024119937345	
1025,3477754716178	1935,7086886288366	2997,757065306572	
1025,2604532469945	1935,4382550820342	2997,274580979627	412,96832870223085
1025,1270864151963	1935,1062955236166	2996,0642207764918	
1024,717730312988	1934,9233761757473	2996,0642207764918	
1024,5689542795703	1934,7111426618096	2995,8420297305247	
1024,5689542795703	1934,4057710045856	2993,5980481286133	
1022,9572510749236	1934,0294392243043	2993,0262570539653	
1022,9572510749236	1933,9118310785466	2992,9921017536544	
1022,8797139756188	1933,694284508336	2992,9921017536544	
1022,6078801033519	1933,5152504674134	2992,9921017536544	
1022,3312672897914	1933,1925427526885	2992,973951167578	
1022,3312672897914	1932,8787711668817	2992,128718069027	
1022,3312672897914	1932,4939122572698	2992,128718069027	
1022,3027718049948	1932,1545063233325	2992,128718069027	
1022,3027718049948	1931,8948010848562	2991,7311494364576	
1022,2472168675739	1931,5892836445719	2989,886912544241	
1021,8100893392719	1931,3909911068426	2989,886912544241	
1021,7792835623203	1931,0933022922402	2989,886912544241	
1021,7792835623203	1930,890727118674	2989,679799259145	
1021,7792835623203	1930,562534173516	2989,328816077136	
1021,7792835623203	1930,2921770847443	2988,433408659511	
1021,6596248701092	1930,0518336424057	2988,2681438690674	
1021,6596248701092	1929,7739476550237	2988,2681438690674	
1021,3846429004952	1929,5624306664429	2988,232254868943	
1021,3846429004952	1929,3419672516666	2988,232254868943	
1021,3846429004952	1929,1042839876036	2986,7758552826	
1021,1996404317733	1928,8441125480347	2986,5929701350124	411,26671940033435
1021,1996404317733	1928,6493603871104	2986,5892025122926	
1021,1996404317733	1928,4288803201903	2985,857429770754	
1020,6422993938378	1928,20783129346	2984,879265488298	
1019,3554435100805	1927,9659491433881	2984,879265488298	
1019,3554435100805	1927,8616762410309	2984,879265488298	
1019,2038655584984	1927,6595281048199	2984,879265488298	
1019,2038655584984	1927,3513851350026	2983,7067611051775	
1019,2038655584984	1927,1876521890008	2983,5090345941244	
1019,1783049583709	1926,9543910370724	2983,2083059045913	
1019,091850254261	1926,725603224586	2983,2083059045913	
1019,091850254261	1926,5217881644055	2983,2083059045913	
1019,0257359869097	1926,288995917196	2982,568353170148	
1018,5048191989133	1926,0432252449061	2982,5585336808185	
1018,4935133479686	1925,657961796209	2982,0952608146604	
1018,4935133479686	1925,3842541636643	2980,850614542584	
1017,9489617481719	1925,1434318533052	2980,850614542584	
1017,8526674005262	1925,0042343335826	2980,850614542584	
1017,7857746156446	1924,874904718915	2980,3718935434667	
1017,7857746156446	1924,68144639838	2980,2996376423444	
1017,7857746156446	1924,5560077236314	2980,210651674837	
1017,1749786923496	1924,3508186186475	2979,9416822766552	
1017,1749786923496	1924,0670803441833	2977,516898367766	
1017,1244880365806	1923,6930301659688	2977,0608453230025	
1017,1244880365806	1923,4313754610785	2977,0608453230025	
1017,1244880365806	1923,1277850242134	2976,7486477443836	410,32338245986466
1017,1244880365806	1922,9628751360776	2976,522264296362	
1017,0729601241276	1922,6397071365745	2970,6295027129645	
1017,0729601241276	1922,4511181803225	2970,550283480694	
1017,0729601241276	1922,2469063790859	2970,550283480694	
1016,3721475268508	1922,0411815223986	2970,498755000766	
1016,3721475268508	1921,8250902073828	2970,166304993725	
1015,8994634771374	1921,492581425236	2968,9931481747703	
1015,8994634771374	1921,347086482246	2968,9931481747703	
1015,8994634771374	1921,1743945837416	2968,1326414219566	
1015,6927828099848	1920,980290118352	2968,1326414219566	
1015,6927828099848	1920,8094137553062	2968,110349843777	
1015,5552892991079	1920,441043423185	2965,569566318383	
1015,5552892991079	1920,1766588680389	2963,212047135933	
1015,5552892991079	1919,8784850245697	2963,1260924884677	
1015,548351833841	1919,6943716114172	2962,2295966997235	
1015,4461230484751	1919,3981529099512	2960,520606904239	
1014,6747685059698	1919,1480436908387	2960,520606904239	
1013,2593618643078	1918,8335014864986	2960,4242309312576	
1012,9155434726897	1918,6015884608537	2960,387505795571	
1012,551646727419	1918,4212058719067	2959,6052512142774	
1012,3085615729469	1918,1433189418367	2959,559397542527	
1012,1925377902352	1918,0282366315807	2959,559397542527	
1011,9018148472368	1917,8429595212322	2958,739988938785	
1011,6579863621938	1917,5130707187916	2957,9149309777345	
1011,6579863621938	1917,0914790064749	2950,3959850083356	407,99451675047936
1011,6579863621938	1916,8115461596776	2950,2879450803794	
1011,6579863621938	1916,57599341194	2950,1099514681864	
1011,4033462971177	1916,3733123009786	2949,923261821614	
1011,3233069201358	1916,2626391963868	2949,916501636429	
1011,3044634324852	1916,030093856823	2949,916501636429	
1011,3044634324852	1915,877925061067	2949,2420745380305	
1011,0635295337443	1915,5869232850612	2949,2420745380305	
1011,0305813454047	1915,3195487218875	2949,0997543692442	
1010,9007631784406	1915,0578163613081	2948,031011858972	
1010,9007631784406	1914,8360209944155	2946,8780966704844	
1010,8674662753652	1914,669699581949	2946,4527051869545	
1010,8674662753652	1914,5435945232875	2946,4527051869545	
1010,6707423236592	1914,329780991107	2945,036920929305	
1010,6496129792135	1914,1274796064076	2944,590992888768	
1010,071957242342	1913,8665270860458	2944,093315872767	
1010,071957242342	1913,7507102871816	2944,0738249653946	
1009,666609690565	1913,5806739530876	2944,0738249653946	
1008,5476826792785	1913,3447607706858	2941,46896297951	
1008,5407003897602	1913,0301532314306	2939,67562889668	
1008,5407003897602	1912,921007708267	2938,800943047621	
1008,5407003897602	1912,7301927727613	2938,800943047621	
1008,5407003897602	1912,4920619182667	2938,800943047621	
1008,5407003897602	1912,3001335932913	2938,800943047621	
1008,0538961232731	1912,0816159277194	2937,196455483403	
1008,0538961232731	1911,8396699620055	2937,190719629956	406,7228326093682
1008,0318667115928	1911,7140858797566	2937,190719629956	
1007,8233102994822	1911,508307001404	2937,190719629956	
1007,8233102994822	1911,301924251786	2936,886964905623	
1007,8233102994822	1911,1244849431612	2935,7855570011407	
1007,7574979651465	1910,9125278939741	2935,7855570011407	
1007,1671863981346	1910,7320916130402	2935,7855570011407	
1007,1472064312022	1910,5053711909902	2935,7855570011407	
1005,5056745933388	1910,1382830090402	2935,4376994096556	
1005,4382303526542	1909,9413600313171	2934,659406272214	
1005,2370889824764	1909,7699294920544	2932,091934026215	
1004,8774528693327	1909,513848317117	2932,074584765331	
1004,8774528693327	1909,3933909419522	2932,074584765331	
1003,6360695520152	1909,244688667325	2932,074584765331	
1003,4960855839374	1908,9996055034956	2929,2314001719296	
1003,4960855839374	1908,7936508763316	2929,0180738328145	
1003,3264545423227	1908,605046627041	2929,0180738328145	
1003,3264545423227	1908,4410613129126	2929,0180738328145	
1003,0271061666162	1908,2610191155366	2929,0180738328145	
1002,7740042999973	1908,1360161051684	2929,0180738328145	
1002,7740042999973	1907,868608732229	2928,1211518064083	
1002,7740042999973	1907,7335014200467	2928,1211518064083	
1002,7740042999973	1907,495952317487	2928,1211518064083	
1002,7740042999973	1907,27036333398	2928,1211518064083	
1001,9893829420955	1906,962258030061	2924,400633598989	
1001,9893829420955	1906,6108238555198	2923,706283539667	405,48426128465854
1001,9893829420955	1906,4161028200188	2921,3577235079765	
1001,9893829420955	1906,303238629826	2921,3577235079765	
1001,9893829420955	1906,0946534327447	2919,9468258216716	
1001,769975969002	1905,8870563963862	2919,8829462068084	
1001,769975969002	1905,6886355498177	2919,4431422667612	
1001,5406257361669	1905,5581053196613	2919,4431422667612	
1001,0911816795207	1905,4210918327608	2919,4431422667612	
1001,073800203759	1905,2693097371623	2919,0870875542187	
1001,073800203759	1905,160123810652	2919,0870875542187	
1001,0173440539484	1905,0138521020353	2919,0563780009443	
1001,0173440539484	1904,8993376663948	2919,0563780009443	
1001,0173440539484	1904,7406602116616	2919,0563780009443	
1000,8830865991187	1904,6040627937346	2919,0563780009443	
1000,8830865991187	1904,4146817871817	2919,0563780009443	
1000,8830865991187	1904,2982611000712	2918,5810519898973	
1000,8830865991187	1904,1486944723429	2918,533723306264	
1000,8830865991187	1903,8958999775223	2918,533723306264	
1000,8830865991187	1903,7298759201426	2917,5629490227257	
1000,8830865991187	1903,5614288087652	2917,5629490227257	
1000,8830865991187	1903,413889851388	2917,1493207659382	
1000,8830865991187	1903,342486885486	2917,1493207659382	
1000,8830865991187	1903,1953622093363	2915,794699942084	
1000,8830865991187	1903,0893849153435	2915,794699942084	
1000,8830865991187	1902,9144913704558	2915,656348714774	
1000,5319556799087	1902,7214964000534	2915,4427386802545	404,8535122673134
1000,5319556799087	1902,568287977324	2915,4427386802545	
1000,5319556799087	1902,4298600659358	2915,4427386802545	
1000,3156628150928	1902,3154550915365	2915,04272801115	
1000,3156628150928	1902,1723451436785	2915,04272801115	
1000,3156628150928	1902,087660108661	2915,04272801115	
1000,3156628150928	1901,9034292754586	2914,749622347472	
1000,3003023822852	1901,778268766233	2914,749622347472	
1000,3003023822852	1901,6737661878767	2914,749622347472	
1000,3003023822852	1901,5742145534482	2914,681036819422	
1000,3003023822852	1901,4583063744517	2914,681036819422	
1000,3003023822852	1901,2795508887855	2914,681036819422	
999,9340526782415	1900,9846932085932	2914,681036819422	
999,2577829706795	1900,6756435677034	2914,681036819422	
999,2577829706795	1900,5650837660742	2914,681036819422	
999,2577829706795	1900,421391717728	2914,681036819422	
999,2577829706795	1900,2947781677929	2914,681036819422	
999,2577829706795	1900,1972909833805	2914,681036819422	
999,2577829706795	1900,0583207343295	2914,681036819422	
999,2323729007211	1899,8370055916469	2914,681036819422	
998,53677202061	1899,647465391809	2914,681036819422	
998,53677202061	1899,4670709055126	2914,681036819422	
998,53677202061	1899,3499501617862	2913,5877841979627	
997,832685123538	1899,17912647056	2913,5877841979627	
997,832685123538	1898,996533316656	2913,5877841979627	
997,7715218755891	1898,7951968767945	2913,5877841979627	404,71033057294886
997,7715218755891	1898,5707139693436	2913,557357074902	
997,7715218755891	1898,4133942711508	2913,405568221108	
997,7715218755891	1898,23364587335	2912,6531720192957	
997,7715218755891	1898,0688879175464	2912,178710202678	
997,7715218755891	1897,9082664863856	2912,178710202678	
997,7715218755891	1897,7890654650419	2912,178710202678	
997,7387351057617	1897,5861039995984	2912,178710202678	
997,7387351057617	1897,4776985274052	2912,178710202678	
997,6052337511771	1897,3291412717879	2911,2544216851966	
997,5593060885062	1897,2188122784728	2911,185484404104	
997,5593060885062	1897,0573511720684	2911,185484404104	
997,5593060885062	1896,914938016862	2910,8326397605906	
997,5593060885062	1896,8348809521806	2910,5876287497913	
997,5593060885062	1896,6867691407085	2910,5876287497913	
997,5593060885062	1896,512026405845	2910,3617442335762	
997,4717641212704	1896,3885995577723	2910,3617442335762	
997,4717641212704	1896,1393720297274	2908,3977548949442	
997,1270112101193	1895,9088087541907	2908,1490780481377	
997,1270112101193	1895,7781732522749	2908,1490780481377	
997,1055046604508	1895,5484024260265	2908,1490780481377	
997,1055046604508	1895,4559481501208	2906,982584210129	
997,1055046604508	1895,3392985971686	2906,916040726059	
997,1055046604508	1895,1926258271133	2906,916040726059	
997,1055046604508	1895,119234887331	2906,916040726059	
996,8344962669964	1894,8880249855088	2906,916040726059	403,8390119848358
996,6649624136575	1894,7357391706134	2905,77263662444	
996,6649624136575	1894,5615970703473	2903,37403437141	
996,6649624136575	1894,365087892723	2903,37403437141	
996,6649624136575	1894,2682793480658	2903,37403437141	
996,6649624136575	1894,1393104623992	2903,37403437141	
996,6649624136575	1893,929426969237	2901,093616238008	
996,6350189481186	1893,5878433488976	2889,943848553221	
996,6350189481186	1893,438186732263	2887,5287653269174	
996,6350189481186	1893,3033134930074	2887,5287653269174	
996,6350189481186	1893,1820898394963	2887,5287653269174	
996,4914924371643	1892,8945162202563	2880,9489249926223	
996,4914924371643	1892,7485015843981	2880,646600375962	
996,4914924371643	1892,603293953288	2880,4653171299105	
996,4881307069289	1892,465329255755	2879,3245515365793	
996,4881307069289	1892,3809192954732	2879,3245515365793	
996,4350758601325	1892,2644317701538	2879,3245515365793	
996,4350758601325	1892,1800336392466	2879,3245515365793	
996,1102711576932	1892,0067848013534	2879,3245515365793	
996,1004133326923	1891,876471217211	2879,274549104649	
995,8480440908342	1891,641510433893	2878,4411030588158	
995,355905396805	1891,4829985103622	2876,287527266054	
995,0673935799293	1891,3610833205496	2876,287527266054	
994,1893751016399	1891,2092919422666	2876,287527266054	
994,0850839277747	1891,0884409548403	2876,287527266054	
992,4638498110774	1890,9121614312003	2876,287527266054	401,14135317212725
992,4638498110774	1890,7822558870073	2876,287527266054	
992,4638498110774	1890,6079345405444	2876,246568885233	
992,4638498110774	1890,3551592813951	2876,246568885233	
992,463125614318	1890,095255691457	2876,2214094233473	
992,463125614318	1890,0355020602028	2876,2214094233473	
992,463125614318	1889,8464440663436	2874,4795743671716	
992,4492416261633	1889,7175788799123	2874,464845846941	
992,2020982154614	1889,5664292231677	2873,610267486105	
992,1984170366799	1889,4600270810788	2873,610267486105	
992,1984170366799	1889,3368776210125	2873,610267486105	
992,1984170366799	1889,1777770995511	2873,610267486105	
992,0917024260422	1889,0470176408624	2872,985670492261	
991,8874175844439	1888,8945585374959	2872,985670492261	
991,382868797726	1888,7366582999114	2872,39896378107	
991,3607764200847	1888,6803845152783	2872,39896378107	
991,3607764200847	1888,5604426780767	2871,787260776782	
991,3607764200847	1888,4888659960184	2871,787260776782	
991,3607764200847	1888,3902794814264	2870,938884754181	
991,3607764200847	1888,2154080882206	2869,384544377706	
991,3607764200847	1888,1320791866895	2868,850313592591	
991,3607764200847	1887,9291567364592	2868,850313592591	
991,3126545515748	1887,8460088948457	2868,2342085244	
991,170725938415	1887,7261332398214	2868,2342085244	
991,170725938415	1887,6493052637445	2868,2342085244	
990,8218305492991	1887,4762221719755	2868,2342085244	400,3866332358668
990,6254151452545	1887,386566515458	2868,1517267791746	
990,4039811799037	1887,2613727386615	2868,1517267791746	
990,4039811799037	1887,1211131524042	2868,1517267791746	
990,4039811799037	1886,8987297825445	2867,2047840076557	
990,0771493921621	1886,767568093548	2867,2047840076557	
989,7567908328648	1886,6878488632244	2867,2047840076557	
989,3179400262806	1886,5470089410967	2866,45183432679	
989,3179400262806	1886,3848149419553	2866,45183432679	
989,3179400262806	1886,2483502528141	2866,45183432679	
989,316806303295	1886,1670775079706	2866,45183432679	
989,316806303295	1886,1145216634395	2866,45183432679	
989,316806303295	1885,9793136574035	2866,45183432679	
989,316806303295	1885,9309205357404	2866,342622800703	
989,2286184038587	1885,8167669818401	2866,315059299501	
989,2286184038587	1885,7525830497761	2866,315059299501	
989,2286184038587	1885,5962813055514	2866,315059299501	
988,8749083884035	1885,42709271954	2865,1314615368888	
988,6642467183796	1885,2598463353054	2865,1314615368888	
988,6642467183796	1885,1173485340748	2864,5679715738866	
988,6642467183796	1885,0318089401067	2863,3832145722154	
988,6642467183796	1884,9502462251705	2861,805165192922	
988,6642467183796	1884,7486076989517	2860,238148432903	
988,6642467183796	1884,590126665761	2859,9232503034955	
988,6642467183796	1884,5071209378916	2859,898327566644	
988,4385318591983	1884,3332956938311	2859,826522546704	399,682411245784
988,2213706734401	1884,2123897540173	2859,826522546704	
988,1368213295333	1884,1360859057586	2859,826522546704	
988,123429220652	1884,0173757237703	2859,8262287179778	
988,123429220652	1883,827386844975	2858,267700608153	
988,123429220652	1883,6473381196242	2856,318004523144	
988,123429220652	1883,5031865099775	2855,3218697784628	
988,123429220652	1883,330660761548	2855,1240997566865	
988,0808641090138	1883,2530052365228	2855,04249713224	
988,075849300093	1883,1660140842048	2854,6464489345094	
987,9453429310786	1883,0085815694501	2854,58794208285	
987,836050950185	1882,8896487514523	2854,4905195939764	
987,836050950185	1882,7063260248565	2854,205003943142	
987,836050950185	1882,5215083836752	2852,1644160826836	
987,6706106324041	1882,38254606731	2851,8466185723855	
987,6706106324041	1882,2550759185783	2851,8466185723855	
987,5187233950082	1882,0904644318166	2851,8466185723855	
987,5187233950082	1882,0286700279016	2851,8466185723855	
987,4922937623097	1881,8390808647514	2851,8466185723855	
987,4922937623097	1881,7212973433227	2851,8466185723855	
987,0160446022721	1881,5764782152778	2851,8466185723855	
986,6468060752982	1881,4425973248985	2851,5457035455365	
986,583870302244	1881,3452401930806	2851,5457035455365	
986,1948523650925	1881,270011210611	2851,5457035455365	
985,952111481217	1881,172087618951	2850,1618105628418	
985,952111481217	1881,0659394784861	2850,1618105628418	398,81284042538726
985,952111481217	1881,0290593347765	2850,1618105628418	
985,952111481217	1880,8404828618548	2850,1618105628418	
985,952111481217	1880,7454219544898	2850,1618105628418	
985,952111481217	1880,6226937172164	2850,1618105628418	
985,952111481217	1880,5094557165098	2850,109804890378	
985,7765191427283	1880,389934360168	2850,109804890378	
985,7765191427283	1880,32296975446	2849,496542470609	
985,7765191427283	1880,2148700345379	2849,496542470609	
985,7765191427283	1880,1246266929695	2849,055364988973	
985,7765191427283	1879,910608159873	2849,055364988973	
985,7765191427283	1879,7985280636467	2849,055364988973	
985,7687064352015	1879,7164298139853	2849,055364988973	
985,7687064352015	1879,5910415738451	2849,055364988973	
985,7687064352015	1879,419540657795	2849,055364988973	
985,7687064352015	1879,2982168776548	2848,8501926754425	
985,2275203926786	1879,1429733160178	2848,8501926754425	
985,2092866589301	1879,0584249476465	2848,8501926754425	
985,2092866589301	1878,9976048087601	2848,8501926754425	
985,2092866589301	1878,8834618665624	2848,8501926754425	
985,2092866589301	1878,792753643539	2848,432092169817	
985,2092866589301	1878,7220785226375	2848,432092169817	
984,7831986578865	1878,5497688674157	2848,432092169817	
984,7831986578865	1878,4607835485035	2848,432092169817	
984,7831986578865	1878,3710099236473	2848,432092169817	
984,7350287276636	1878,2822025824862	2848,1277793063286	398,23947114026544
984,4061461829193	1878,124868881789	2848,1277793063286	
984,4061461829193	1878,041991012547	2847,986270661358	
984,2858792291922	1877,9870855691315	2847,9504614487673	
984,2858792291922	1877,8508545400825	2847,3252625718433	
984,2858792291922	1877,7565142837834	2847,3252625718433	
984,2858792291922	1877,638108517753	2847,3252625718433	
984,2713906861603	1877,516664142348	2847,3252625718433	
983,8367167659177	1877,4041105747053	2847,3252625718433	
983,6479903452583	1877,2671862573854	2847,3252625718433	
983,6479903452583	1877,1571755479554	2847,3252625718433	
983,6479903452583	1877,0695688421783	2846,827767754885	
983,6479903452583	1876,9383425353083	2846,780933441472	
983,6479903452583	1876,7708085267047	2845,7118928948767	
983,54926248043	1876,6663581763814	2845,7118928948767	
983,54926248043	1876,5653233485561	2845,7118928948767	
983,54926248043	1876,4109072543954	2842,905513971327	
983,3466767652347	1876,2851843355165	2842,6054317493895	
983,3266784944516	1876,204639778319	2842,6054317493895	
983,2458591243034	1876,1397576847478	2842,6054317493895	
983,2458591243034	1876,0156444279241	2842,6054317493895	
983,2458591243034	1875,9272065405685	2842,398635004196	
983,2458591243034	1875,7630526905805	2842,398635004196	
983,2458591243034	1875,598875237513	2842,398635004196	
983,2458591243034	1875,5227105139418	2842,398635004196	
983,0741656795689	1875,3842738296341	2841,3599978849898	397,59533527086154
983,0741656795689	1875,2585049603265	2841,3599978849898	
983,0741656795689	1875,135652378902	2841,3599978849898	
983,0673062338891	1875,0562747008378	2841,2427280039456	
983,0673062338891	1874,9543515818877	2841,0485826957242	
983,0673062338891	1874,845217192602	2841,0485826957242	
983,0673062338891	1874,7685833644227	2841,0485826957242	
983,0673062338891	1874,691222880598	2840,962143864208	
982,854804372165	1874,376509822075	2840,962143864208	
982,854804372165	1874,264737172781	2840,962143864208	
982,854804372165	1874,1184330477322	2840,962143864208	
982,854804372165	1874,0129042894469	2840,796222053945	
982,854804372165	1873,8767687646528	2840,796222053945	
982,7355467421261	1873,691542215013	2840,5520761631765	
982,7355467421261	1873,6054094211866	2840,5520761631765	
982,7355467421261	1873,4999128569032	2840,1187003169885	
982,7355467421261	1873,340090327342	2840,1187003169885	
982,7355467421261	1873,2429964857758	2840,1187003169885	
982,7355467421261	1873,1268216486083	2840,1185489932045	
982,7355467421261	1873,0433612246657	2840,1185489932045	
982,7355467421261	1872,9694036984795	2840,1185489932045	
982,7355467421261	1872,879882434141	2840,0570430665766	
982,3576064937935	1872,8194277977298	2840,0570430665766	
982,3576064937935	1872,761325030441	2839,9895863367437	
982,3576064937935	1872,7009263207774	2839,9895863367437	
982,3576064937935	1872,551719412928	2839,9895863367437	397,54985965786085
982,0024484160306	1872,437348026879	2839,9895863367437	
981,8932729259074	1872,3218249652034	2839,5234135193564	
981,8572620455703	1872,1580795020034	2839,3794160289654	
981,624165523392	1872,0625722828931	2839,3794160289654	
981,624165523392	1871,983372049553	2838,9308512169955	
981,624165523392	1871,8885533465707	2838,1992600817666	
981,624165523392	1871,7815104704785	2838,1992600817666	
980,868143092622	1871,666851525331	2838,1992600817666	
980,868143092622	1871,6042322751084	2838,1992600817666	
980,868143092622	1871,4943311171653	2838,1992600817666	
980,868143092622	1871,3712643744252	2837,412604207345	
980,868143092622	1871,270573556053	2837,412604207345	
980,868143092622	1871,223398220818	2837,412604207345	
980,868143092622	1871,118688050748	2837,3145603789076	
980,868143092622	1870,8766650072141	2833,926261601882	
980,868143092622	1870,8115694113017	2833,926261601882	
980,868143092622	1870,7182134516413	2832,7121766470123	
980,868143092622	1870,6138533787016	2832,7121766470123	
980,868143092622	1870,5088488406059	2832,7121766470123	
980,868143092622	1870,4138534122226	2832,7121766470123	
980,868143092622	1870,310622639788	2832,7121766470123	
980,7468746599266	1870,2433865812459	2832,7121766470123	
980,7468746599266	1870,1251415999413	2832,5533208013844	
980,7468746599266	1870,003131239047	2830,188964029413	
980,7468746599266	1869,9149421354596	2830,188964029413	397,0944455965182
980,286496001827	1869,820983040403	2830,188964029413	
980,286496001827	1869,6785554722678	2830,188964029413	
980,0659366101244	1869,55106352033	2829,9304238526797	
980,0659366101244	1869,443377084414	2829,9304238526797	
980,0659366101244	1869,4001233009358	2829,9304238526797	
980,0659366101244	1869,2986636811372	2829,9304238526797	
980,0659366101244	1869,159949983553	2825,5854066578745	
980,0659366101244	1869,0776604798673	2825,5854066578745	
980,0659366101244	1868,9287243565873	2823,7721056269506	
980,0659366101244	1868,7693797025547	2823,7680915094593	
980,0659366101244	1868,6822294234082	2823,7680915094593	
980,0659366101244	1868,530269463259	2822,1197866050084	
980,0659366101244	1868,449608520182	2822,0539863629015	
980,0659366101244	1868,31148012202	2822,0539863629015	
980,0659366101244	1868,1941596199053	2822,0539863629015	
980,0659366101244	1868,0899372954655	2822,0539863629015	
980,0659366101244	1868,0086899080304	2822,0539863629015	
980,0308156329609	1867,9711720342777	2822,0539863629015	
979,6180725748305	1867,894010908847	2822,0539863629015	
979,44380914019	1867,776452165182	2821,3850554981577	
979,2792522948935	1867,7222912863276	2821,3850554981577	
979,2792522948935	1867,6368317197325	2821,3850554981577	
979,2792522948935	1867,5115103933774	2821,3850554981577	
979,2283783306716	1867,40829957704	2821,3850554981577	
976,3343747349161	1867,1581400352509	2821,3850554981577	396,5862049359355
976,3343747349161	1867,143384924777	2821,31023328084	
976,3343747349161	1866,9942123077062	2821,31023328084	
976,3343747349161	1866,9027331012433	2821,31023328084	
976,3343747349161	1866,8228830207272	2821,31023328084	
976,3343747349161	1866,7347728927812	2821,204361185406	
976,2514755271027	1866,664009313567	2821,031819211032	
976,2514755271027	1866,5193568886255	2821,031819211032	
976,2514755271027	1866,4227791101614	2820,8731782017626	
976,2514755271027	1866,321632683909	2820,8731782017626	
976,2514755271027	1866,2435484700648	2820,8731782017626	
976,2514755271027	1866,1706323556336	2820,715761952439	
976,2514755271027	1866,1101097256076	2819,7188300692374	
976,1131233938743	1866,038249368077	2819,7188300692374	
976,1131233938743	1865,9561903679446	2819,535759255123	
976,1131233938743	1865,8987918223468	2818,679790314919	
976,1131233938743	1865,7277332892047	2815,6811213547267	
976,1131233938743	1865,6447059311906	2815,6811213547267	
976,1131233938743	1865,5580016396548	2815,671724470291	
976,1131233938743	1865,3737057816907	2815,671724470291	
976,1131233938743	1865,3330567961832	2815,671724470291	
976,0428044669416	1865,2713169806707	2815,671724470291	
976,0428044669416	1865,1937738394083	2815,671724470291	
976,0428044669416	1865,1498887652667	2815,671724470291	
975,865839169657	1865,0239272235963	2815,671724470291	
975,865839169657	1864,920077168845	2815,671724470291	395,9153043846067
975,865839169657	1864,8189550628967	2815,671724470291	
975,8289062138309	1864,7397614714503	2814,534666934598	
975,8289062138309	1864,6409512573746	2813,6235246707242	
975,695681493803	1864,6035207890031	2813,6235246707242	
975,695681493803	1864,5545299173034	2813,6047310563713	
975,695681493803	1864,4522497392056	2813,6047310563713	
975,695681493803	1864,3996090832159	2813,6047310563713	
975,695681493803	1864,323900393471	2813,5715268133936	
975,695681493803	1864,2852045299112	2813,487248034543	
975,695681493803	1864,1562516964386	2812,6711670414647	
975,695681493803	1864,028466019694	2812,6711670414647	
975,695681493803	1863,936253249425	2812,6711670414647	
975,6192455255389	1863,8508348556122	2812,1408170997324	
975,6036122053407	1863,7776015283155	2812,1408170997324	
975,4123641095473	1863,6899318600842	2812,1408170997324	
975,4123641095473	1863,6276035796338	2812,1015099569395	
975,4008754193646	1863,5211645003437	2812,1015099569395	
975,4008754193646	1863,4776760961677	2812,1015099569395	
975,4008754193646	1863,2884137738304	2812,1015099569395	
975,4008754193646	1863,2235254649702	2812,1015099569395	
975,4008754193646	1863,1605267083683	2812,1015099569395	
975,4008754193646	1863,0657043677024	2812,021317400475	
975,4008754193646	1863,0319365120608	2812,0202944535426	
975,1350860454083	1862,962403416593	2812,0202944535426	
975,1350860454083	1862,8536772472883	2812,0202944535426	395,4631654026072
975,1350860454083	1862,755847572972	2811,218143596191	
975,1350860454083	1862,729924932491	2811,1083249534895	
975,1350860454083	1862,6633277472743	2811,1083249534895	
975,0649518856789	1862,617338147474	2811,1083249534895	
975,0649518856789	1862,486332074131	2810,921974495618	
975,0649518856789	1862,40510954975	2810,921974495618	
975,0558011610613	1862,299707866207	2810,7016153347654	
975,0558011610613	1862,1990492773627	2810,449691010868	
975,0558011610613	1862,0907814117663	2810,156672556608	
975,0558011610613	1862,025932240484	2809,9028948466234	
975,0558011610613	1861,972691236855	2809,9028948466234	
975,0558011610613	1861,8558357763293	2809,9028948466234	
975,0558011610613	1861,804301931027	2808,3739075097947	
975,0558011610613	1861,7304284048637	2808,3739075097947	
975,0558011610613	1861,6416429375502	2807,8664936604823	
975,0558011610613	1861,534841208324	2806,5534718828917	
975,0558011610613	1861,4350880722477	2806,5534718828917	
975,0558011610613	1861,3798166445151	2806,5534718828917	
975,0558011610613	1861,3326898897808	2806,5534718828917	
975,0558011610613	1861,2331375144684	2806,5534718828917	
974,9615824841685	1861,1296536334273	2806,5534718828917	
974,2577771204141	1861,0394257532832	2806,5534718828917	
974,2577771204141	1860,9671911813532	2806,5534718828917	
974,2577771204141	1860,9009295197156	2805,6936553858527	
974,2116623352474	1860,7865154274687	2805,6936553858527	394,9880354410288
974,2116623352474	1860,688224615727	2805,6936553858527	
974,2116623352474	1860,6556420054496	2805,2807090999136	
974,2116623352474	1860,5276063998765	2805,2807090999136	
974,2116623352474	1860,4108413230629	2805,2807090999136	
974,2116623352474	1860,2994465785073	2805,2620868723984	
974,1315085494747	1860,2606597951876	2805,2620868723984	
974,1315085494747	1860,1760247142813	2803,374474071428	
974,1315085494747	1860,0428639167137	2803,374474071428	
974,1315085494747	1859,9952912450608	2803,374474071428	
974,1315085494747	1859,885801761986	2803,374474071428	
974,1315085494747	1859,8503786318438	2803,3565097937058	
973,7046776570425	1859,810573290833	2803,3565097937058	
973,7046776570425	1859,7414378763756	2803,3565097937058	
973,7046776570425	1859,628454262027	2803,3565097937058	
973,7046776570425	1859,5631073339289	2803,3565097937058	
973,7046776570425	1859,477182593331	2803,1158314277227	
973,695921189056	1859,3562197732444	2803,1158314277227	
973,695921189056	1859,2299954173734	2802,625759611685	
973,695921189056	1859,161627489712	2802,625759611685	
973,6958131098467	1859,072529293046	2802,580938869873	
973,6331035687643	1858,9728983347961	2802,580938869873	
973,6331035687643	1858,9442204612697	2802,101575118388	
973,6331035687643	1858,795615405859	2801,668860093797	
973,5582645377008	1858,7396737865274	2801,668860093797	
973,5582645377008	1858,6113815656074	2801,668860093797	394,5886030771669
973,5582645377008	1858,5597717676533	2801,613881971416	
972,8738721986832	1858,448333694489	2801,6102718975226	
972,8738721986832	1858,322314162142	2801,6102718975226	
972,8738721986832	1858,270243465042	2801,433632895397	
972,845585274101	1858,205290684436	2801,3737140275275	
972,845585274101	1858,113654041325	2801,3737140275275	
972,845585274101	1858,0215980317935	2800,4681284565163	
972,845585274101	1857,9423787187898	2800,4681284565163	
972,8240604537563	1857,8627723727354	2800,4681284565163	
972,8240604537563	1857,7912590625024	2800,4681284565163	
972,7714589628217	1857,7460654023976	2799,9244195869046	
972,7714589628217	1857,7116641415178	2799,9244195869046	
972,7714589628217	1857,5688114902366	2799,9244195869046	
972,7714589628217	1857,4789862607306	2799,9244195869046	
972,7714589628217	1857,3832485819048	2799,9244195869046	
972,7714589628217	1857,2484360515364	2797,995206111287	
972,7714589628217	1857,162105037234	2797,995206111287	
972,7714589628217	1857,1005814219825	2797,7404197289998	
972,7714589628217	1857,043409783419	2797,7404197289998	
972,7714589628217	1856,9877253651084	2797,7404197289998	
972,5844275797847	1856,9569173033021	2797,7404197289998	
972,5844275797847	1856,9190952704998	2797,7404197289998	
972,5844275797847	1856,8007207153898	2797,7404197289998	
972,5844275797847	1856,7054286265775	2797,7404197289998	
