2696,0134120641424	3927,801573731049	5161,992122531329	560,2847529764499
2537,842658207821	3668,2197646648424	4843,237156834872	
2393,4769757631834	3433,880416210873	4575,797668201686	
2249,9562068531527	3218,190888082758	4273,631454673463	
2104,788537458863	3022,7134690494654	4031,293506567844	
1994,170713819189	2854,028651622882	3792,190681188586	
1872,1925759094581	2694,2602898110713	3592,2812480352777	
1778,445955753553	2541,1817252821165	3364,5492598186247	
1657,371769601763	2392,363163223398	3214,4796902233725	
1573,2343060925011	2271,836486808996	3069,2112175649963	
1495,3193325134791	2140,1482483371005	2893,498514755742	
1428,064794213962	2026,3418259557213	2716,2954372831423	
1349,2827444490476	1924,751623917554	2597,1896899257144	
1273,2909646282747	1827,577490514949	2462,2972892389944	
1216,7752803316857	1736,5190097329937	2362,742635190819	
1153,0956019385442	1653,5273377304973	2270,20583693381	
1122,33129088875	1578,9503130459434	2178,9138416255937	
1072,2108200355149	1510,7830101450859	2071,7770198414723	
1032,4491654690535	1444,8176601360026	2015,5817375312288	
983,7953286890988	1385,9560179695875	1885,4534290163588	
949,8022698631311	1327,0043420624436	1806,7965869647662	
915,7841754937617	1270,821090099412	1756,0887633814136	
888,4749118448318	1226,917450562073	1691,722430919303	
857,6137434878841	1186,3980274884289	1625,8650407814812	
832,0967710206978	1145,2775349631038	1569,9952926754622	
803,8632032445004	1107,658104666226	1551,7419160682102	161,1703587635016
793,2166625963662	1077,3242534527367	1482,324110373679	
772,9111503061616	1043,8625767892438	1437,310993235286	
754,1169856640303	1013,0387493408296	1393,6983937659563	
745,8946887526279	992,5093690050901	1356,8345800996365	
730,7054675970201	967,1678991624442	1331,1800687541563	
719,4740117706896	947,158924692818	1307,1386495203574	
713,036255601413	930,1259136788769	1287,6860201203563	
704,3335357299154	917,024811260491	1278,1753947721666	
695,22004226496	900,4004636906361	1250,0503855396003	
688,9490918347141	884,6891950337553	1232,900339481459	
681,2785822039897	873,3511070417828	1215,7747277756116	
674,712128262401	862,0407499807136	1196,189167767524	
670,2856664244832	850,4736680737151	1164,158144867804	
662,2437009401833	839,9545633950672	1162,240306722032	
659,2167557572852	835,1541041826847	1172,6902468980602	
655,8800069425228	828,5860516402813	1137,5511220658454	
651,1547858151342	821,9914407611813	1132,0148604204126	
649,1131391852257	814,7097121760638	1123,404562950292	
647,0334632965233	811,552677716966	1108,5415217273933	
644,7297744488097	802,1467155142223	1099,7696014418484	
640,9789937326307	799,035023467824	1096,8972686912787	
636,157537588522	796,1525387926392	1106,907429353814	
637,9306916903973	792,5819552561387	1099,169146300425	
634,1245146002325	786,376668546186	1083,0780688473576	
631,485072400343	784,7814396147303	1079,9103127696978	96,33845975955929
634,0657731589013	784,2058127852056	1079,5118772934784	
632,2989160605183	782,4465467377921	1079,2644357146676	
632,8900237450848	781,444108168464	1064,602626317216	
631,2768447799534	779,1471038864354	1073,0847294208534	
630,2505705010633	775,5795397930784	1056,9877244713573	
630,9899043912806	770,6789609765567	1040,5645221004534	
627,9786519589893	768,7015220662705	1058,9734686006852	
627,8007445089092	768,0408757153298	1054,3493127640797	
625,911343746991	762,8081029864579	1037,2250938739887	
624,9477655528827	763,3595774795723	1045,3955285171737	
627,2217712218572	764,0168070143975	1037,913886308026	
625,7510219995485	766,0687146627901	1052,7561858747092	
625,5957441994065	764,7647259267189	1036,2538298799052	
623,8960347463319	764,0203864758729	1055,0812932364186	
627,716887255321	766,2586863003822	1040,7370690390503	
626,6521091914018	764,6535535249003	1041,8489444491588	
625,0556239944244	764,3229794638328	1040,3853252027561	
622,9907663101997	763,0443071222304	1041,5309184657237	
622,2903515703073	762,7290715097525	1041,3471581122553	
622,9503526549815	759,2774974925593	1046,9376055339376	
624,5801324994977	762,7881552560976	1048,9998605890619	
622,1536145973645	760,1112866931694	1021,7723569241022	
622,912306282513	759,6531120801965	1046,0935865175998	
623,8173723561066	759,8324656056969	1053,010301087141	
621,9197329275449	759,70630600273	1044,1266444036264	91,08367810469974
621,4674643019544	758,4229856675688	1035,8970605093348	
620,6713668014055	757,8583878851937	1026,6660509785306	
620,931355920201	757,6128047005518	1028,385187218147	
621,5949333384458	757,857867371503	1040,6414224454602	
619,8897576304208	760,1336536159563	1046,7277649591256	
622,5269900591164	758,6083474679257	1033,2855508871899	
620,7576207396884	756,4884081231855	1040,0166796882236	
623,784002218311	756,4953369025002	1030,8035717230107	
624,2389569678085	759,5899087498693	1041,3023895363224	
622,583014256911	759,6939255245088	1031,2028706732192	
622,2873574103196	758,5853692821124	1039,5142462606423	
622,7720824063141	761,6498800351573	1047,0050076774676	
622,8491269543381	760,8641756756468	1054,0589159586455	
623,4713947781518	758,9154884934541	1040,644087056048	
622,3388499340306	758,508881933955	1027,9010043761411	
620,361007954314	758,8034280722298	1039,2448740565806	
624,0854304136094	760,5477035671814	1037,7351315072258	
622,8966274467828	761,0208601164725	1039,862727672701	
624,7800789768777	762,4747604012413	1033,6696722987197	
624,736655546768	765,3344522969388	1056,9286093867433	
623,0580467238564	762,5460144917134	1031,696026759397	
622,275112179851	759,5340303506346	1053,1274577906222	
626,0435365649269	760,8644247723889	1039,2996466399993	
624,9276086521293	759,5262381138788	1034,6444379916113	
623,2807927253485	759,8963526087391	1041,5879225650724	90,813639306016
624,5607261819179	759,872296409013	1036,8617770288722	
621,2498988584671	759,5421442829419	1024,718778327406	
621,0087695279376	759,988397428463	1033,255699727607	
623,8523993943459	761,8623452101762	1043,907139778183	
622,3114960667151	762,1232737352349	1048,5402464246276	
622,7496173389428	761,1057618871004	1042,7530693513477	
623,2892251470432	762,3833182532107	1036,5606188929587	
623,3255319512559	762,8872467112524	1044,17713751369	
623,9291355782917	760,8916589012623	1038,8482508005454	
622,4289742210069	759,7739285818766	1036,8445031092203	
621,2605368700894	757,5249474202745	1030,9702265905808	
622,4684167384111	758,3523730528012	1044,967082886037	
618,9932129450607	755,8870836387836	1033,4415781585042	
618,7293042666158	756,3396896706743	1021,5197489305856	
619,2776064634049	753,772124945104	1022,1434281961715	
617,6609724259273	751,4433855376063	1020,944410654067	
616,4743222758342	751,1685771334205	1029,0740317983127	
619,3200161575647	751,857579398937	1018,6858066238985	
620,2375642465297	749,7942897115718	1010,3920341577012	
620,0637258456843	751,4245890391752	1028,3445996890302	
619,0557126460947	752,2756386510969	1029,4470796067458	
618,991875302188	752,6002250185753	1021,9596598548611	
618,3377199926698	751,9997973002057	1027,4042573992147	
622,054489325672	752,961446052007	1038,1228111706241	
619,1476587173916	755,4169958268526	1021,7451710539749	89,20567515120203
619,0112252304979	753,2770595144277	1023,3778328565621	
621,4707519237948	755,135423201508	1031,2471011051657	
620,8774492561416	755,1475276445258	1038,9577238350219	
623,3833687788266	757,3903605200372	1042,970875829968	
623,942472223402	758,7772916033351	1044,489168746421	
621,7852140503062	760,0394689679814	1056,1351889710722	
619,513147799607	760,5842185124471	1049,4627532812099	
621,7608524821758	760,1638522861182	1045,5375441178976	
620,4548610935719	758,8607267491269	1036,6005246123152	
619,3438436687713	760,2227455371401	1040,831374277438	
622,2175709572011	758,6123197582237	1033,4743046495917	
623,0607538866402	759,4725311248568	1035,9790594797335	
621,5007785609973	760,038941705578	1042,0788807753368	
622,1167873552276	758,5657410250976	1034,9012718477245	
624,5846720690519	757,5830318321272	1047,5231663693362	
624,5658145312655	759,5442204177484	1044,189492181858	
624,1094076768144	757,1236511986916	1031,9785351932044	
623,0987815321373	755,6428344575949	1024,3698312449496	
622,5453971381444	755,6678129955035	1028,3246493873169	
622,3529959103874	754,7705200110945	1036,5476771064657	
620,9688501723122	755,0235137930923	1018,4655865793299	
621,0230941391317	754,2542258782122	1037,3126794942252	
620,7141702271839	754,5771631745531	1037,4617280964512	
619,9078539996545	754,7492611265334	1031,1337014756539	
622,0907922818196	756,1805970098112	1038,493407227707	90,98885120435867
623,0618167590263	755,152242121163	1038,028627021511	
621,1797713130012	755,7352581674323	1036,6446225034413	
619,7402616575561	757,0712176980232	1037,2287683106433	
621,3098586043449	760,1889575700002	1045,330126637296	
620,6593278257095	757,7676980837884	1042,3735903126635	
620,711051961432	757,907380645526	1025,6295965524141	
619,3349000706994	754,4862467744039	1028,234651114713	
619,5407112357121	755,2167714996291	1038,382851700555	
615,6103578461289	752,8486885436262	1026,913543734607	
617,0440997008513	751,77970495645	1037,4388743325565	
616,3007354224371	753,6804023574956	1040,785062027044	
618,521709773272	753,2038294595653	1024,4513650165893	
620,6103701844933	755,2006758901584	1034,7247078534615	
618,7105762272288	754,8338039955681	1025,434254299032	
619,5507343003886	755,9561528554556	1029,4431097009606	
618,6255759666659	755,6129176670023	1037,3428005371425	
618,1648102346473	754,6735653223634	1030,0726242746039	
619,2561697887727	752,6773193180384	1015,8652054116418	
618,9271911276534	752,3413611020754	1024,1427350866275	
617,3997577405448	751,2717639372322	1022,6367349334519	
619,8696222586226	751,5899182268244	1037,5561962399756	
619,692042329997	753,462915125328	1038,3197710499828	
620,401382738545	755,5399904047043	1035,8273816705532	
623,3319089643878	754,4760597163158	1035,2101062933245	
620,7154226485213	755,5331323368641	1026,9854528463202	88,50750124142776
621,2173308048269	758,0970191967084	1024,3375968132784	
622,1631891465963	758,2704140560988	1039,8749677260994	
621,9367308169839	757,2926235079235	1031,9318939764962	
625,1697387403954	759,1786192480733	1043,6752110025875	
622,6545082954358	761,879856948891	1032,2517811303308	
620,6564385894736	760,3517784970038	1034,3965336250992	
620,3104100221351	758,7285047180944	1049,368668539207	
621,1403103916693	758,2903645904532	1033,8904861861347	
622,2104800679309	760,0461429108847	1038,3288469905235	
620,3440572086892	756,9421854470249	1017,3685900471348	
621,3816820477894	755,0603145142679	1030,0632181611345	
623,5996434885285	757,0582472748727	1033,13302965326	
621,9436340656947	757,8109341501597	1050,7967571959243	
621,8629308505795	756,8251451172285	1050,7549449864002	
620,707640540458	759,6542563046938	1040,162782415059	
619,2544266350052	756,7942396540448	1039,851753778688	
622,5049168957067	756,5413386965632	1046,8564763156041	
621,128602282823	757,6943179752233	1030,1908608400277	
620,5219373186993	756,5692772513172	1020,9957333805235	
620,4196858754322	757,383872667192	1042,523370383949	
621,774009619329	756,1382537356371	1041,0291805440195	
621,0925222039108	758,3047508256288	1041,2454705058228	
623,0332461640877	759,9713956756109	1038,9500474302915	
622,5378571488411	759,965385133415	1035,9895209708648	
622,426336607223	758,1272022052071	1036,2300815717563	89,59554072100951
622,562707247158	759,071335608573	1034,073890342189	
620,8427242181268	758,4695114659528	1035,4129486179336	
620,1623709631314	759,680589997791	1041,7796896239058	
620,2269200494162	756,2032209353112	1022,2741042529217	
619,9114396517202	758,0178468641208	1037,4158176400074	
621,5593450392882	758,9988735565955	1043,2090975232964	
618,8300233906382	755,7482503382099	1031,191434886575	
619,6402759670293	754,9290990917584	1026,8540426989996	
618,5191193738848	756,0217254488839	1036,4448129567918	
618,9020108126651	755,1378404635267	1041,630715009883	
617,8436077251397	756,5084091741942	1035,2128557800306	
619,7150506179729	756,1557224311921	1043,4388551327797	
620,4529839882451	756,2535969091576	1027,9455260274385	
620,4755672194552	757,3222538954865	1039,1759482957432	
620,1188422451256	756,9808051442426	1036,409553229109	
620,0650549138176	754,8302257295555	1029,6664386288473	
617,3803122548147	753,5652579859265	1039,3352509649267	
616,7927508476317	752,9648182985021	1037,5480563889168	
617,9535058589134	751,9674331934913	1016,7567523732276	
616,7916291709281	750,1410866757631	1004,4316144734163	
619,3027212524053	750,684880386684	1034,4748522704983	
617,7428860335502	750,8447706684684	1025,589664810589	
619,2942100920416	752,9761640369638	1030,9197997834472	
618,6364372694304	754,8351736281745	1045,0813164156734	
616,6632818053477	756,1538690963316	1036,4773283574052	91,4186910656602
618,978882532786	754,7802316059804	1033,1534006556694	
619,7785617346133	755,8090957847209	1044,952237024597	
618,7288219316733	755,380327024684	1041,7668572989796	
619,0533675859191	757,5679252530114	1039,7263266554298	
618,8760483637807	758,5150471092076	1040,1973959524992	
619,9315336569003	754,6782595665668	1030,3605236486815	
621,24163629126	756,702027554744	1034,4895832825177	
619,3480339311791	755,8458031626083	1029,8701751866765	
618,8894948170059	755,1641015449658	1028,8828956335028	
618,5653776767089	755,3632398580611	1036,9444765876128	
616,7227784975692	753,2626353666309	1019,2944333460281	
620,9989676803402	754,0443821447287	1032,001608633302	
618,5850510490269	753,3982865682748	1032,75015359106	
616,9040535149876	754,0575577350322	1024,2777413191486	
615,609724265875	753,25460879719	1026,03539058439	
615,5988360257121	752,7976663244004	1035,563485751235	
616,7554196181444	752,9651680155749	1034,3406858697301	
619,2291238696957	753,2805414645476	1042,1872519027063	
617,5955996430639	751,7364896457357	1024,1963157189273	
616,6106298333851	752,8442647469175	1033,0880453053767	
620,8260413201126	752,729205704953	1026,4749007741386	
619,2485554669694	754,0494404774539	1039,2854066557725	
617,2205564493411	752,8355576143395	1041,2271495920843	
617,792755340054	753,5054571401436	1029,9032640012833	
616,9930666239095	751,5643374986286	1034,6083753787766	90,58881586000854
619,7280825781445	753,4919797483291	1039,5773413373652	
618,9109079575559	752,9023530410383	1027,950678490508	
618,7528784646255	751,8469379637639	1022,858594284617	
617,8001260417407	752,2956667668171	1019,8139980562913	
618,978346051058	754,492716180792	1049,1878329313015	
619,7493287982352	751,3357563815258	1013,4132373861933	
620,4059130006987	752,9051112106972	1032,8468799685534	
620,1833980081625	752,7527700964611	1022,5503067477662	
619,3715880402788	751,746111960064	1036,6930817020454	
619,6663771851744	753,587922475707	1041,1229537920947	
618,7871365663038	751,9290608731078	1028,8054339433825	
617,595223941406	750,0525096319622	1026,4996068858964	
617,9761511620029	748,0946518985531	1023,0767067621498	
619,1902708676872	749,585709777933	1032,6425114062142	
620,442401560775	749,4612664430149	1012,5013448511885	
620,6018817584392	751,4978116341199	1028,8180956363344	
618,7234468878672	753,1072260802797	1029,9699097389348	
619,0780260039455	750,9506697343911	1023,2782967732173	
618,0861378322263	749,1370651859313	1016,379655745081	
617,1480454479696	751,1321318417935	1043,5985545707304	
620,2182819097021	751,1358210963361	1021,1964980374283	
620,8902790769195	752,3417906560551	1031,8520080433889	
620,181126165015	754,0613849011426	1028,6403878578603	
619,5795943181158	753,5300454700161	1027,0088619880644	
620,7465078230989	754,9176161196339	1042,2004056989856	90,58705450417989
621,0146729250253	755,8780275100444	1027,3360590808115	
620,2722041602341	755,015568700167	1026,6703039309912	
618,662401346158	755,830252157388	1039,1194222310678	
620,6469305182641	755,2094671390214	1024,3376153765455	
620,1008280972331	756,8953833655593	1026,2038881014926	
618,135397057425	756,4247512667167	1034,4262040284502	
619,0343304243453	756,6289993943059	1027,2794795996704	
620,1689632184429	755,130913676474	1034,7315388839875	
621,3774183247706	757,947466978323	1042,7687035535362	
622,4657798841499	757,5746843774406	1018,5276486957029	
619,510274622775	754,8243739058925	1053,4314718185024	
618,5938699488265	754,8188144684063	1038,8297815367152	
618,2466238942523	754,3644896502827	1023,1687906939655	
619,5101078642639	754,0592847997273	1037,0920580274976	
621,4498393554975	756,1989555040739	1031,9859464395997	
621,951854356038	759,1258835011246	1039,8398126794898	
621,6137923014506	758,5603132724359	1046,46514302426	
620,0215539665097	757,4701707379444	1043,4808534466517	
619,3299492294868	755,8333166044198	1028,7814691995925	
617,4005537025228	753,5542650324351	1023,9888341010056	
616,6129854853791	751,3307324214438	1031,7074558585314	
617,2726847748144	750,6191388869347	1037,2164503360812	
619,3725282060461	753,2617421941831	1033,1353285213356	
617,9391981312959	752,3599014335404	1031,7948258619654	
616,8499134049448	752,1546362140859	1020,4657248330645	90,0094994549731
618,7678060567555	751,7811872543134	1024,1014464358946	
619,0901923410786	751,7571599469815	1036,8286893956906	
615,6950103178864	751,0342012034965	1010,6175034401931	
616,6415615982364	750,1329833218163	1009,189747269515	
619,1306932198694	751,5476722528047	1030,337553207326	
619,5019934918596	754,3711967418517	1046,7116807669338	
619,4956944485472	755,6647804192636	1047,9983524313243	
618,5785874372752	756,8148599774768	1035,666534698037	
617,7321075429074	756,2932213557356	1033,5760272786865	
618,5494100724118	754,0732388021621	1028,6947180652244	
618,9696156352622	754,3492436669667	1029,046489588938	
621,3806245607358	753,6547439688443	1021,9324191773244	
623,4215292036265	754,122392026825	1039,1207135575344	
619,3443208856079	753,714572057343	1028,2578351647373	
618,3682398207422	755,8294524668484	1036,92771341575	
617,9950023822145	752,617368834486	1041,6587377875187	
618,077537029126	754,5885944658141	1031,3133663326987	
619,5986285809851	755,8058866958663	1038,407387162053	
616,8420764475178	756,6656088458377	1031,6247289502048	
617,8490665428889	755,5049617731879	1027,296716958272	
619,3299159274227	753,6145328009868	1022,7460971244822	
618,8326619299601	752,4576970528462	1028,4850204671038	
618,3067972992451	751,8356873055039	1035,167829653944	
615,4999963342453	750,3335902486953	1014,7104299845299	
615,6877985939595	748,1794207049729	1017,4199307916659	88,90291038753934
618,7785810417686	748,345672825609	1015,5790719173506	
617,0250912820535	747,8018279950414	1039,6765719243879	
616,6687864547243	747,3540609341431	1022,1229348255334	
618,2723854464963	749,3899515409463	1029,7532320683888	
614,3197647555586	751,5692055550376	1029,2917034183497	
615,403041303794	750,6904604725797	1024,1091784831888	
617,4591484422781	750,0055405676093	1036,5677427400542	
617,6176612081324	751,1038654404318	1034,6380970369446	
617,7364362815334	753,3271612031685	1034,791494989783	
617,6751007145751	755,4307964922265	1043,761335003586	
619,0111137584034	753,7846846312241	1034,9396851557644	
620,2346834747073	751,1105486942713	1023,0431641584967	
621,3712929912526	753,3964392532147	1032,5969720214734	
617,9286640421483	754,8333467252255	1033,633444058757	
614,492021353452	753,8537245145616	1035,143523104288	
615,5070905777992	753,2960659807915	1025,2113485928335	
618,3297723438575	756,1143251726146	1038,4085943189625	
619,9325336145441	754,0513424851398	1028,8517658476917	
619,8880789906041	753,842903726832	1021,1762859687219	
619,5720412388694	754,9791214491831	1022,8879951846826	
619,0503201231595	754,475492839369	1031,4116954999606	
618,2568274891113	754,0743243836728	1035,3583546815323	
618,9165723648498	755,7239423652308	1041,8550985337947	
619,1998692707797	755,7051562876088	1033,0227775603814	
619,397368699191	757,2983802800628	1049,371658076881	93,01790331983831
620,7842002708065	757,6646782657242	1035,507479969999	
618,8402178422965	752,7426327995689	1026,1425854975594	
620,4420927028493	751,0225951244081	1033,4283629367628	
618,9177994941722	755,1697435713594	1032,0830047110671	
618,7786188516956	756,8166018503294	1046,5105752894144	
619,6941316289175	754,3837837721221	1022,847106855349	
619,7453679976941	751,1673126610776	1013,7962316979017	
620,3742528754586	752,8971475979386	1020,3537844995715	
619,9269937500154	753,0800946970512	1014,5905253680817	
620,7151243983227	752,4808683650449	1035,1047719880062	
619,8312352632955	752,5598718535517	1028,285890300392	
620,6643570439903	751,837357863329	1028,1481900459264	
622,1206205849217	754,7885313029718	1037,7606709367144	
624,7594364581591	758,4433221981407	1037,085467592783	
623,5138303953054	756,6151418995296	1042,1060233605585	
620,2514993333291	756,8072259781553	1042,2061775167429	
620,5200760083646	756,6671286509145	1035,1679149262893	
619,3711955594243	756,157777474979	1033,4828719134412	
622,5555434819347	756,8894856444819	1031,2982653402687	
620,7474802815389	758,1215493682192	1025,6116109945096	
621,6799910839671	756,976460179221	1031,6226210492662	
621,2420171392146	756,7878653414894	1026,605563967735	
621,1517938227224	756,1938320262809	1029,9947683339292	
620,7132226358524	755,4949861137204	1035,8647163767216	
623,2929763768036	756,5338674209313	1043,9023743067744	91,04751809829337
621,5495243837386	756,4095080497324	1028,9105963049049	
621,1850065041875	755,0796466112641	1018,7186543718625	
619,1997717946456	752,783438443921	1027,266728438792	
620,061127643484	752,1978901669198	1026,5723996092477	
621,4126827323763	755,004353198864	1032,0065244037633	
620,6228917745034	755,4389880037386	1041,3077306536052	
621,3163389168789	756,9500849834695	1033,5762023846305	
620,3798211500151	756,5042321187491	1036,8483351706261	
618,6388211899994	756,2693501449736	1041,9443274504563	
618,2444016510375	754,9794142209632	1027,1158194150842	
619,481998485667	755,0804439302799	1029,555200725829	
620,0499931750785	756,469219467608	1034,3291226765887	
620,5281299961507	755,3049266954527	1034,568829873248	
618,0131556520375	752,7026614213282	1024,4805408614639	
618,1988211800741	751,8715091509024	1030,2757683918965	
620,1754673758167	749,7049201086921	1019,4545123122921	
617,7739206445068	752,3260100858735	1047,8067704379473	
616,4791506336297	754,1972052797884	1042,3070476390217	
620,170621596903	754,6066357543	1030,5966871562903	
620,6971260507005	756,9962104584374	1041,0590349702013	
619,268189025865	757,7993326573096	1041,8447922196665	
620,2911389350917	756,6615413747833	1031,2517455364195	
619,8711363096729	755,9433010204223	1033,9005317450876	
620,0927768739139	755,8617743921915	1038,2504098801164	
620,8517333866331	756,7183843933957	1045,1224709695489	92,97919482103057
617,8020454739922	754,1659484393257	1033,4411051031516	
615,3861147948626	752,5962313040006	1040,6050791192092	
616,9957874023266	751,247541253537	1022,147004802162	
619,7756264136101	752,0194014309553	1032,1649533968123	
619,0630312775546	750,4328056941526	1012,5214103198751	
618,0342144714427	748,3496955571012	1011,1315035465755	
618,3130144670857	748,6649616436491	1020,5955454953997	
618,526910203479	750,1544996413743	1029,9724800039469	
619,584623873489	750,9263173004449	1026,7202325472435	
619,1422894487565	750,7710251487146	1017,2825742587478	
618,6398548919396	749,527073623465	1018,0205962095002	
617,7316190942026	749,5153612464959	1028,19858960767	
616,2701352220232	752,3773190810709	1030,3457712027127	
617,0369771488696	751,069036885069	1032,8111352899202	
617,124848475766	750,8752389528131	1041,776361046514	
618,5482764399716	752,7968749782935	1034,046596127285	
617,9157650896243	754,0712546684497	1018,2124910539999	
619,1853031335233	754,6143270154962	1033,6886614795947	
617,7769426434152	756,0796943169984	1041,678490954647	
617,4363499389058	755,9891903203498	1042,046481484712	
618,6231436014193	753,0123819915929	1026,9098597322995	
617,3598661434858	753,7793925222326	1022,5424012401792	
617,4176481953637	753,2936223879535	1021,2651094104543	
615,2260279841579	752,8357931536291	1032,0771240594881	
619,8683777046716	754,9653113491463	1022,8293306716499	90,26625375877443
619,7108999633715	755,6789837104301	1040,5093403294625	
619,0725610204149	757,3170155057181	1033,2475634181394	
619,9588080909365	758,1383527234804	1045,4927475973093	
620,0105108046454	757,1149088819756	1035,2616499980695	
618,9035386744865	757,2740044346879	1020,2964742347191	
618,3117030513214	756,3179687074188	1045,6540568295843	
615,7660395421547	755,320964387279	1021,0815871221934	
615,4742741385496	753,8729429688361	1019,0100441475125	
614,8471703360475	751,604562240374	1040,4851183739436	
615,6894031236933	750,662825089623	1030,9035039407347	
618,9160822085855	750,0513125929409	1019,1576650609753	
615,7772646639081	750,9959149306262	1022,7247862100703	
615,8658249445946	751,0441568745796	1029,459529056241	
614,8501657177587	751,0359931547996	1022,7947923651441	
614,994448989856	750,6271766650108	1033,421268243605	
620,0945091908909	752,054774779989	1023,2273045857687	
618,5982552167294	752,3865260233838	1033,9590103722521	
618,6909619461377	752,05204378423	1026,1024150242972	
619,2421385173247	750,2529379160173	1021,3865688428486	
618,9108035799289	753,2504845226199	1036,4676915530918	
619,1206114518678	754,05359935838	1039,9655346999434	
617,9089068563335	753,0257952678631	1031,3534063380996	
620,518418539526	751,8025528967449	1014,5956379838804	
620,7003614508094	752,4420395787549	1038,55893833525	
617,2759790834691	752,9235727927141	1039,4934011059092	92,18087129893665
617,5009047400068	752,2487964165387	1027,752490799171	
617,9358594661069	750,3269533416433	1030,6062130219557	
618,6073842000725	750,5051668580841	1030,213220107037	
618,1452409246937	749,8908301567219	1029,112816289318	
616,749652123775	751,0348279326153	1028,9592826402431	
616,8102062654082	753,0843501845832	1049,3802726445463	
617,3887181595369	753,1615873537492	1028,7545509497	
617,5264902048344	753,0663090038374	1020,7386257068157	
619,7905009132414	751,4319099426845	1028,0029870381936	
620,2944492991306	750,9904623190112	1025,0783820166937	
619,2410327970841	753,8942244931231	1030,226624641811	
617,1735331614632	753,5685013075218	1025,4551507304468	
615,8359700924708	751,0714291917513	1021,5392496221699	
617,9840296081497	752,4125701194243	1032,1498691162676	
620,3461681751018	751,073650855636	1020,5711112025689	
617,2886655082679	749,6300397605526	1020,7205215815643	
615,3732716961255	747,3109019857367	1002,8904273171107	
614,8361878573915	746,2592337539025	1019,2927929225535	
615,1977797147273	747,2953913837985	1021,9107634368099	
615,3005406210442	748,4514842048337	1019,5497745697124	
614,7448791294448	749,7129955536532	1021,8656585351654	
614,4957556840104	750,7095193553173	1046,5215000237338	
613,5939895975971	751,6641662475513	1037,7656788668794	
614,873978731592	751,8052442553006	1049,9594872788646	
616,7904614558319	752,4339274358449	1033,0387056740246	91,73483118554402
618,2448197226597	752,5836137439877	1036,1057962227867	
618,2869530259137	754,0185632353258	1039,516105826525	
619,0554476863385	757,4516609801796	1025,3454596181384	
618,895898272604	756,1633824653352	1041,56545980367	
619,0878009294885	754,6127453623834	1026,9395414533976	
619,6911721633628	755,1841334437974	1032,3532072797411	
617,458177302164	756,6590770533174	1038,7050141114978	
620,5717274006207	758,1626296066835	1046,438216285566	
617,0292443149634	755,9915308975204	1029,2467419893408	
618,9860610535253	754,8294713938828	1035,1178136070914	
618,9211076944754	754,6541905854284	1038,873308247541	
620,7463127075514	754,4170514234019	1037,7206293329784	
620,6502584986275	754,3032509894588	1041,3185216312856	
618,9829472028381	754,4941847552586	1036,6099149464044	
619,0625912791901	754,3729540321109	1038,2256863767936	
617,5256236153797	754,717771549624	1031,065376445328	
619,9407936868782	754,2354876168637	1027,4545322430986	
620,6879547842643	753,3894237190823	1014,154364731863	
617,8486090892326	753,6834898449769	1042,085619414256	
616,7757699974322	754,0330064165954	1035,6673873477823	
620,3243089707961	752,6330352645174	1043,1097845212776	
619,3588863359528	752,6100410880084	1018,4433378730232	
617,9459261286322	751,6240391373981	1032,2821961289915	
616,9055242525945	749,8261952562045	1038,600747302952	
615,6927560251156	752,2117865626797	1036,9796868898427	90,7611708628809
616,8847180154435	753,2991647380913	1025,0073062692056	
617,9330409586231	754,0073939278515	1038,2482038633443	
617,8643080100175	752,1660269690739	1038,4610773563086	
617,9478736306845	753,1221651516129	1034,380566226324	
618,1371823532052	751,0893558264471	1032,9878251992595	
617,7693458062585	753,697749822889	1042,093881189791	
616,4615718997082	753,191893649037	1045,0995496559542	
618,5903007136633	754,6784423734789	1035,6498895824975	
615,2628705395524	755,452797813021	1028,6201242499678	
616,7010189208247	753,6208682829138	1045,2576841244377	
617,5880969632898	753,3141130004518	1022,8651176403745	
618,4940529597923	751,3672600362437	1024,6492683746849	
618,1741753347645	751,6319897223678	1024,459243332284	
618,3063492816726	751,6023666976504	1023,7921280733194	
619,4935454987011	752,7491307243622	1025,7792496169955	
619,7760207011885	752,628573984083	1032,4536548826359	
621,1048078231067	751,2275830403809	1027,9786455065807	
619,8430711499972	752,0295366603672	1032,9803040787397	
619,6927555254675	752,9107983065641	1015,9946166634159	
618,1672430927648	751,8776399042426	1027,687435125715	
618,5054485856415	751,8255127875216	1024,5720243590479	
618,1613068386367	754,683413929162	1042,6679413141355	
619,3445224992203	754,678308573346	1026,3406267033688	
619,378347832816	758,100493352446	1043,8284876172083	
620,4584116066603	758,1909424716646	1051,2266734535629	93,1301319665782
620,8185721815665	758,2072064567184	1040,9936414632853	
620,1447914678464	760,8892728109022	1049,0309277360689	
621,3497843885298	760,9006887358275	1063,7714636212474	
622,1845859703058	761,5422474299941	1044,6268216026192	
622,1393143040801	761,333427177607	1041,469103408457	
621,8992746043383	760,904581053313	1038,6445948040166	
620,5969621684429	760,4130139762119	1034,6386653801078	
622,2090702700739	760,8279314833005	1048,308653132608	
620,5273626204877	758,7036965674639	1047,2199999595134	
619,3133999201585	757,0122230908004	1030,5457399798713	
620,129136565526	755,1172836933164	1036,4086418397508	
618,776627637133	754,1016565917503	1038,6361548192635	
617,7777706306667	755,5193829211976	1038,1022758011584	
618,9816881533005	754,5816435589783	1034,3474361276376	
619,3866547951163	753,1998111342655	1030,5700268630162	
618,2790069300789	752,3743854365972	1033,6409369011346	
617,2014688455623	751,1413496974278	1019,563651547028	
617,6769324300549	752,0056458967198	1033,3167800972922	
616,9768717956856	752,2471383736038	1022,0898741640323	
620,0106622879625	751,099265760484	1017,0436360044374	
617,450316184237	750,8881153224938	1042,57719886066	
617,684465308362	751,6583140465664	1037,1181385556106	
618,0294152355157	749,3200410945918	1032,4555002580457	
616,5406467691223	752,5977144942061	1031,1327145436212	
617,8285239776343	753,1125856102886	1032,590234892633	90,74048782495407
618,296311940394	750,2198819901432	1017,4853618239597	
619,5715937575754	749,6817565817503	1001,6376377360732	
618,9413810266707	749,0444531113029	1013,2864596008914	
618,4678282196542	748,8908268119227	1025,0215089995227	
617,783257630445	751,8284099326031	1033,469762093317	
618,1037765368715	752,5392421088551	1024,1419923026383	
618,6939530918081	754,070177663298	1031,6013070254699	
619,2466999993208	751,5441553539769	1045,3477681572567	
618,7890977409902	751,4461600401582	1019,9807375610695	
618,854454320967	752,7978403817989	1021,9017451058633	
619,130520692645	753,1991912013374	1034,295253414573	
619,9112159575482	756,5845220228744	1039,367314887705	
621,6923074611785	757,4205121595693	1021,8448112531344	
619,6260336058817	757,4390965060624	1037,4078823064115	
619,1481756688084	757,7281943030836	1027,340647014875	
621,1966630284318	758,7599342182402	1053,6951378351996	
618,9645193376673	757,9050786836574	1033,6587249338872	
616,9209399496517	756,0262549681578	1037,7484586602625	
616,143151238252	754,3279761147035	1045,1954359978954	
616,5763178585848	751,6541258304902	1023,7682061267576	
617,4754413824047	751,9066429611416	1034,1871122964776	
619,210507138301	753,3158549324226	1028,567987732373	
618,0106765119754	750,9561679657168	1011,8701578761538	
617,838948079333	752,5759526460503	1020,1679189897441	
616,673946900797	753,3389896543875	1036,7936714845741	91,6193860399946
616,3782869616433	754,6523038302092	1054,4774313627522	
616,0426324515088	754,9614522454139	1025,5182448008095	
617,0214704303528	752,8550772076266	1021,7963104900023	
616,0083084377674	751,2998324115165	1023,2816084784306	
614,9768674135245	751,6461179703105	1038,6713250629352	
615,3119306525471	753,9833467706535	1026,8680721913956	
614,9350772971056	752,8336341584105	1031,3615253732821	
615,4103684816076	752,670395744396	1033,6729137311777	
614,08811173571	751,5987873996246	1033,306225739877	
616,656722862825	749,2890119016515	1029,9750226965862	
617,3759186447111	750,968558705134	1024,3080708575026	
615,8736543201613	751,1542990687271	1035,1512952638432	
617,2202704222755	753,4520342975468	1035,7384739813635	
617,1616158266046	754,9321661167073	1036,1627024727702	
619,1899188403211	750,9694903265975	1028,7259919171336	
618,3453827412669	751,1854341144685	1023,4862508062092	
621,2584372003101	753,8822866886674	1034,656180477549	
621,6619983610548	753,6019387575299	1042,0133833498355	
621,2322490815375	756,5192888645308	1032,0025482153758	
621,0603340821463	755,5994419817292	1034,7115081715222	
619,7878547817617	753,0010159444682	1029,0721538192042	
617,9270996884286	753,7078433849808	1028,862634364322	
620,4022951114935	754,3301875367636	1024,3927249382432	
621,5128301258538	754,4671931448233	1024,1606303642493	
617,9457491527902	754,1871453063204	1041,0576428455474	91,16379985740629
620,0025667941472	755,8250082514948	1033,5020868682616	
618,7347058094657	755,1381710527996	1048,1218079966186	
619,3774619845206	755,863610208469	1024,3743976004234	
618,7557288191811	754,6189015301987	1028,5512671845067	
618,491932822529	752,767830497509	1017,4733936920821	
618,907868972425	753,5396610919307	1031,787477903468	
619,5648848727567	754,2800924948299	1021,0498031919861	
620,7939577689882	754,6417247745131	1037,514060856194	
621,5721092826184	753,7981510540726	1034,170669669764	
622,0009932888349	752,6158698740511	1015,3348105218039	
621,6766775994961	754,4760996619208	1023,0707569150585	
618,7021815089652	752,8238642126992	1022,3816598328575	
619,7002014563556	752,4641324937604	1023,0694808139564	
618,4518436966621	754,2365660862757	1029,1647294294398	
618,9434998465142	754,3026188455218	1024,357582124101	
620,6620022067286	753,82368177934	1031,4172282186803	
621,3168154021527	755,3530248505953	1040,1355092380943	
621,3167431160908	754,2141921423856	1035,229524516179	
619,8092387673026	758,025181847806	1030,0877629099464	
621,1832792635789	756,399029305947	1043,609739248943	
619,7919078352876	757,252005849688	1039,0077369757944	
622,7118044084823	759,1125606779719	1029,1731693735737	
623,3777453121912	757,6114545401163	1041,1409283126243	
620,8361788086619	757,6124623538692	1034,5607848181392	
620,8900890549844	758,9796134401696	1033,764966803738	91,24337796348227
621,2091258058506	759,4288863604578	1030,9900063335915	
622,9562119351245	758,7148309781716	1047,0762332926415	
623,2334653293553	758,8263290463249	1033,7422110627906	
618,8777117618761	755,7192075299129	1042,844395519852	
617,7307192834596	752,97183251537	1026,9137833255297	
618,2259058878411	752,4105401344523	1021,4195189271436	
618,9230346673615	752,9665979019255	1035,9255487479375	
616,8574396304904	752,9359387958511	1026,99557858635	
616,3201995472734	752,886369700404	1031,168885056575	
616,1996948482857	751,4767739054063	1043,104173090437	
619,3980862529947	751,8298327622188	1033,5052920047763	
618,2688115616572	750,5864119413245	1023,3748937797772	
618,0257422508602	750,9098270559635	1031,710201550228	
620,1012183998782	751,2597554677835	1023,1149218960117	
621,2170213941222	753,4681507743687	1035,1935186619821	
617,4396994615174	753,5040080638195	1027,4818785666432	
619,2084573409335	752,5775521913182	1033,1009257425894	
617,8093095840984	752,840114149695	1021,8733944374785	
617,8938885392564	756,373854172555	1026,8903530065718	
619,0592306027645	754,6573035886124	1030,1154374694431	
618,2152093768019	753,9526892882044	1041,0263000825303	
617,5956642519021	753,6149585619336	1039,73878888602	
617,8289067402088	751,8290388056366	1031,2026413924286	
617,5790211333132	751,2393220151273	1029,2143796873115	
618,6523145315224	754,0923293913177	1040,0112805179206	92,97987180731337
618,0411380652904	751,7077471676204	1032,3372928796116	
616,3682350476397	751,4252151698411	1016,9389028373455	
615,40229210609	750,756463834407	1022,9286054679382	
615,1583338746592	751,9301510970437	1026,7837573491288	
613,6499850491832	751,5767283714662	1034,553222432659	
615,699569689516	754,1037471109739	1056,4043414231828	
616,5815558561666	755,0437452186701	1047,264665066544	
616,63944051222	754,4298132568366	1032,8884544219788	
616,9134055130148	752,9707515055	1022,2726585335587	
614,8108777408873	752,5720823223529	1028,094999798956	
617,6855587588038	750,7438521218359	1028,2987673105895	
613,8084126710496	754,0475712873193	1032,5194332225049	
615,4639786563909	754,3405616571101	1056,8968410020827	
616,7211181767724	755,4257168925385	1021,4185429413909	
617,7520087908673	753,5982873712934	1031,7049131454855	
618,7382218731298	750,4893541598694	1016,8400528951702	
617,3997973213166	749,0921101775623	1018,7998114994327	
619,0767621644077	750,9155396107867	1025,7021275316097	
617,9504750017699	754,3059031099459	1045,3548558737411	
617,8098708122969	754,8924156272542	1035,317907941517	
616,4977297883665	754,5384335290827	1046,9735824981467	
618,134859427426	754,9487578085883	1049,6737976279076	
621,184872633429	755,3655725662077	1043,057284072168	
619,3343384516729	754,8104788009388	1033,1430806379908	
619,1857767474044	752,2861887317466	1032,2783145743697	88,49436423443638
618,2725334984356	752,3313008685068	1020,7471828959648	
616,8052850805419	752,1996513696513	1033,4217173436446	
617,3377777358222	753,3232552966708	1028,9776055662169	
619,9275274353524	755,5950589425698	1033,789115592405	
617,1597354769992	756,7292000867377	1048,7510846384823	
618,0102920458074	756,8837067836496	1058,185060796258	
617,2258616209004	758,5231157120522	1052,1431724866882	
619,820855792886	758,9355808477152	1047,2754385127075	
620,3095432320728	759,053491517562	1040,9835069702096	
620,0474200509763	760,1749654160536	1041,0698287273156	
621,1905454562934	760,4016486164968	1039,0006571178308	
620,2842992125924	760,9678264208167	1058,7048531211874	
621,3226052454988	760,2798102123647	1042,0720477715229	
619,6079779667843	758,4738625922137	1032,3181840092702	
621,7211556807342	760,0467727826507	1028,300436213225	
620,8121188072813	758,5941722231645	1044,2651601253813	
619,9215097459459	758,8759832201677	1049,3733460454582	
621,072203173823	758,0227219733824	1039,2491205638728	
621,3156911414433	759,7497353167703	1029,0249026363683	
620,1291310157335	761,4985417025399	1042,055328238898	
618,8459537080989	760,2991744656905	1032,159543300325	
617,4341800379483	759,1621409915751	1041,7812464001752	
619,0150731896697	757,6118294742744	1046,897369097983	
618,6320045051782	757,1021369606971	1034,9730633205443	
618,0794754202229	755,3916074765478	1028,2799903733037	90,45072829786658
619,6456635247727	755,9996875087716	1031,5310338501627	
619,8279755550451	757,9167523630746	1032,857141722429	
617,0959713110014	756,7449809842359	1039,0928287038366	
617,3546239533555	757,3840442652081	1041,8734712162632	
619,1632564181202	757,5805272322197	1041,954626784312	
617,4169327782089	756,571910723391	1053,8781887198238	
618,9777387402719	756,3955217034835	1037,8811746944568	
621,1885023072083	755,1051822822275	1040,0796769066744	
620,1947818708558	756,8505974822746	1035,9613358857985	
623,3564284063023	756,4700228907714	1033,4485052868768	
618,5639372993529	753,445107364402	1012,5767171968196	
619,1015319560693	753,2837204781557	1035,4963515291374	
619,4815905195144	754,1194071458094	1036,9152218709467	
618,0254618547197	754,9167078830349	1042,9735296296135	
620,239118754893	754,3269041087522	1031,3990948025314	
620,4154543311689	755,2512796879262	1017,9552407243774	
618,8096468441979	753,5692138597769	1025,609815017241	
622,3390685423265	754,7415125033959	1028,8545698701746	
621,37424057126	753,3722826473927	1041,2753851437708	
620,4716856549184	751,8061262961921	1037,619367534082	
618,7927201010789	753,8765483443524	1040,378067594395	
621,3667266620873	752,7166678913886	1027,769499249488	
620,1493463566493	752,1063779950241	1021,8812624062937	
620,3683066090761	753,6996704877283	1019,3019998383055	
619,3825509268638	752,1445525549508	1021,2813266275775	88,59785292174047
619,8626533958303	752,1651915043487	1026,650885463821	
618,7569860387208	753,2114661523985	1032,2905054141959	
618,949548261892	753,8958382990501	1028,9143454207278	
619,9522517370417	751,8112027435507	1024,6442545268687	
617,9167498271867	751,296230899579	1044,1643060624274	
617,8603589406913	751,5067169536624	1031,0139110832258	
617,748786768733	752,7561271055456	1041,9334770639575	
619,8522854956889	754,6455873458535	1034,034697412207	
619,6090681956649	754,4068387148981	1029,5389442062701	
620,6957478320934	755,5404648970983	1036,1138630616028	
620,0448023297624	755,731216993602	1043,4055951491919	
619,679655410824	756,2808901307466	1023,9425764518082	
617,9779795822042	754,910812951506	1042,2351198083509	
619,2661511045003	755,0596222144159	1042,2619050964795	
615,9845722821963	752,6942038251492	1028,7339094115057	
616,600971047651	755,0118895623659	1027,8542150095689	
615,3460784773691	753,5794212053959	1016,0171426623648	
614,8343892044247	753,3961943847372	1038,7975415971298	
618,8717901203572	752,6965040746686	1028,6223686662877	
617,8739796488794	752,297635535719	1036,5299689439273	
617,8530005196343	751,7228749744535	1025,3762988860328	
618,5434329435226	752,8837939155164	1024,305209294199	
616,7261912111378	752,678969122751	1020,5105175440932	
619,6227442891615	753,9897026770271	1036,273319207526	
618,8782926521363	752,173295056991	1025,6485831136515	89,63906899271524
617,0517104753999	754,5493053307655	1044,367716177824	
615,9244783467316	757,5344344706909	1039,8716723132816	
618,079082239192	755,5366594770547	1027,7077709505204	
616,3409091369921	753,4994787838613	1019,4704594344929	
617,7851025182201	754,1976675234358	1022,6469256191484	
616,2308584874727	752,4930388725951	1023,0972481302114	
617,2535707013726	754,4728575614033	1022,5465869111144	
617,2704546373443	755,1073239936314	1028,4941913318673	
617,9960541891694	754,6347621037125	1024,6225799375452	
620,503345126397	756,8935453855545	1035,36801193485	
620,8289497220889	757,1004604985736	1038,5778884963063	
621,6228994298185	758,9310191511097	1037,112857463037	
620,0634273091387	759,5364005165627	1044,742448586954	
616,806714705515	759,8217821283056	1045,7460582576036	
620,2579711996273	757,9842545893572	1023,121719419818	
621,3135217487561	755,2410053180621	1043,2200889243147	
620,4753107017198	753,0865943410545	1029,5295713177468	
619,6260649830571	752,466457857025	1011,9295225128584	
618,0108538626343	750,2297385489878	1035,73543053017	
619,464759773905	751,6459506398455	1026,7973836604453	
617,7291090483974	753,9053924384822	1033,001396674274	
618,2846352689517	753,9433834572696	1034,0085789414156	
619,2721209718001	753,01262779064	1018,8395491455088	
619,6701891431007	754,2664779648633	1034,1528338662874	
619,1229853048684	755,173892307042	1041,354438980271	90,77555799478603
614,8891743545987	753,6121128103722	1040,125674225804	
616,3239067216931	754,9388090893922	1043,626031301496	
616,972814859382	754,5576684132632	1027,6496392800675	
617,1441145719269	754,4609170055796	1032,691488829084	
617,8607976331671	753,2518378932068	1048,623683746381	
617,2660728721781	751,6171952860499	1015,6933541402967	
616,767556300837	753,9426881032485	1037,2238805774623	
616,6647338299576	752,924081137369	1044,1857933953795	
615,2720549619464	754,9550302192797	1048,0098885178277	
616,3482021202884	752,8851222205589	1027,7784425731506	
616,8342036857459	749,5582113233277	1020,1611163323233	
614,1967701807627	748,5737477855012	1031,8399894572963	
615,4367587949383	749,2345317699236	1026,6461568030854	
614,7299639369461	750,5035391646554	1023,7309462605122	
616,0810430708071	749,8810160834864	1022,666677235247	
617,3859573765099	751,1976427096806	1030,8966446310155	
617,5004952510711	750,9687217541037	1034,0754953469407	
616,4294116571721	750,6439262699258	1025,3038813253274	
616,0327695182982	751,3421445194477	1029,1910542349585	
618,4825375061502	752,2918114069147	1034,0774024753482	
619,8315717052578	751,3528057761474	1042,580533551552	
617,249562111906	752,0672595009191	1028,3881745544027	
618,5942052044683	751,5835256828047	1029,6872820399067	
616,3865898595795	752,4011159259851	1026,932279169369	
618,4161734738119	752,7312739351264	1037,3005833724933	90,05969079841016
618,1638550794476	755,0515715795473	1033,369147360063	
619,7592969331769	757,0385386558779	1035,6024018985418	
620,5839421753855	759,1480685603834	1040,0205618747984	
619,4965027056086	758,3431619723048	1029,8148493000124	
618,2290381510047	755,7758650313848	1034,4802351679998	
619,376513203256	753,7047209773442	1031,511721231985	
616,1360915865652	754,8421166187617	1042,9696576693586	
619,6023647966595	755,3111732938831	1044,7492506697772	
617,8557671305574	752,57594977778	1042,4628228586473	
615,4733724055196	751,6299565302533	1030,500205756337	
617,3205968945797	751,6714409331513	1026,9881377979013	
616,221346153838	751,6925528973514	1037,704734764896	
616,6046064857022	752,3270783435258	1044,3368103282412	
615,9405211428317	750,3825582120849	1040,693604617761	
615,6567495341287	751,2163582303335	1023,2528098005102	
616,8569497558941	749,5504335987923	1010,5016943878416	
619,7594730081414	749,6872145873392	1025,8005594925903	
617,5340578220878	750,3737218535424	1037,8841798858437	
615,3909705329487	751,1974674084063	1028,6929450802863	
616,7544578792749	751,036221517782	1017,1204766490214	
614,2507445494838	751,6869177506726	1034,2938135806958	
617,0616927148083	753,7662821301685	1033,097850513468	
616,8657420858834	751,8192773993959	1034,7460032277618	
617,9723831002873	751,2331806231197	1030,1942766158377	
616,8677340885096	750,6346328171066	1027,5150181282283	89,47947188775656
616,5140765456455	752,0462865316252	1036,9858935419427	
616,1797374742005	751,5595020629138	1017,8016461166927	
615,4782450701855	750,0432343587833	1023,7477329501208	
614,2740484737253	747,9003495513331	1032,1951980556476	
614,6696281030346	748,1612232319225	1029,6980684404618	
615,3208386271162	749,4303735351936	1032,0601339610523	
616,1259069797625	749,4774499551086	1025,7888568317198	
616,1598512948995	748,6079980429704	1022,5634711928585	
615,823887997845	749,4361747389428	1034,9424287550105	
618,7373916964021	751,9122421077875	1023,1072270292996	
616,2043255635314	749,5227806221383	1025,4138823510243	
614,4668822818851	749,7666732635016	1037,018709529738	
615,1987518698769	750,7224759980381	1020,6725051104933	
616,3721897961119	751,0406549326226	1039,9860091812436	
616,006128005061	751,5600210666764	1039,879665572361	
617,6640205733083	751,8949430981462	1036,7714042376904	
617,0441664694517	753,924413455194	1037,150415405884	
616,390031536377	754,2764869592341	1029,7806687250377	
616,2885275738557	752,9320671280102	1038,9283661146737	
617,3224249784254	751,0212508294376	1025,0994309572548	
618,3606458504751	751,2739020521617	1022,3273996588042	
617,3278802187206	750,8058987862307	1030,7688148281766	
618,3572183485404	752,1733541671704	1036,1133459720672	
617,3647772068244	754,2210170656865	1033,318917775779	
618,6761523409226	755,3282392146231	1041,8637149693425	92,75599374167736
620,228594762287	756,4630839484463	1025,657460528715	
618,2207627816581	756,6510009799631	1032,0965011837495	
622,18760908439	755,9888378985924	1036,452809784201	
619,7723908910352	754,9196524845081	1038,104436234138	
618,2358964384325	756,6363214324947	1028,0652407997165	
616,0893314875353	754,8723025252257	1029,5967777652431	
617,0027450471938	755,1910062186771	1017,9696860307257	
616,2581695321812	754,5687351632124	1037,6773088929485	
616,4071482271287	754,3829835642758	1035,5747503046107	
615,6334914213979	752,366117336817	1036,2984245259747	
618,5246986878296	753,4425526367777	1019,7280441355122	
618,3395218414648	752,8218890231727	1025,2771416501573	
619,4377887059625	751,8844900634946	1004,8150814469521	
616,4320892468025	751,0122322507391	1028,949205727089	
618,5986639623175	750,782109514925	1033,8807766632383	
616,8216991474005	753,4877950683449	1030,5001264903217	
614,4956407409626	752,353673211654	1032,4272769744084	
615,218898377602	751,3348214250025	1028,5081656766251	
614,9694523871285	749,2825971717164	1032,2585203706583	
615,8286853578885	748,39442559756	1022,4106515318086	
616,3154249337192	748,8115490541419	1027,8320013798489	
617,1222838304469	751,9773628764041	1036,0140915553802	
616,8765634279941	753,1818022182073	1036,631239323796	
618,1103602604782	754,368057054522	1041,875269163023	
615,7561742001624	753,5638717881347	1040,9890963992477	94,16131400372565
616,429643015218	751,1287635635667	1020,7120724589535	
614,7777231680772	747,2328981859864	1028,5618368592427	
615,0053413990174	748,9805967714067	1018,271055690539	
617,2221356507905	749,1226735050639	1041,2671471179738	
615,1577891199454	750,9538170274005	1020,0841041768485	
616,1619389187603	750,9476819849638	1021,2246531166056	
617,6695579224122	750,7074950655079	1026,5713634862743	
616,7216760872084	750,8231272701934	1034,738068371943	
614,7363171305337	747,5848740462113	1023,6737745441671	
616,5174819582193	749,0266029524083	1027,0806894223815	
613,8562546864254	748,5209342276946	1017,0181765892438	
612,8163857746493	752,264053748551	1036,448128544102	
613,8034275509036	751,0232257447467	1026,9320344407924	
613,6464359798058	750,1102073730676	1046,4442351466687	
613,8717051941808	751,6119381310283	1027,544673577032	
616,0776610100138	750,8738319837732	1034,9315936492205	
615,3698378072253	752,0591026829732	1037,3531415928646	
614,4432059054661	751,0235937567502	1026,6825071365058	
618,4987378321916	752,8208757152267	1033,1901950478734	
616,0910427379072	752,8808949190972	1033,0764629115367	
617,6607719938148	754,3678073945589	1022,3769225696403	
617,589959931851	752,778242656076	1034,7373798971764	
615,7312737594011	752,1291919993519	1021,2730490601363	
616,5263634392368	750,6266128509732	1007,5758503045603	
614,9150223142053	752,302755069662	1021,9870992521959	89,38530202982352
615,6738979495384	753,1178718988834	1029,6921498307343	
617,4901565103709	751,5915287406423	1018,26994355335	
616,3424336673635	751,7318255686836	1021,5587164507365	
617,8346483143448	751,9217482471634	1037,0978301505766	
617,2103699271048	752,145166207652	1039,6325681544702	
618,3244902774902	754,273846507979	1033,460828978295	
617,5634173191027	752,658564746728	1036,2109905376196	
617,8615511258963	752,6635921868576	1049,9273992899534	
617,8986944908272	752,2316218434057	1033,3805446923384	
616,6960031755472	751,9486200085192	1034,0819719495075	
617,3892340303383	754,7335569220362	1034,2903796009193	
616,6756733802125	754,9052777501987	1032,7698224598828	
616,6160370461691	752,6269166683305	1026,1746316255108	
616,1857824848787	752,703127650846	1028,6558246533114	
615,1271227432017	750,954177784063	1025,6821047859232	
616,3198827050282	751,3748667461689	1020,2067174522795	
616,5961881757366	749,517462017159	1024,1200650512726	
618,2246405915201	751,3424932724374	1023,9000468571128	
617,1390331888905	750,3690567986476	1028,0578517293775	
616,7780424319286	749,1852635775847	1017,4114154997337	
615,5881056170592	748,9982953283397	1035,4000773763878	
617,1767938349174	751,3325300462212	1033,4918731437656	
618,5496911076835	751,9898691974855	1036,285329205775	
614,5719369286703	751,954489124984	1037,3227114353201	
616,2054943479463	754,6177348852366	1032,6271112236834	91,44509611546981
618,3549991170336	756,0818332456823	1035,7882440046646	
618,2590586724021	757,7048614838878	1035,8722244531814	
615,8001753938196	754,7357092736324	1031,2701497191092	
614,8405139398162	752,686768678826	1019,7791269843369	
618,019001947693	750,2292612485683	1024,8543601775068	
618,1425307480051	750,828132129388	1021,8698278658086	
618,9024388254991	751,9331092726657	1034,692806755156	
616,0107722608338	751,8474848501797	1035,140978012721	
617,1605832838181	751,5885633197329	1033,5381955715309	
614,6025761648904	751,9927268217044	1032,4710195441285	
614,9630455154037	751,1032637518107	1023,619984818855	
616,7997262362225	750,7010120740089	1027,3546612532664	
617,2720165621985	749,1712404438825	1000,6352768356296	
615,769029709376	749,2595583786756	1025,2846872661305	
616,1598000701788	749,0529323234229	1034,4891328280112	
616,9711788677185	747,9494837116667	1022,0702344514534	
616,2402396622709	748,0415972750797	1025,2625228565753	
618,1332275766828	748,6169927583713	1017,1478870157516	
618,9564410862082	750,5193659392817	1032,6033039375227	
616,9230318337906	748,215022240599	1024,3302738801017	
617,4586506156325	751,6213147705718	1024,6003765396265	
615,6975126436839	751,691593028891	1035,4924439445367	
615,5858430009797	752,8684860399513	1033,2494940968304	
616,9339151291124	749,9541186238791	1042,2277631690877	
617,2304144995902	752,2340257298819	1033,393773648696	92,18879350959688
617,5371076303009	751,8674794534973	1028,0275467593929	
619,1133833389833	751,5022818301871	1028,0524848489522	
618,0084510757385	752,72041542686	1026,9562964777856	
620,4492459186376	755,7287851104428	1039,5505812049773	
618,6148488187946	753,3546916856873	1049,9267139848268	
618,9647833414988	753,386156074846	1038,3842987894557	
618,005913186576	752,4885054905778	1018,5602265587954	
618,6222655285851	751,4236311887682	1035,4091135603232	
616,4963300887658	753,1767452676598	1028,1583286488712	
616,3555143386775	750,5452122069702	1028,6878808133151	
617,2849090560029	749,0351743539079	1022,8784044896336	
614,677422127515	747,4404523337502	1020,5038766411017	
615,2084129916092	747,4401577436585	1011,4083203616055	
616,1404332062392	747,7331160617397	1023,6211389915724	
617,0500377029142	749,4897591034209	1031,6907114481774	
617,7756649522481	748,7744104834194	1019,5196367488217	
618,3998176297719	747,5503971499327	1018,2952494767342	
615,1979484405841	747,8260120677659	1014,7280037266615	
615,4111085454705	748,0410312524053	1019,2767951640923	
615,4168315753942	749,5931982154673	1025,2144465336758	
615,106883580816	749,0993370194586	1026,7058650905828	
616,910589689346	748,2856415140751	1035,1250114262073	
617,3814680358831	748,8658858778125	1023,2538220984511	
614,6168632636935	749,7662142079072	1018,5609476446688	
614,862338666105	750,0588375490933	1032,7620157582073	90,38387350292987
615,3183205922985	751,2473515820425	1046,1282324238587	
616,0723584310487	752,5081517871631	1036,0545667773215	
613,4754546316155	752,7743679055451	1029,2619451445846	
617,1493589665992	753,1071129648163	1031,4237261573664	
617,3485410628522	751,6027523351039	1023,9925399773622	
618,1370722369653	751,080005929667	1026,0777477190986	
618,3034982451373	750,9357037056309	1036,4378440686642	
614,3730219523133	750,0384458810706	1016,3039915528611	
616,452597173617	750,056454095666	1021,0240663435277	
616,5015465317532	751,5607003017597	1017,3441563975009	
620,2247731063941	753,4562428383219	1032,7708903730706	
618,5581621384124	753,0314306955364	1046,2641740754123	
620,5768500737715	753,7946100869317	1036,2434042244897	
618,1787126736006	754,7802702690384	1038,777214388069	
616,7580975431017	754,2864091490903	1023,2838773832003	
617,1688891043797	752,029654123758	1022,7848808652649	
617,1577316364692	750,8994549828583	1033,3617667435092	
616,4617325680563	749,7125787470527	1013,1633627613301	
618,2092216028823	750,5661071494615	1027,0653833461283	
617,4518607860277	751,2318152430885	1031,3733493021655	
617,9046033201413	751,9251092586343	1034,7397768348553	
618,4339257882921	752,2120795187913	1040,0725912377375	
618,6341289890439	753,4859498578134	1031,1195281584796	
616,1523813100663	753,5110909268326	1033,5132471694312	
