2852,033939049033	4201,170982017891	5536,11746064014	598,9124917621938
2844,6544309391616	4193,061891251045	5527,597332713927	
2836,456239829482	4181,8776133779975	5516,202290167574	
2823,241923972785	4170,666536384495	5506,200939311098	
2807,7829321505437	4155,498431185344	5493,015076349299	
2793,224010890548	4139,533403383976	5480,316683229249	
2774,54796710137	4118,998954505227	5457,557912797516	
2758,298919610128	4098,255126322355	5436,482822983155	
2732,722571080704	4069,0147104455077	5401,852813305817	
2703,919729613621	4039,6591003850644	5371,775864637822	
2669,075214656113	4001,8117717822443	5335,366254350467	
2626,621006074581	3964,264603340813	5299,703105537217	
2588,0463178699993	3913,2285478502263	5250,482337925652	
2544,6454987397074	3867,198647999491	5198,338393496483	
2478,9850243024603	3805,0925050711853	5144,14805192401	
2427,218868967178	3745,8704131059294	5087,351772049378	
2377,79948168692	3673,7792276247037	5008,187395631946	
2332,5285525079285	3607,359259833041	4947,558183881571	
2288,672906497526	3536,665602956734	4850,971696833908	
2240,654530358302	3471,5221801453595	4769,270646689151	
2214,4533966900103	3414,8537116739526	4694,7725402555825	
2170,6769102229255	3360,7483211344843	4600,114373143166	
2147,5822419380215	3314,505563545592	4539,73940264029	
2131,198866096302	3270,970332789434	4483,303867218275	
2100,558714903583	3229,684981834941	4434,273946896547	
2083,187299975411	3188,973829934321	4372,061649224529	500,18472657911445
2061,4547950730116	3149,67714708877	4315,698842098497	
2036,941582536138	3112,820069001042	4279,92542598215	
2017,067337193491	3079,8374695397583	4234,675997395822	
1988,9832015444315	3050,5688025317686	4207,223961781489	
1958,4316651915415	3019,686704999794	4160,08469523775	
1938,2478254696136	2988,221218368498	4118,991065423209	
1912,5993065974442	2961,0289997227355	4094,2643168535856	
1895,724056949198	2934,067533570968	4058,1132202920767	
1876,47540223883	2908,688336382757	4035,3886639338534	
1857,1639951530162	2883,867484461656	4014,7059940945082	
1840,9528914297468	2860,2207174219457	3987,261715075008	
1819,087708333317	2835,6200434772923	3968,093784744388	
1787,600285782222	2812,4849531956193	3944,438392523786	
1764,763547513535	2790,5331834639132	3925,38925805631	
1750,7438540598741	2769,905914282116	3898,1268870560853	
1726,8071361442583	2748,6956744553518	3859,994721001943	
1703,8621209509213	2728,682651502267	3830,8221412381704	
1686,078407245212	2709,965095277071	3817,9092018046977	
1675,627725991887	2693,343501031258	3798,1558547586133	
1663,0770111818285	2677,5062850303343	3778,053178616847	
1641,420077353663	2661,2842530558287	3761,0376781715245	
1623,0285604521885	2644,27101830387	3751,8068915978456	
1610,9927667938891	2629,8275480710327	3730,6484476030555	
1599,4414558507078	2615,0955846116253	3717,2674721038948	
1586,580726400621	2599,134366063643	3704,0268183830444	461,16616557096256
1578,510352582428	2586,56643705378	3680,555251483163	
1567,620948596653	2572,8983346424943	3667,0190022106667	
1557,6797717624129	2559,7110730579043	3648,7523751066324	
1540,953338323113	2547,08996242164	3631,2882513707823	
1523,9616419910935	2534,4517522122683	3619,9902783452017	
1517,0205202033349	2522,427922975336	3601,5212776943595	
1509,263917101798	2511,6995031756405	3590,762651219506	
1494,7746775897745	2500,615317580327	3577,5959453137566	
1478,7289403550114	2490,0884384587707	3569,7614468329953	
1471,1749767582528	2479,3499023952077	3551,197906158135	
1458,6945479740025	2467,843356936709	3545,713494678132	
1454,1307370571972	2457,811988703133	3519,671285637393	
1439,581829757141	2448,209554879907	3493,59075065307	
1428,190736395923	2438,7607323058733	3487,5372713124275	
1420,5559565289793	2429,334596711604	3473,026568091456	
1411,1621779066406	2419,746673822977	3464,9861474061413	
1405,1094340692005	2411,910207864516	3450,875989936512	
1399,1795066157804	2403,42098537468	3442,7013012729626	
1396,142345267043	2394,3134695547283	3430,4234250712184	
1386,9572501144219	2386,456152870665	3415,8240366439563	
1375,0174665279421	2378,1726419944616	3407,259101648332	
1369,6091571598765	2371,163096145498	3396,3491841750274	
1362,494440156672	2364,1848227790456	3387,5050939818448	
1358,2567770310495	2356,442404808827	3373,338755294919	
1354,1776051998431	2349,4885802882263	3362,987723186009	442,8783655224551
1347,5157582573102	2342,7391574186963	3353,588083556824	
1339,8240176953684	2335,9059819990766	3345,6344898184534	
1334,386943233609	2329,220846982346	3337,1915616904244	
1329,3028671506474	2323,001288108298	3327,9882646535493	
1324,1362785699355	2317,2500358921593	3318,013439615429	
1319,742587731452	2311,586499971045	3310,561591085438	
1307,8457389565647	2305,6340157292116	3302,6635606204923	
1302,4969089633166	2300,2687476213523	3297,990385540402	
1298,4791498123332	2294,8904651101057	3280,473546936403	
1294,67068276734	2289,6230052930637	3273,616829811741	
1289,8845861996167	2284,401178501763	3269,6953415146577	
1287,4848479016055	2279,504837686665	3267,257919838933	
1284,3489805025736	2274,9169447483623	3264,9085951342095	
1283,0029907368228	2270,4629367540942	3262,254366750162	
1281,462405403811	2265,7759908015555	3259,6470498746958	
1275,8412432540576	2261,128617969888	3253,044158770468	
1272,4778794660156	2256,861560512237	3246,7309851532814	
1270,1990857879555	2251,975417149026	3239,144671247952	
1268,154943334612	2247,5042544337543	3235,308404917168	
1264,5870551095315	2242,698809164946	3227,065286623506	
1262,8341420554036	2237,9587621783926	3221,2431949100946	
1262,0881994466276	2234,536385870474	3217,34057763931	
1260,533050610309	2230,6808954167386	3211,021242383341	
1258,8666369107602	2226,7622815940467	3208,500242885144	
1255,6511325803563	2222,623895558063	3200,1111616050293	431,3036226987013
1253,9365958307262	2218,9055518616265	3195,5362159161823	
1252,151609341357	2215,1389589160176	3190,0147014788363	
1250,459975047918	2211,5253972092746	3188,5038913616886	
1247,2546228542617	2208,32949554335	3186,1434826673817	
1246,5502203611459	2204,9197705958914	3182,53521436151	
1243,625235729566	2201,722813601157	3180,065743179848	
1241,688903410839	2198,061308666344	3174,6871752978204	
1240,7611347239904	2195,5723125219774	3171,504450589351	
1240,6268626236265	2192,4644351173934	3165,493381477292	
1239,402338978992	2189,8262778940098	3161,5285165349533	
1236,7840210057357	2187,146625285789	3158,4116674001357	
1235,064934989308	2184,1143702350214	3153,498838243104	
1234,6853787337218	2181,5237950979576	3148,630766145912	
1232,104609593864	2178,3123698729164	3139,0093227661237	
1229,3667554086223	2175,6694481604327	3135,420663483545	
1227,9892539665584	2172,6935430527174	3132,166502330437	
1225,2532382531185	2169,842942644833	3126,190676868457	
1225,0040050827956	2166,8934365219384	3122,523841805355	
1222,616445198429	2164,884539333944	3118,951582936202	
1219,5954233484038	2162,4633739818723	3114,3357796806954	
1216,970070977366	2159,954578092088	3111,554215377985	
1215,034248068314	2157,5763690226795	3107,7408049674536	
1214,0918133035918	2155,5200312560905	3106,4956405326143	
1213,1840422431833	2153,1146621799503	3104,534765486759	
1211,4117103848482	2150,727577693958	3099,9575925384934	421,01401697767227
1210,0070678999232	2148,886108439421	3096,596713214452	
1207,2961939485356	2146,7896739003095	3091,7013209866327	
1205,7385769893604	2144,6953939994755	3089,558444226577	
1204,8242454636377	2142,611309573978	3087,7731745535502	
1202,5952780366317	2140,3966553897053	3077,902425619148	
1198,1545929583347	2138,1358873825366	3076,1908399747767	
1197,4613366267156	2136,0300942225776	3071,529084595955	
1195,8060279501087	2134,3173998523525	3066,939821146306	
1195,6143986019854	2132,560522936175	3064,8045794088957	
1194,5433211714249	2130,5537993112944	3057,0850393046653	
1192,8586919097759	2128,7816745650816	3053,196756961442	
1191,40966830636	2127,027472396012	3048,236657898915	
1190,9667445230034	2125,1676612530964	3047,754665866587	
1190,3526982369976	2123,543344307925	3047,5704688386336	
1189,05188229343	2121,857743068845	3047,370797394829	
1185,8160674789149	2120,059738487009	3044,9080390337554	
1182,6585037389677	2117,9855609475594	3040,661922803928	
1179,8525668887821	2116,2204593341985	3038,5332074254866	
1179,8038650304368	2114,721773664217	3034,8139451326897	
1179,693316825009	2112,7389180624564	3033,969109585874	
1179,272461657839	2111,1562833964203	3028,4552852041675	
1177,5423668624153	2109,452905836175	3025,724909225396	
1177,5406155840349	2108,1065000496137	3025,112627303504	
1176,872617251346	2106,7179473333276	3022,047267723795	
1174,2791348634769	2104,8036797969894	3018,9803443049414	415,0928369485184
1174,0287943797766	2103,0972648358597	3018,0416457557376	
1173,4904076105672	2101,8296611499895	3016,321120741891	
1172,6272430974218	2100,438211074161	3013,759540951111	
1171,8199743480766	2098,809193060124	3012,949091578628	
1171,017950185491	2097,2468531062027	3009,192725499003	
1170,2408474640831	2095,934990345773	3007,632173731825	
1169,580499081404	2094,164208690002	3005,39119022429	
1168,9778469923478	2092,7337233700364	3003,75395936147	
1168,537069593502	2091,4982690724873	3002,9210185213788	
1168,2249888112901	2090,0459068766395	2998,482989056736	
1166,1599100446836	2089,0370904261804	2997,6295156652295	
1164,8670684249262	2087,9039164466067	2995,947359200394	
1164,775675292813	2086,8645321672575	2994,7983241623324	
1160,7372656046841	2085,6683705474384	2993,9859871697277	
1159,5769662999114	2084,624467815616	2991,7522168922023	
1159,5752583366036	2083,2698071538416	2988,784119236015	
1158,8416575193564	2082,3919860201295	2988,577390593838	
1158,2667234352773	2081,168182077254	2988,058850916128	
1158,1011546051636	2079,8668341278103	2985,6572311841696	
1157,9220253293697	2078,6258596914913	2983,8994692286046	
1155,5803558068942	2077,4012411953468	2981,7220888844167	
1155,342844480911	2076,088096882621	2976,7405728406766	
1154,1568733872207	2074,8607536432164	2971,6985163592726	
1153,8501142844693	2073,6899826650956	2969,864768716845	
1152,9028864798374	2072,755775402443	2969,209341292735	409,0215446407172
1152,6136703627017	2071,862641411669	2967,2692459035047	
1151,7917525451844	2070,8222126061187	2965,8278959134495	
1151,3791225852635	2070,0050184455936	2962,3419495271014	
1151,1740483902117	2069,235445732339	2962,328396846386	
1150,9873898460028	2068,166627286214	2960,9152700730356	
1149,5479288587153	2067,4431496748466	2960,289608317005	
1149,445625441694	2066,5072488796113	2959,0219889318123	
1148,9395441503598	2065,5741558507602	2958,159567052081	
1148,2985504277544	2064,5676172824533	2954,489525468921	
1147,4929768648403	2063,6841839481044	2954,309896639875	
1145,9334203002368	2062,884496750317	2953,270215350777	
1145,5015842575058	2062,1820006135245	2952,050427084473	
1145,2567861170294	2061,245424474647	2951,1066400381387	
1144,6996974954961	2060,3019247458146	2950,6778431647103	
1144,5676264380427	2059,340184300326	2949,1203885521436	
1144,1770845804263	2058,3466830793827	2947,0134687635928	
1144,1391396179608	2057,3408568083482	2946,050282989383	
1139,8843755916448	2056,3225873760425	2943,8375312305566	
1138,643138269974	2055,4088663555694	2941,2880493762877	
1138,5358259020386	2054,6737721307713	2941,000785286821	
1136,7997591717678	2053,893499563041	2940,9704825745694	
1136,3301085290625	2053,203361440453	2940,832103499734	
1136,3244973876376	2052,3757431113995	2938,593937404519	
1135,8335843581197	2051,5214244028957	2938,554316908948	
1133,8236798442742	2050,59254687646	2937,9899500704773	405,68314419055883
1133,7576908775845	2049,7972596530412	2937,9768515804153	
1133,6580088226533	2048,990950837066	2936,485406159439	
1132,196731645079	2048,362282786642	2933,7458767090807	
1131,7895717325673	2047,3038186712574	2932,4012986899475	
1130,8619507739793	2046,5908940313916	2931,0135854525574	
1130,6918302395475	2045,8587333604862	2928,6867052589037	
1130,513623050997	2045,1864170547058	2927,323888937359	
1129,8594233946062	2044,472040582684	2924,7920625277334	
1128,7023704434148	2043,7295757348693	2922,9309839360626	
1128,1442768566317	2043,1292939747502	2921,026577254883	
1127,8950292276045	2042,3738858971526	2920,8132000595388	
1127,5341212490755	2041,5672171758865	2920,7021309271954	
1126,5490822048869	2041,042551819265	2919,7461901935435	
1126,1997318564509	2040,4215335019085	2919,738521625747	
1126,1803918068297	2039,7807211889542	2917,8574039441987	
1126,1714603137516	2039,0708168386382	2916,846070340404	
1125,8119839249787	2038,550017412205	2913,9133043975335	
1125,5205337762427	2037,707879301518	2911,4317466837388	
1125,2862436287699	2037,0136741796812	2910,9283847397323	
1124,6741673261713	2036,5258008283906	2908,3976658475704	
1124,5053053001266	2035,8536195987515	2907,791200691776	
1123,6281831820086	2035,2791922515669	2907,7438483882515	
1123,6096847818667	2034,591168906293	2907,5773955163727	
1123,606747092177	2033,964941514807	2907,520858478892	
1123,4767721087728	2033,387510146748	2905,623082673753	402,76367263532825
1123,1091880367176	2032,7421779900333	2905,2228965512168	
1123,0287500124396	2031,985873231657	2900,2237715300225	
1123,0119986631678	2031,321288150169	2899,584088056132	
1122,6839950051613	2030,7826222707292	2899,2358744059297	
1122,5761716570355	2030,305362391792	2899,198529509325	
1120,2952804687777	2029,5059834141136	2897,992510255417	
1120,2517363305888	2028,818947650773	2897,3128295569727	
1120,2259487097576	2028,1818788860019	2896,9043002692238	
1119,9011855994313	2027,4929678861722	2895,7198015160498	
1119,9011855994313	2026,9556412157433	2895,500560560884	
1119,552816366521	2026,3981998235781	2894,7171692768675	
1119,5359686634674	2025,7034555206521	2894,2859717627452	
1119,1466426182494	2025,1619592505936	2892,0978141678042	
1118,2461049459075	2024,636045435088	2891,2967352067917	
1118,219719304836	2024,1771076963473	2891,2458748692543	
1116,7966937557167	2023,6398865288556	2891,2332058823745	
1115,0162466940194	2023,0143244039996	2889,723336520707	
1114,3806210109783	2022,6126213500504	2889,5776373923964	
1113,8105710314153	2021,8811086776375	2889,303361432514	
1113,465021740938	2021,3924233923797	2888,802219397229	
1113,465021740938	2020,9035932317015	2888,802219397229	
1113,3796236030082	2020,302298743232	2886,2373914281857	
1113,3796236030082	2019,7831057936032	2885,8562832920766	
1112,9881810340592	2019,0467214578268	2885,320288372999	
1112,9215534284851	2018,6176944011709	2885,3134087346575	400,21355910558873
1112,7922544832231	2018,2829737928848	2884,5995884296703	
1112,0287881416973	2017,8687813373754	2884,3779928559165	
1111,953582362334	2017,337448205294	2884,33565863221	
1111,9482557340061	2016,863556149968	2883,081399670476	
1111,804704247624	2016,3682279241027	2881,88623900974	
1111,4542997780372	2015,9601888943287	2880,896208848631	
1111,4196389503875	2015,5121179721134	2879,147822399278	
1111,1387850768947	2014,9766946886466	2879,045579551432	
1111,1387850768947	2014,5102528266825	2878,0746414414443	
1111,1387850768947	2013,8775921152683	2876,999687398177	
1111,1387850768947	2013,5363279178941	2876,2486631891907	
1111,1052911648126	2013,0810728060926	2876,2199229880844	
1110,66369866312	2012,6741830355481	2873,649221847075	
1110,6387533077032	2012,107553693532	2873,381891178299	
1110,6387533077032	2011,6346104191177	2872,394433348558	
1110,47416453469	2011,1124722619104	2868,6638569683	
1109,6840288470964	2010,6947240336415	2867,440707948584	
1109,6177623944618	2010,2809944240985	2867,2672924457443	
1109,562775221651	2009,924253034906	2867,2672924457443	
1109,5244376985445	2009,3871482340699	2867,2311766773596	
1109,5244376985445	2008,784219056651	2867,0053228444967	
1109,4425790662733	2008,5105540795482	2867,0053228444967	
1108,637138977998	2008,0559267845415	2866,2761068852815	
1108,5550463261459	2007,4348142417853	2866,130265648759	
1108,3342641680638	2006,7713102362652	2865,790111060916	397,64120814686225
1108,2678351730624	2006,245285816256	2864,9274546569	
1108,168092999051	2005,8556056986665	2863,8998481628555	
1108,1637912565702	2005,266352077597	2861,68983748386	
1108,1637912565702	2004,6103252251871	2860,5951397630897	
1108,1123935218059	2004,180900849342	2860,341081299732	
1108,0260932766257	2003,6735315406415	2859,8898404514916	
1106,0678069336257	2003,3320787372272	2859,3212464141816	
1106,03541863957	2002,9919881689334	2859,209263162404	
1105,896614095754	2002,6192004028899	2858,745836237268	
1105,7082363929337	2002,182317228838	2858,696513597914	
1105,6024263201432	2001,7763585163702	2858,228203124223	
1105,4269642816007	2001,5591310642974	2857,320096375171	
1105,003776570761	2001,2197636277374	2857,2619348257176	
1105,003776570761	2000,7655797029627	2856,813619001549	
1104,9542851157937	2000,491244806857	2856,8004066706244	
1104,6925841238767	2000,1753852884553	2856,8004066706244	
1104,1240432229029	1999,8669992526106	2856,8004066706244	
1104,1240432229029	1999,470633618275	2856,8004066706244	
1104,0779499894115	1998,9805123633719	2856,3025278043897	
1104,0569229637929	1998,6273842517721	2856,228072136086	
1103,146290804443	1998,1718856186783	2855,9829121400144	
1102,7098277155603	1997,840400643306	2855,880146871233	
1102,7098277155603	1997,6070531714608	2855,803674849213	
1102,7098277155603	1997,1969170315172	2855,7457250489742	
1102,7098277155603	1996,8419553929034	2855,7241603332695	396,3029612682021
1101,5686268249633	1996,476820887797	2855,6239179240433	
1100,9980633784435	1996,1439671090059	2855,502657846822	
1100,985419179235	1995,6048375513917	2855,1083922968805	
1100,7598743633312	1995,2737616509642	2854,8287198614535	
1100,5763201011134	1994,8810202495627	2853,780070294707	
1100,228197797418	1994,5627503708058	2853,777030699102	
1100,0436182940687	1994,1491514618701	2853,313680958466	
1099,5288669299562	1993,9155951313687	2852,7670816283708	
1099,1585258881137	1993,579257263203	2852,687699154875	
1099,1568191337292	1993,1477810723359	2852,5372990759774	
1098,7881042916563	1992,6746882279542	2851,705027004589	
1098,7673994908569	1992,2310211713861	2851,67073795289	
1098,5425208926376	1991,893305561496	2851,4831342559646	
1098,5425208926376	1991,5150095202835	2851,3456867646064	
1098,3622214889913	1991,2161583350007	2851,3456867646064	
1098,3622214889913	1990,985822532381	2849,611762142884	
1098,3422822308876	1990,7473354819404	2848,726503407416	
1097,8046936152498	1990,3671105517926	2848,475981483999	
1097,05689235696	1990,1041587616546	2847,962908094408	
1096,461345935072	1989,9011064143017	2847,798356139695	
1096,461345935072	1989,459323310523	2847,2849767076577	
1096,3874894539997	1989,1782430276085	2846,2113645016234	
1095,9749167588993	1988,8784751522835	2846,0198494852852	
1095,9749167588993	1988,5884119044226	2845,960728958673	
1095,409078297982	1988,3044304659975	2845,8730240289315	395,1766946713549
1095,1382654976653	1987,9762336092047	2845,7062114961627	
1094,912889452674	1987,6685942857366	2844,9974012739012	
1094,7461786425927	1987,3724756489648	2844,9974012739012	
1094,7461786425927	1987,1027583000555	2844,9974012739012	
1094,2012528871098	1986,7202355506806	2844,9805552220873	
1093,7553299260655	1986,4076767198153	2843,4215783827476	
1093,7553299260655	1986,0186024987474	2843,1194597042763	
1093,7553299260655	1985,6244586466244	2842,8942287279833	
1093,691224925358	1985,1420811739854	2842,2391170449623	
1092,5789948616894	1984,8186120695782	2841,29857847846	
1092,5789948616894	1984,565631157361	2840,7455984630096	
1092,5611786018978	1984,2784583858886	2840,7455984630096	
1092,5311423986288	1983,8718068191506	2839,27352850927	
1092,5311423986288	1983,4577444529627	2839,27352850927	
1092,5311423986288	1983,3122660473198	2838,969479421024	
1092,5311423986288	1983,0049889688423	2838,969479421024	
1092,259385061463	1982,525103930234	2838,7501766152163	
1092,259385061463	1982,3492927038064	2837,4470533263607	
1092,2373079499062	1982,0219099228277	2836,310508279142	
1092,2373079499062	1981,7883994594697	2836,0967935161225	
1092,2373079499062	1981,6551298151733	2836,0967935161225	
1092,2373079499062	1981,3031045823009	2836,0719511860184	
1091,8710835649408	1981,0882678470236	2835,785871997484	
1091,8686515923334	1980,8398970559128	2835,570374744648	
1091,8686515923334	1980,4565320489282	2835,3705214123042	394,8068042137698
1091,8686515923334	1980,1795260239319	2835,366318746139	
1091,8686515923334	1979,9671500343868	2835,0730804953364	
1091,8667223196617	1979,6762180750125	2835,00570437655	
1091,8667223196617	1979,262278737435	2835,00570437655	
1091,8667223196617	1979,1279605104514	2834,261406490631	
1091,8667223196617	1978,7916171374363	2834,261406490631	
1091,865654073884	1978,5198154730751	2834,197794238035	
1091,865654073884	1978,3569267708083	2834,0365611281763	
1091,445549742757	1978,0699241664333	2834,0365611281763	
1089,886286742684	1977,729430234646	2832,6066059406007	
1089,7394148489825	1977,492868832402	2831,0899508260477	
1089,6687088088286	1977,2282711683752	2831,0899508260477	
1089,643485118727	1976,8110479740958	2829,507885575492	
1089,625401335395	1976,4878331964262	2829,347355558951	
1089,4320654948008	1976,1983435690431	2829,347355558951	
1089,4320654948008	1975,9230806160713	2829,2613246555125	
1089,4320654948008	1975,691065135385	2829,2613246555125	
1089,410967992897	1975,3938000312296	2828,131788910572	
1089,3185101875292	1975,245419059216	2828,100339973396	
1089,3185101875292	1975,047988269548	2828,100339973396	
1089,2029459498976	1974,6619772750223	2826,8696825070265	
1089,2029459498976	1974,2379802901744	2826,841351006983	
1089,2029459498976	1974,0046997068662	2826,841351006983	
1089,2029459498976	1973,760107927058	2826,821160222712	
1089,1546017623334	1973,4695224190841	2826,821160222712	394,10987863408513
1088,8848347886114	1973,1686481561703	2826,793071309529	
1088,857563669666	1972,8590268104444	2825,9483503179254	
1088,7744025509498	1972,6021331895681	2825,9483503179254	
1087,5049174787996	1972,2038384790517	2825,5138353937973	
1087,5049174787996	1972,0103747822664	2825,3222532988607	
1087,5049174787996	1971,7227102424738	2825,0869410982664	
1087,5049174787996	1971,5220002950443	2825,0869410982664	
1087,5049174787996	1971,280915009867	2825,0869410982664	
1087,5049174787996	1970,927415147666	2823,151758083591	
1087,5049174787996	1970,7926789557575	2823,1283839418056	
1087,5049174787996	1970,580516378786	2823,1283839418056	
1087,5049174787996	1970,3335205879207	2822,5876649539323	
1087,4253061176898	1970,1575058902308	2822,5876649539323	
1087,4253061176898	1969,9312890353635	2822,282260067641	
1087,2781589693395	1969,7365696720005	2822,282260067641	
1087,248162244972	1969,4910204580715	2821,9585533608274	
1087,248162244972	1969,2285903395962	2821,940455718712	
1087,248162244972	1968,966137569433	2821,8561901528506	
1087,248162244972	1968,7797340870718	2821,8561901528506	
1086,95823117075	1968,4571816727714	2821,8561901528506	
1086,95823117075	1968,1809328284155	2821,8561901528506	
1086,7144547841374	1968,0403268763182	2821,6028012407464	
1086,4512906530042	1967,7726760550715	2821,6028012407464	
1086,4490080006847	1967,630187551158	2820,8173881779185	
1086,2718711113212	1967,3896416200118	2819,389723813818	393,53996685956866
1086,1076149397682	1967,121133564187	2819,2898978077933	
1086,1076149397682	1966,9611099831254	2818,948918364541	
1086,1076149397682	1966,6995472522792	2818,948918364541	
1086,1014219646015	1966,5522080728792	2818,376596436601	
1085,8648780179433	1966,3137305376733	2818,306474431188	
1085,8648780179433	1966,1467688549526	2818,306474431188	
1085,6051777951307	1965,814092550191	2818,306474431188	
1085,6051777951307	1965,5308663201617	2818,306474431188	
1085,6051777951307	1965,388066068782	2818,1512867548854	
1085,4162622129022	1965,1710760855376	2818,1171136055887	
1085,08772202014	1964,908091074366	2818,1125116650073	
1085,08772202014	1964,745615772976	2817,9076346426073	
1085,0163304776179	1964,53849612566	2817,8455500202563	
1085,0163304776179	1964,383328303492	2817,4549280534866	
1085,0163304776179	1964,1622497361564	2816,205672821951	
1085,0019899037698	1963,8930325384467	2816,205672821951	
1085,0019899037698	1963,8326826549517	2816,205672821951	
1085,0019899037698	1963,4915824174843	2815,3923504375934	
1085,0019899037698	1963,1996200598128	2815,3923504375934	
1085,0019899037698	1962,9660887152495	2815,2935505214355	
1085,0019899037698	1962,7633210894785	2815,2935505214355	
1084,588901492413	1962,5757122745372	2815,2935505214355	
1084,588901492413	1962,3060581274995	2815,2750121351874	
1084,588901492413	1962,1483394209436	2815,2750121351874	
1084,588901492413	1961,9303072376006	2815,2750121351874	393,38642551545354
1084,5730047869943	1961,7735933106635	2815,261542943007	
1082,2868584043308	1961,5464081824903	2815,06610246876	
1082,2583202569738	1961,2971189175025	2815,06610246876	
1082,2583202569738	1961,1750726787566	2815,06610246876	
1082,2420383508577	1961,032227489034	2814,807638715683	
1081,9082329844716	1960,8333224156179	2814,718685464468	
1081,9082329844716	1960,7116350456918	2814,1881873401767	
1081,8892986204307	1960,6022514064136	2814,1881873401767	
1081,8892986204307	1960,4176369823895	2814,015467159766	
1080,4204506115418	1960,2299041171652	2814,015467159766	
1080,2487483795771	1959,9866311205844	2813,8529859137066	
1079,7813651869878	1959,756286785972	2813,82001450225	
1079,0464458409492	1959,5597347988564	2813,82001450225	
1078,7571076072225	1959,2886044593915	2813,771013801901	
1078,7571076072225	1959,1222688249002	2813,562348235348	
1078,7571076072225	1958,9856516572631	2813,26904315797	
1078,7542843995182	1958,7610251867495	2812,9896633303074	
1078,7542843995182	1958,5849970758275	2812,596390524684	
1078,5562150114245	1958,409080030484	2812,596390524684	
1078,1943968484065	1958,208058683314	2812,596390524684	
1078,1943968484065	1958,0771598895963	2812,596390524684	
1077,939919743666	1957,876574555418	2812,2123849339787	
1077,9061605521595	1957,6516538133844	2811,6562754139504	
1077,9061605521595	1957,5008342084504	2810,776885562169	
1077,9061605521595	1957,3561487541328	2810,5804837805745	393,43673803885474
1077,5449519570784	1957,1904441392385	2810,5472090108974	
1075,2194560578146	1956,9926806371932	2810,5472090108974	
1075,2077260428384	1956,8824450555383	2810,5472090108974	
1075,1303500106076	1956,6453934966446	2808,7778651466647	
1075,1303500106076	1956,4952951040316	2808,3389504219226	
1075,1268778506387	1956,3062899983097	2808,242555203434	
1074,2664067970697	1956,071013969306	2807,821100027762	
1074,231990163941	1955,837992142755	2807,821100027762	
1074,231990163941	1955,5097146294431	2807,821100027762	
1074,226098319862	1955,391926600527	2807,821100027762	
1073,723586432091	1955,167733309475	2807,77115027012	
1073,7210000798764	1955,123671145916	2807,77115027012	
1073,7210000798764	1954,9344781626298	2807,7343273487745	
1073,7210000798764	1954,7755589645403	2807,2705851293354	
1073,7210000798764	1954,5738142013695	2807,2705851293354	
1073,7210000798764	1954,3588288141334	2807,2705851293354	
1073,7210000798764	1954,1797385631266	2807,2705851293354	
1073,7210000798764	1954,0300192251352	2807,2705851293354	
1073,7210000798764	1953,8736014530973	2807,2705851293354	
1073,7210000798764	1953,7107567060984	2807,2705851293354	
1073,6202934688845	1953,5790757168552	2807,179355492295	
1073,6202934688845	1953,442736567753	2807,179355492295	
1073,6178571177993	1953,237779032394	2807,179355492295	
1073,6178571177993	1953,1176870099441	2807,179355492295	
1073,6178571177993	1953,0388290321491	2807,179355492295	393,10342343827836
1073,6163005813323	1952,8084780100457	2806,6340891262585	
1073,6163005813323	1952,6713038134205	2806,501030685893	
1073,6163005813323	1952,5765644326457	2806,501030685893	
1073,5699084385897	1952,44700970203	2806,409034228773	
1073,1478361910347	1952,3076300054076	2806,409034228773	
1072,8775347736755	1952,1749932406883	2806,4069188378403	
1072,711413707415	1951,9274581013183	2806,310948535023	
1072,711413707415	1951,7611373875566	2806,2826457452575	
1072,710189197966	1951,5646800763693	2806,028489762319	
1072,710189197966	1951,3920350016176	2805,9981414256963	
1072,710189197966	1951,297374909992	2805,9981414256963	
1072,710189197966	1951,1353314843582	2805,0643864435283	
1072,6962423786736	1951,0490824715328	2805,0643864435283	
1072,5749261230978	1950,8390636892152	2804,9701258608593	
1072,4875721519184	1950,6682165119764	2804,9701258608593	
1072,4875721519184	1950,557230030092	2804,9701258608593	
1072,4875721519184	1950,4507296517886	2804,3968733039387	
1072,1112265113218	1950,2708150575502	2804,0400727725078	
1072,1112265113218	1950,2031158137993	2804,0400727725078	
1072,0774799953713	1949,9541417894125	2804,0400727725078	
1071,8926322345405	1949,8313298369242	2803,974437703376	
1071,8926322345405	1949,6755244599312	2803,9693782233808	
1071,866398433472	1949,5350302073766	2803,9263567118483	
1071,866398433472	1949,3095807673942	2803,738619877109	
1071,8351101275327	1949,1080321790373	2803,738619877109	392,70261720356734
1071,8351101275327	1948,9257070202327	2803,6727102168916	
1071,8351101275327	1948,8192687654432	2803,621670375202	
1071,4135226426092	1948,4798437884488	2803,621670375202	
1071,4088268841608	1948,2507263026307	2803,621670375202	
1071,4088268841608	1948,1258207445176	2803,0547952200022	
1071,3587138715177	1947,9751889467443	2803,027272268117	
1071,3103812890681	1947,7842981866631	2803,027272268117	
1071,3103812890681	1947,673455951259	2802,087110116866	
1071,3103812890681	1947,5415402580702	2801,7906787080465	
1071,3054132752613	1947,379774251333	2801,7906787080465	
1071,294840930281	1947,3290888953063	2801,7906787080465	
1070,468067448824	1947,2093257548468	2801,777860083173	
1069,9186339743976	1947,0418453141733	2801,7502891400864	
1068,9441221461661	1946,8470722185477	2801,749029630005	
1068,3592272390692	1946,723499423711	2801,662254218151	
1068,3383565465854	1946,591825316287	2801,5936571351895	
1068,2407056948039	1946,4915303756459	2801,5936571351895	
1068,2407056948039	1946,3977666456638	2801,1552100637496	
1068,2407056948039	1946,2871865222942	2801,1552100637496	
1068,2407056948039	1946,193439521443	2801,154627955839	
1068,2407056948039	1946,0127501495524	2801,154627955839	
1068,1686783546434	1945,9069867825806	2801,154627955839	
1068,1686783546434	1945,814263107328	2801,067886343369	
1068,1686783546434	1945,699202018685	2801,067886343369	
1068,1684304847554	1945,5165092970465	2800,861461271802	392,4883291797799
1068,1684304847554	1945,4625495660234	2800,8255776572682	
1068,0172103511193	1945,3740123099942	2800,8255776572682	
1068,0172103511193	1945,2827710638167	2800,8255776572682	
1068,0172103511193	1945,1634545597503	2800,8204807071806	
1068,0172103511193	1945,0534018800538	2800,8204807071806	
1067,8696074334753	1944,9769068664973	2800,766074512043	
1067,8292057059298	1944,7815377974446	2800,686076334555	
1067,8292057059298	1944,7024451222803	2800,3296399359265	
1067,576259519202	1944,6141270252704	2799,972784604623	
1067,3578322515707	1944,4321024399344	2799,6928318487476	
1067,3143735636515	1944,3035181056098	2799,5053471909278	
1067,219294306661	1944,207687642287	2799,5053471909278	
1067,1654811880553	1944,1144749360499	2799,5053471909278	
1067,1654811880553	1943,9628714291632	2799,5053471909278	
1067,1654811880553	1943,8065513355625	2799,5053471909278	
1067,131894268656	1943,673343119123	2799,484493928304	
1067,131894268656	1943,5577222650961	2799,484493928304	
1067,131894268656	1943,4452896171576	2799,4729073286003	
1067,131894268656	1943,3783617629	2799,4729073286003	
1067,131894268656	1943,2455483072415	2799,356915102091	
1067,131894268656	1943,1166791074052	2799,2458430863517	
1067,131894268656	1943,0448916970918	2799,2458430863517	
1067,131894268656	1942,856830006293	2799,2458430863517	
1067,1240866775825	1942,7435514648394	2799,237432956929	
1067,1236125697621	1942,6461929905001	2799,2258659220643	392,2983859629178
1066,6706689139091	1942,5269884270297	2799,2011140367367	
1066,6706689139091	1942,4753393527853	2799,2011140367367	
1066,6706689139091	1942,3541088458398	2799,172451928673	
1065,899292738013	1942,1236734433355	2799,011278440702	
1065,899292738013	1942,061410840585	2799,011278440702	
1065,899292738013	1941,9358307678597	2798,60447525363	
1065,6497609415894	1941,8445061432626	2798,60447525363	
1065,4699019009433	1941,7466922049864	2798,60447525363	
1065,4699019009433	1941,6063601977337	2798,542290779826	
1065,4699019009433	1941,4624769619695	2798,542290779826	
1065,4699019009433	1941,3025509358663	2798,5091269644013	
1064,0304363124449	1941,1784231075465	2798,5091269644013	
1061,8793821253018	1941,0620573618246	2798,39633240193	
1061,8679564996937	1940,9090796931562	2798,3450474353103	
1061,8679564996937	1940,7545887437489	2798,0712407384153	
1061,8668156315357	1940,6916696503747	2797,152203743828	
1061,8668156315357	1940,568064077221	2797,152203743828	
1061,8668156315357	1940,3784591848134	2797,152203743828	
1061,8668156315357	1940,2893352546055	2797,152203743828	
1061,577688979651	1940,2118798450929	2797,152203743828	
1061,577688979651	1940,08903692304	2797,152203743828	
1061,577688979651	1940,0134474398014	2797,106230495381	
1061,548689915665	1939,8972691534393	2797,0923172129237	
1061,5472247658881	1939,7928931164822	2797,0712402795693	
1061,5472247658881	1939,724635931675	2796,932204200939	392,3224261605929
1061,5472247658881	1939,6309599868785	2796,77932606326	
1058,3492809275258	1939,459153789154	2796,538038498057	
1058,3492809275258	1939,3326907448404	2796,43042087097	
1058,3492809275258	1939,241505308919	2796,43042087097	
1058,2685244193876	1939,180806041049	2796,420635112463	
1057,8777384355124	1939,087768915806	2796,294242767285	
1057,8777384355124	1939,0331904157078	2796,294242767285	
1057,8777384355124	1938,954055308629	2796,2784589252096	
1057,8500503060172	1938,864367237855	2796,216839723228	
1057,8500503060172	1938,7330791518586	2796,214877433669	
1057,8496089252983	1938,62010263868	2795,905228925835	
1057,8496089252983	1938,5276009137547	2795,8976761804597	
1057,8496089252983	1938,3634189116235	2795,89607539531	
1057,8496089252983	1938,2105583439168	2795,89607539531	
1057,8496089252983	1938,0690961115324	2795,614447547564	
1057,8496089252983	1937,9550948158032	2795,614447547564	
1057,8496089252983	1937,84056692466	2795,614447547564	
1057,017142811623	1937,7388349810196	2795,614447547564	
1057,017142811623	1937,478659253848	2795,41880995507	
1057,017142811623	1937,2835705349464	2795,41880995507	
1057,017142811623	1937,1960977766516	2795,4068733519603	
1057,017142811623	1937,0875516614094	2795,394760450542	
1056,885116958352	1937,0323965139748	2795,337738645392	
1056,885116958352	1936,9594425074229	2795,337738645392	
1056,885116958352	1936,9061476313937	2794,7473913237736	392,1222999789202
1056,885116958352	1936,7299232210862	2794,718981001	
1056,885116958352	1936,615699453527	2794,7062943957553	
1056,869441830308	1936,5104718711189	2794,7062943957553	
1056,869441830308	1936,440182583967	2794,7062943957553	
1056,832136965359	1936,2969990211882	2794,6128348022175	
1056,832136965359	1936,2279484227265	2794,5840392074933	
1056,832136965359	1935,972724236972	2794,5840392074933	
1056,5900403105773	1935,7894359764227	2794,5840392074933	
1056,5900403105773	1935,7294922041876	2794,5840392074933	
1056,5900403105773	1935,64811085193	2794,5840392074933	
1056,5900403105773	1935,4984649918615	2794,545731534683	
1056,584750639549	1935,4296602458226	2794,545731534683	
1056,584750639549	1935,3693312377507	2794,545731534683	
1056,515950818776	1935,2700621795166	2794,1567461410036	
1056,515950818776	1935,195523479232	2794,1306976787773	
1056,437716462756	1935,1151940750124	2794,124296456365	
1056,1341098347498	1934,9560021478992	2794,124296456365	
1056,1341098347498	1934,8417696231584	2794,1017636188653	
1056,1341098347498	1934,7387773522453	2794,1017636188653	
1056,1341098347498	1934,689763034606	2794,0545544694323	
1056,1341098347498	1934,5355284111843	2794,0545544694323	
1056,1341098347498	1934,449341846051	2793,8622019793174	
1056,1341098347498	1934,2841311983138	2793,8622019793174	
1056,1341098347498	1934,185109824963	2793,8622019793174	
1056,1341098347498	1934,0522828308406	2793,490022232043	391,9591665718675
1056,1341098347498	1933,8991407904762	2793,490022232043	
1056,1341098347498	1933,7900450788427	2793,052627090111	
1056,1341098347498	1933,7358430543557	2792,5352937493303	
1056,1341098347498	1933,6374541738965	2792,451661925975	
1056,1341098347498	1933,5333270076499	2792,451661925975	
1056,1341098347498	1933,5169841863456	2792,451661925975	
1055,504632655281	1933,3854536059391	2792,431269299808	
1055,504632655281	1933,2405184288284	2792,431269299808	
1055,504632655281	1933,1019153844754	2791,875915463267	
1055,504632655281	1932,9333499133804	2791,1066923420417	
1055,3136295506686	1932,8219943259473	2791,1066923420417	
1055,3136295506686	1932,683509684275	2791,060836788839	
1055,3136295506686	1932,4757438593415	2791,060836788839	
1055,3136295506686	1932,4499682687185	2791,060836788839	
1054,9819908126078	1932,429854272137	2791,060836788839	
1054,8536925549752	1932,305804290178	2791,060836788839	
1054,8536925549752	1932,2556366045662	2791,060836788839	
1054,8506392091099	1932,2134114570651	2791,060836788839	
1054,673469845206	1932,1683621520015	2791,060836788839	
1054,673469845206	1932,1113745330815	2790,919194714997	
1054,673469845206	1932,0427739044428	2790,898931290293	
1054,673469845206	1931,9683453653606	2790,898931290293	
1054,673469845206	1931,923438920953	2790,898931290293	
1054,5309649631897	1931,7735212910352	2790,878789123288	
1054,488626591581	1931,6990981489807	2790,878789123288	391,96723984036254
1054,4318195591804	1931,6260730580589	2790,878789123288	
1054,1404388822195	1931,5672568545301	2790,878015362369	
1054,101194277539	1931,3896077111103	2790,878015362369	
1054,101194277539	1931,3174791883316	2790,878015362369	
1054,101194277539	1931,1861341422377	2790,878015362369	
1054,101194277539	1931,0953160870154	2790,878015362369	
1053,9132831869176	1930,9899486966376	2790,878015362369	
1053,9132831869176	1930,911372537815	2790,878015362369	
1053,8729182460709	1930,8451851061254	2790,8670672730077	
1053,8729182460709	1930,7787768663236	2790,8595178634173	
1051,431087906346	1930,6961900434187	2790,8595178634173	
1051,431087906346	1930,5819968508904	2790,8595178634173	
1051,431087906346	1930,461219942825	2790,828274575351	
1051,431087906346	1930,368505351436	2790,828274575351	
1051,431087906346	1930,313951656394	2790,7708197187753	
1050,5714631724304	1930,1403402379008	2790,7225053793763	
1050,5570046391852	1930,0416216965073	2790,6965102375216	
1050,5570046391852	1929,943218301258	2790,5706514083686	
1050,5570046391852	1929,8900733138976	2790,5706514083686	
1050,5563795353473	1929,8191113121625	2790,264162092733	
1050,5563795353473	1929,7421429860428	2790,2570124162407	
1050,5563795353473	1929,6685653346694	2790,2570124162407	
1050,5563795353473	1929,5739343973703	2790,2570124162407	
1050,5471196377177	1929,4692579008893	2790,2570124162407	
1050,5471196377177	1929,4282091553468	2790,2570124162407	392,36301848208154
1050,51406006476	1929,3183425577697	2790,2570124162407	
1050,3869895919129	1929,2669478716773	2790,2570124162407	
1050,3869895919129	1929,1715885408457	2790,2570124162407	
1050,3786912502997	1929,1487641909332	2790,2570124162407	
1050,3786912502997	1929,078781628411	2790,2093345448957	
1050,2927660889457	1928,9743661383095	2790,1883210102883	
1050,2927660889457	1928,8154681217163	2790,1875955280098	
1050,2927660889457	1928,7705824778832	2790,172218489225	
1050,2927660889457	1928,697221796493	2790,172218489225	
1049,5356631881652	1928,6100700633906	2790,172218489225	
1049,5351888125197	1928,5204857550232	2790,172218489225	
1049,5351888125197	1928,418292380421	2790,172218489225	
1049,46349559105	1928,3809692566324	2790,172218489225	
1048,9869872413824	1928,3082456084628	2790,1621053239815	
1048,9869872413824	1928,2330706026662	2790,1621053239815	
1048,9410844269216	1928,131885524524	2790,1621053239815	
1048,9410844269216	1928,0836452127912	2790,150062006775	
1048,7235172201165	1927,9522399002196	2789,8993308347617	
1048,7235172201165	1927,8144135819282	2789,6009850048113	
1048,7235172201165	1927,7229814832158	2789,6009850048113	
1048,6427997656197	1927,6313907214042	2789,6009850048113	
1048,5647281558386	1927,56365310635	2789,461641111191	
1047,8211760432534	1927,4916431140584	2789,461641111191	
1047,6182250723427	1927,3495709116362	2789,444422751013	
1047,6182250723427	1927,293267310961	2789,435233092437	392,50142162777666
1047,3959766074452	1927,217819026314	2789,4249927159817	
1047,3585223537696	1927,0741617359713	2789,2019690324564	
1047,3585223537696	1927,0234901151189	2789,2019690324564	
1047,3585223537696	1926,9706680164904	2789,2019690324564	
1047,3585223537696	1926,8654765207577	2789,2019690324564	
1047,3585223537696	1926,7885890689445	2789,2019690324564	
1047,3585223537696	1926,7167321323004	2789,2019690324564	
1047,3323357387887	1926,657086994891	2789,2019690324564	
1047,2957913787332	1926,5807503190545	2789,2019690324564	
1047,2950284282663	1926,432885838761	2788,6728064099875	
1047,2950284282663	1926,3491070093448	2788,6294930783015	
1047,2950284282663	1926,2036427011883	2788,6294930783015	
1047,2950284282663	1926,1533055457799	2788,6294930783015	
1047,2950284282663	1925,9571858766603	2788,6294930783015	
1047,2852236298543	1925,8745320206517	2788,5036835793335	
1047,2852236298543	1925,807728739389	2788,465164762982	
1047,2852236298543	1925,6709591957178	2788,465164762982	
1047,2852236298543	1925,5640234844457	2788,465164762982	
1047,2852236298543	1925,5171695313704	2788,465164762982	
1047,2852236298543	1925,4435391537509	2788,465164762982	
1047,2852236298543	1925,4038164524204	2788,465164762982	
1047,2852236298543	1925,2710395711445	2788,465164762982	
1047,2852236298543	1925,2040337644514	2788,465164762982	
1047,2852236298543	1925,1135554130942	2788,465164762982	
1047,2852236298543	1924,9950352743574	2788,465164762982	391,9665463535524
1047,2852236298543	1924,9296345957423	2788,1996330947277	
1047,2852236298543	1924,8676539650116	2788,1996330947277	
1047,2852236298543	1924,772402473037	2788,1773318294004	
1047,2852236298543	1924,7147699496027	2788,1773318294004	
1047,2852236298543	1924,6407726586538	2788,1445537123423	
1047,2852236298543	1924,5657913919383	2788,1445537123423	
1047,2852236298543	1924,445135423582	2787,8095085970754	
1047,2852236298543	1924,3886976112342	2787,8095085970754	
1047,2852236298543	1924,2954675463238	2787,8095085970754	
1047,2852236298543	1924,1626258122178	2787,5443745272078	
1047,2852236298543	1924,1099342129164	2787,5443745272078	
1047,2852236298543	1924,055686926985	2787,5443745272078	
1047,2852236298543	1923,9351465046486	2787,5443745272078	
1047,2852236298543	1923,7882304483019	2787,5443745272078	
1047,0056486402552	1923,7369423884813	2787,5443745272078	
1047,0056486402552	1923,6742013188552	2787,176313250245	
1046,9967062273236	1923,5851035804167	2787,176313250245	
1046,8442227810845	1923,4775883748412	2787,176313250245	
1046,8442227810845	1923,4160055862237	2787,152416812433	
1046,6560555309275	1923,3391746143066	2787,083799372611	
1046,6560555309275	1923,331491143631	2787,083799372611	
1046,4983570813988	1923,244488901197	2787,041755971988	
1046,497571348886	1923,1944137404246	2787,041755971988	
1046,497571348886	1923,1337054357066	2787,025736846774	
1046,497571348886	1923,0288218146254	2786,5230007145915	391,59691310284535
1046,497571348886	1922,9858929093648	2786,5098476773	
1046,497571348886	1922,9333633097172	2786,4883164466505	
1046,497571348886	1922,8905797362836	2786,4883164466505	
1046,497571348886	1922,8470805238446	2786,4883164466505	
1046,4906040096514	1922,7877609383038	2786,4883164466505	
1046,4906040096514	1922,7193027777914	2786,465820845562	
1046,4906040096514	1922,6555437125778	2786,465820845562	
1046,4906040096514	1922,5597799122456	2786,465820845562	
1046,4906040096514	1922,528691932012	2786,2257780718955	
1046,4906040096514	1922,508013850866	2786,2257780718955	
1046,3841152173738	1922,4838441899972	2786,2257780718955	
1045,9993742099434	1922,4371166928356	2785,5059827677046	
1045,9993742099434	1922,4016584457715	2785,4745032116016	
1045,3998258099598	1922,3548901485133	2785,4745032116016	
1045,3998258099598	1922,3044352362372	2785,4745032116016	
1045,3998258099598	1922,184585747788	2785,4745032116016	
1045,3998258099598	1922,1185757562191	2785,4745032116016	
1045,3998258099598	1921,9958556324727	2785,4745032116016	
1045,3998258099598	1921,9640378087518	2785,4443740816823	
1045,013389373555	1921,9099772984146	2785,4443740816823	
1045,013389373555	1921,8526168562648	2785,4437092688936	
1045,013389373555	1921,8304049291735	2785,4437092688936	
1045,013389373555	1921,806159344223	2785,4437092688936	
1045,013389373555	1921,7520249682693	2785,4437092688936	
1045,013389373555	1921,7250284289487	2785,320694073313	391,65442883625013
1045,013389373555	1921,6941567040556	2785,320694073313	
1044,8028005581373	1921,6180077283882	2785,320694073313	
1044,8028005581373	1921,5577420275567	2785,320694073313	
1044,8028005581373	1921,5122466488524	2785,320694073313	
1044,8028005581373	1921,4519644657576	2785,2005258528393	
1044,7448596580803	1921,4304236888765	2785,2005258528393	
1044,7411956843762	1921,3507829001867	2785,2005258528393	
1044,7411956843762	1921,2948657078953	2785,2005258528393	
1044,7411956843762	1921,241861978609	2784,6561271443	
1044,5996676951238	1921,2022376336463	2784,6163516500587	
1044,5791850956928	1921,1573157094517	2784,608256268609	
1043,1981203879895	1921,092690104394	2784,608256268609	
1042,8088756034813	1921,0746617021482	2784,608256268609	
1042,2712385181078	1920,946511284834	2784,608256268609	
1042,2712385181078	1920,8585896890154	2784,608256268609	
1042,1729558717382	1920,7780888237803	2784,608256268609	
1042,1729558717382	1920,7637194652668	2784,559791217315	
1042,1729558717382	1920,6946220537168	2784,559791217315	
1042,1729558717382	1920,6290208463627	2784,559791217315	
1042,1729558717382	1920,563188286526	2784,347140242051	
1042,1729558717382	1920,4714752218608	2784,271284616408	
1042,1729558717382	1920,3721458109335	2784,271284616408	
1042,1729558717382	1920,3419417250652	2784,271284616408	
1042,1729558717382	1920,2260112118204	2783,502230448951	
1042,1729558717382	1920,1507760462991	2783,1365795736624	391,70498154363816
1042,1729558717382	1920,1125808370955	2783,1365795736624	
1042,1729558717382	1920,088291704521	2783,076334464424	
1042,1729558717382	1920,0516149530417	2783,076334464424	
1042,1729558717382	1919,9602858816434	2783,076334464424	
1042,0032496979907	1919,94003150972	2783,076334464424	
1042,0032496979907	1919,8976718138424	2783,076334464424	
1042,0032496979907	1919,8244753384697	2783,076334464424	
1042,0032496979907	1919,7366416741438	2783,0736531086204	
1042,0032496979907	1919,6651923056104	2783,0736531086204	
1041,8892758020954	1919,640032190074	2783,062686765887	
1041,8892758020954	1919,561239274858	2783,060120650033	
1041,8892758020954	1919,479332503472	2782,4660791414867	
1041,8892758020954	1919,471476754556	2782,4660791414867	
1041,8892758020954	1919,4600395865302	2782,4660791414867	
1041,8707088967851	1919,4066184526773	2782,4574728934176	
1041,8707088967851	1919,3252684267281	2782,4574728934176	
1041,8707088967851	1919,2393681727679	2782,4574728934176	
1041,833617021753	1919,1943960288697	2782,4574728934176	
1041,833617021753	1919,1490306288138	2782,4574728934176	
1041,833617021753	1919,1071288523328	2782,4574728934176	
1041,833617021753	1919,0639643206866	2782,4574728934176	
1041,7930222187097	1919,0103799304475	2782,4574728934176	
1041,7828383650585	1918,9617103553683	2782,4498720610163	
1041,7828383650585	1918,9341076368798	2782,4498720610163	
1041,7828383650585	1918,878743275796	2782,4498720610163	391,69220138822044
1041,7798312926964	1918,719688456114	2782,4498720610163	
1041,7798312926964	1918,6762163545648	2782,4498720610163	
1041,7798312926964	1918,6077200126551	2782,250981623156	
1041,7299429542786	1918,463640228924	2782,250981623156	
1041,6074669120694	1918,3971846912048	2782,250981623156	
1041,6074669120694	1918,3472027048335	2782,1392221737533	
1041,6074669120694	1918,3148195208314	2782,1392221737533	
1041,037085042541	1918,2770842151772	2782,1392221737533	
1041,0276728753106	1918,1973391804295	2782,1392221737533	
1041,0276728753106	1918,1257401606847	2780,411539827249	
1040,0984509530845	1918,0303607327753	2780,1191238139204	
1040,0984509530845	1917,9863540589022	2780,1191238139204	
1040,0984509530845	1917,933398102966	2780,1191238139204	
1039,320997774556	1917,860774180971	2779,952685751356	
1039,320997774556	1917,8098733770228	2779,9096472725905	
1039,320997774556	1917,7637321457958	2779,9031732619815	
1039,3042704622274	1917,7237866039202	2779,889088837409	
1039,3042704622274	1917,662571657717	2779,889088837409	
1039,3017606089413	1917,632152301042	2779,775341480477	
1039,3017606089413	1917,5880786141527	2779,775341480477	
1039,2987895360382	1917,511427954789	2779,775341480477	
1039,2987895360382	1917,485688935577	2779,6170399064345	
1039,2987895360382	1917,4037508025035	2779,6170399064345	
1039,2987895360382	1917,3701255250066	2779,6170399064345	
1039,1488112890534	1917,3304338134333	2779,6170399064345	391,6534411139827
1038,926365598051	1917,3077522460069	2779,6170399064345	
1038,926365598051	1917,2792812899997	2779,6170399064345	
1038,926365598051	1917,2560805090939	2779,4456635758042	
1038,926365598051	1917,2137714318721	2779,4456635758042	
1038,926365598051	1917,1778341080758	2779,4433979155674	
1038,926365598051	1917,1498606209393	2779,4258950916415	
1038,926365598051	1917,0353756116979	2779,4258950916415	
1038,6756267120552	1916,9569335558315	2779,4258950916415	
1038,6756267120552	1916,9108813919509	2779,4115773933904	
1038,5018312154775	1916,8242654438966	2779,3838006505703	
1038,5018312154775	1916,7957843051945	2779,3838006505703	
1038,5018312154775	1916,716076808175	2779,3838006505703	
1038,5018312154775	1916,6577493284306	2779,3838006505703	
1038,5018312154775	1916,6427987265527	2779,3838006505703	
1038,5018312154775	1916,6190780735262	2779,3838006505703	
1038,5018312154775	1916,5846796596888	2779,3838006505703	
1038,5018312154775	1916,501221205193	2779,3671996041826	
1038,5018312154775	1916,437297024725	2778,7283359837143	
1038,5018312154775	1916,4023763954415	2778,7283359837143	
1038,5018312154775	1916,3518942988478	2778,7283359837143	
1038,5018312154775	1916,2754752056926	2778,7283359837143	
1038,5018312154775	1916,203052163619	2778,7283359837143	
1038,5018312154775	1916,1628585491565	2778,7283359837143	
1038,4898065974826	1916,115918085875	2778,7283359837143	
1038,4898065974826	1916,0901380338892	2778,7283359837143	391,7868141910965
1038,4898065974826	1916,07254509026	2778,7283359837143	
1038,4898065974826	1916,0491174539045	2778,7283359837143	
1038,4898065974826	1915,9651963984184	2778,7283359837143	
1038,4627839103687	1915,8852585456473	2778,7283359837143	
1037,1160826061114	1915,8148018773206	2778,7283359837143	
1037,1132909728867	1915,7697813428395	2778,7283359837143	
1037,0351004320862	1915,7336866414853	2778,714158647486	
1037,02828297398	1915,6694711518005	2778,714158647486	
1037,02828297398	1915,6065010842735	2778,7084621021877	
1037,02828297398	1915,5346620012972	2778,180863801717	
1037,02828297398	1915,5071981888977	2778,180863801717	
1037,02828297398	1915,4870854097119	2778,180863801717	
1037,02828297398	1915,431193630807	2778,180863801717	
1037,02828297398	1915,3646444569715	2777,9774610614863	
1037,02828297398	1915,307621871588	2777,9774610614863	
1037,02828297398	1915,1883856046657	2777,4658067319338	
1036,880784757661	1915,1455641404514	2777,4658067319338	
1036,880784757661	1915,0985094789921	2777,4658067319338	
1036,8683886511121	1914,9966007635264	2777,4658067319338	
1036,8683886511121	1914,9548477928297	2777,4658067319338	
1036,8683886511121	1914,8461794083155	2777,4658067319338	
1036,8683886511121	1914,779572501783	2777,4658067319338	
1036,8683886511121	1914,7406907690756	2777,4658067319338	
1036,8683886511121	1914,6680222056957	2777,4658067319338	
1036,5884468904057	1914,590454619637	2777,4658067319338	391,39221181455787
1036,5884468904057	1914,543282667898	2777,00621223541	
1036,5884468904057	1914,4677830669423	2777,00621223541	
1036,5884468904057	1914,4254787499951	2777,00621223541	
1036,5884468904057	1914,3552282044618	2777,00621223541	
1036,33071120698	1914,3121393361216	2776,9963481433538	
1036,33071120698	1914,255656630139	2776,502479583512	
1036,2947380901608	1914,225804720837	2776,502479583512	
1036,2947380901608	1914,1965354073661	2776,502479583512	
1035,6725200128767	1914,1279700213265	2776,470651166642	
1035,6725200128767	1914,0982213886737	2776,470651166642	
1035,6725200128767	1914,0423878703734	2776,470651166642	
1035,6725200128767	1913,980577993211	2776,470651166642	
1035,6725200128767	1913,901390476851	2776,344430926584	
1035,6725200128767	1913,8672757587174	2776,2611163184547	
1035,6645480504076	1913,8567197159991	2776,2332468749937	
1035,6645480504076	1913,8505847607637	2776,2332468749937	
1035,6645480504076	1913,786108440228	2776,2332468749937	
1035,6582161807405	1913,7660889231308	2776,2332468749937	
1035,6582161807405	1913,7524736421867	2776,2332468749937	
1035,6582161807405	1913,6488340672797	2775,2031505917303	
1035,6582161807405	1913,579738883286	2775,2031505917303	
1035,6582161807405	1913,492345785017	2775,091556938635	
1035,6582161807405	1913,4511861273368	2775,091556938635	
1035,647304141538	1913,395804174207	2775,091556938635	
1035,647304141538	1913,342012142426	2774,6758325245214	391,27613634171155
1035,42651300813	1913,299307962212	2774,6758325245214	
1035,42651300813	1913,2156820344535	2774,543038452025	
1035,42651300813	1913,1618366869964	2774,543038452025	
1035,42651300813	1913,142816442654	2774,543038452025	
1035,361645825678	1913,0732194651785	2774,3829986512383	
1035,361645825678	1913,0190918596545	2774,352819286181	
1035,224667880842	1912,9741708118775	2774,352819286181	
1035,224667880842	1912,887924640223	2774,3204520760423	
1035,224667880842	1912,8459661068039	2774,3204520760423	
1035,224667880842	1912,7830745431481	2773,7877782370224	
1035,224667880842	1912,7408992189655	2773,7877782370224	
1035,224667880842	1912,7053647040345	2773,784999368424	
1035,224667880842	1912,6763266075095	2773,784999368424	
1035,224667880842	1912,5976149938035	2773,6713908586994	
1035,224667880842	1912,564411839508	2773,6713908586994	
1035,224667880842	1912,5463682763716	2773,6713908586994	
1035,2246359722326	1912,5232048067514	2773,400020697979	
1035,0496367716848	1912,4909043397035	2773,2237721467727	
1035,0496367716848	1912,4440205482397	2773,2237721467727	
1035,0496367716848	1912,3568153952617	2773,2237721467727	
1035,0496367716848	1912,3325188597964	2773,2237721467727	
1035,0496367716848	1912,2780621669278	2773,2237721467727	
1034,7552603809881	1912,232776430474	2773,2237721467727	
1034,7552603809881	1912,1730974150921	2773,2230906378636	
1034,598784540239	1912,126574164463	2773,2230906378636	391,0012228844259
1034,598784540239	1912,086446336137	2773,2230906378636	
1034,598784540239	1912,0366839641615	2773,2230906378636	
1034,598784540239	1912,0009830370793	2773,2230906378636	
1034,598784540239	1911,9884654763828	2773,2230906378636	
1034,598784540239	1911,9110783387878	2773,2230906378636	
1034,598784540239	1911,8648804635657	2773,2230906378636	
1034,598784540239	1911,7585392333099	2773,2230906378636	
1034,598784540239	1911,7438819065108	2773,2230906378636	
1034,217421850773	1911,657272454706	2773,2230906378636	
1034,217421850773	1911,5092724327822	2773,207353882928	
1034,217421850773	1911,4655397447973	2773,20346314985	
1034,217421850773	1911,4470043843248	2773,20346314985	
1034,217421850773	1911,4038463649658	2773,20346314985	
1034,217421850773	1911,383871903715	2773,20346314985	
1034,217421850773	1911,3791748658887	2773,20346314985	
1034,217421850773	1911,370453486602	2773,20346314985	
1034,217421850773	1911,340556483639	2773,20346314985	
1034,217421850773	1911,3066990780635	2773,20346314985	
1034,217421850773	1911,2616010686043	2773,20346314985	
1034,217421850773	1911,2396737082975	2773,196946377054	
1034,217421850773	1911,1366617281446	2773,196946377054	
1034,217421850773	1911,1153655536834	2773,196946377054	
1034,217421850773	1911,0957040457247	2773,196946377054	
1034,217421850773	1910,9952356566384	2773,195263566427	
1034,217421850773	1910,9096934150052	2773,195263566427	390,906160141707
1034,217421850773	1910,8685963340222	2773,113273720003	
1034,217421850773	1910,8327671997672	2773,109268109511	
1034,217421850773	1910,7786195016272	2773,039264666686	
1034,217421850773	1910,6954920912658	2773,039264666686	
1034,217421850773	1910,6222194013753	2773,039264666686	
1034,217421850773	1910,569912669387	2772,8545325539308	
1034,217421850773	1910,5392350682432	2772,8267985603966	
1034,217421850773	1910,4944912785854	2772,67930384395	
1034,217421850773	1910,4767334910146	2772,67930384395	
1034,217421850773	1910,3831983883033	2772,67930384395	
1034,217421850773	1910,3607715084058	2772,67930384395	
1034,217421850773	1910,292731161327	2772,67930384395	
1034,217421850773	1910,2467734376187	2772,67930384395	
1034,119518785007	1910,141902874234	2772,6664825139455	
1034,119518785007	1910,072186275704	2772,6664825139455	
1034,119518785007	1910,052508612199	2772,6664825139455	
1034,119518785007	1909,9819256535773	2772,6664825139455	
1033,5588204604867	1909,9171924965447	2772,6664825139455	
1033,5588204604867	1909,8868661794343	2772,6664825139455	
1033,5588204604867	1909,8685928794582	2772,6664825139455	
1033,539382088907	1909,7837646375642	2772,6664825139455	
1033,539382088907	1909,7797067078948	2772,6664825139455	
1033,539382088907	1909,7383347854504	2772,49270003058	
1033,539382088907	1909,6672467368815	2772,49270003058	
